172 398
1
1
1
1
1
1
1
1
1
1
1
1
1
1
1
1
1
1
1
1
1
1
1
1
1
1
1
1
1
1
1
1
1
1
1
1
1
1
1
1
1
1
1
1
1
1
1
1
1
1
1
1
1
1
1
1
1
1
1
1
1
1
1
1
1
1
1
1
1
1
1
1
1
1
1
1
1
1
1
1
1
1
1
1
1
1
1
1
1
1
1
1
1
1
1
1
1
1
1
1
1
1
2
1
1
1
1
1
1
1
1
1
1
1
1
1
1
1
1
1
1
1
1
1
1
1
1
1
1
1
1
1
1
1
1
1
1
1
1
1
1
1
1
1
1
1
1
1
1
1
1
1
1
1
1
1
1
1
1
2
1
1
1
1
1
1
1
1
1
1
1
4
0 1 2
0 2 4
1 2 2
1 3 3
1 4 5
2 5 2
2 6 4
3 4 2
3 4 2
3 7 3
4 7 5
5 8 2
5 9 5
5 6 2
6 11 2
6 10 3
7 12 2
7 13 4
8 9 3
8 14 5
8 15 2
9 16 5
9 15 2
10 11 5
10 17 3
10 18 2
10 19 5
11 20 2
11 21 2
11 22 4
12 13 2
12 13 2
12 14 2
13 14 4
14 15 3
15 16 3
16 24 5
16 23 3
17 26 2
17 25 3
17 19 2
17 18 5
18 27 2
18 26 3
18 19 1
18 19 7
19 27 3
19 26 2
20 21 4
20 22 6
20 28 2
20 29 2
20 31 3
21 32 2
21 33 4
21 22 2
23 24 2
23 34 6
23 30 4
24 35 3
24 36 3
25 26 5
25 37 2
25 38 3
26 27 5
27 37 3
27 39 2
28 40 4
28 29 4
28 31 2
28 31 1
29 30 4
29 31 5
30 34 2
31 40 6
32 33 2
32 36 4
32 41 6
33 41 5
33 42 3
34 42 4
34 35 2
35 36 6
35 42 2
36 41 2
37 38 5
37 39 5
38 43 2
38 44 3
39 40 2
39 45 2
40 45 4
41 42 2
43 48 6
43 44 5
43 46 3
43 47 5
44 49 3
44 50 3
45 46 4
46 48 3
46 47 2
47 48 1
47 48 2
47 51 2
48 51 4
49 50 6
49 52 2
49 53 4
50 55 4
50 54 3
50 52 2
51 56 4
51 54 2
52 53 6
52 54 5
52 55 2
53 58 2
53 57 3
54 56 2
54 55 7
55 56 1
55 58 2
55 59 4
56 58 3
56 59 5
57 58 5
57 59 3
57 60 1
57 61 5
58 59 2
59 60 4
59 61 2
60 61 6
60 61 1
60 62 4
61 62 5
62 64 2
62 63 3
63 64 5
63 65 2
63 66 4
65 66 6
66 67 3
66 68 2
66 69 3
67 68 5
67 68 3
67 69 6
67 69 1
67 70 2
68 69 1
68 69 2
68 70 5
69 70 3
70 72 2
70 71 3
71 72 5
71 73 5
72 74 3
72 75 5
73 74 2
74 75 2
75 76 3
75 77 2
75 78 3
76 80 2
76 77 3
76 77 5
76 78 1
76 78 6
76 79 5
77 80 5
77 78 2
77 78 1
77 79 2
78 80 3
78 79 4
79 80 7
79 80 1
79 81 4
79 82 3
79 83 2
80 81 3
80 82 2
80 83 3
81 82 1
81 83 6
81 83 1
81 84 3
81 85 2
81 86 5
82 83 5
82 84 5
82 85 1
83 84 4
83 85 3
83 86 6
84 85 1
84 85 6
84 86 2
85 86 3
86 87 1
86 88 4
87 88 5
87 89 4
89 90 2
89 91 5
90 91 3
90 92 5
91 93 4
91 94 2
92 96 2
92 95 3
93 96 3
93 97 2
93 98 5
93 94 6
94 99 3
94 100 5
95 96 5
95 101 2
95 102 2
95 102 4
96 97 5
96 98 2
97 98 7
97 98 2
97 99 3
98 99 5
99 100 2
100 104 2
100 103 4
101 105 4
101 106 3
101 103 2
101 102 4
101 102 6
102 102 2
103 104 6
103 105 2
103 106 5
104 107 3
104 108 5
105 106 7
105 107 3
105 109 2
105 110 3
106 109 1
106 110 3
106 111 3
107 108 2
107 109 5
107 110 6
108 112 4
108 113 5
109 110 1
109 110 2
109 111 4
110 111 6
111 114 2
111 115 4
112 116 4
112 113 1
113 114 4
113 116 1
113 117 6
114 115 6
114 116 3
114 117 2
115 119 4
115 118 2
116 117 5
117 118 2
117 120 2
117 121 3
117 122 4
118 119 6
118 120 4
118 121 5
118 122 2
119 123 3
119 124 2
120 121 2
120 121 1
120 122 6
120 125 4
120 126 5
121 122 7
121 125 2
121 126 3
122 124 2
122 125 1
122 126 3
123 128 2
123 127 3
123 124 5
124 125 3
124 126 5
125 126 1
125 126 2
127 129 3
127 130 2
127 131 3
127 128 5
128 132 3
128 133 5
128 134 2
129 130 5
129 130 3
129 131 6
129 131 1
129 135 2
130 131 1
130 131 2
130 135 5
131 135 3
132 136 6
132 133 2
132 134 5
133 137 3
133 134 7
133 134 2
134 137 5
135 138 2
135 139 4
136 137 2
136 140 3
137 140 5
138 139 2
138 141 6
139 144 5
139 143 2
139 142 3
140 145 2
141 142 3
141 143 3
142 144 2
142 143 6
142 143 1
143 144 3
144 146 4
145 147 4
145 148 3
145 149 6
146 150 3
146 151 2
147 152 2
147 148 1
147 148 6
147 149 2
147 153 3
148 152 4
148 149 3
148 153 3
149 154 4
150 155 2
150 156 4
150 151 5
152 153 7
152 153 1
152 157 3
152 158 5
153 157 4
153 158 2
154 160 3
154 159 2
154 159 4
155 156 6
156 161 2
156 162 4
157 162 4
157 163 6
157 158 2
158 163 2
158 164 4
159 160 5
159 160 1
159 159 6
160 167 4
160 165 2
160 166 3
161 164 2
161 162 6
162 163 2
163 164 2
165 168 2
165 166 3
165 166 5
165 167 1
165 167 6
166 168 5
166 167 2
166 167 1
167 168 3
168 169 5
169 170 4
170 171 8
