51 104
1
1
1
1
1
1
1
1
1
1
1
1
1
1
1
1
1
1
1
1
1
1
1
1
1
1
1
1
1
1
1
1
1
1
1
1
1
1
1
1
1
1
1
1
1
1
1
1
1
1
4
0 1 2
0 3 4
1 2 5
1 3 2
3 4 5
4 5 3
4 6 2
5 8 4
5 6 5
5 7 2
6 9 3
6 10 2
7 8 6
7 10 3
7 11 2
8 11 2
8 12 2
9 10 5
9 13 3
9 14 5
10 11 5
11 12 4
12 16 2
12 15 4
13 18 5
13 14 2
13 17 3
14 19 3
14 20 2
15 16 6
15 21 3
15 22 2
16 23 4
16 22 2
17 24 3
17 25 5
17 26 6
17 18 2
18 27 2
18 19 2
19 27 4
19 20 5
21 28 3
21 29 2
21 22 5
22 23 2
23 30 5
23 29 3
24 26 3
24 31 4
24 25 2
25 26 1
25 26 2
25 27 5
26 27 3
28 32 3
28 33 3
28 29 5
29 30 2
30 32 3
30 34 5
31 35 2
31 36 4
32 33 6
32 34 2
33 34 2
33 37 2
34 37 4
35 40 6
35 39 5
35 36 2
35 38 3
36 40 3
36 39 5
37 50 8
38 39 2
38 40 3
38 41 3
38 42 4
38 43 6
39 40 2
39 40 1
41 42 2
41 42 1
41 43 3
41 43 3
41 44 2
42 43 1
42 43 2
42 44 4
43 44 5
44 45 2
44 46 3
44 47 5
45 48 3
45 46 6
45 46 1
45 47 5
45 47 3
46 48 3
46 47 1
46 47 2
47 48 2
48 49 4
