65 80
0 15 1
0 20 1
0 17 1
1 57 3
1 24 1
2 9 1
2 30 3
3 20 3
4 18 1
4 58 1
4 42 1
5 51 1
5 48 1
5 45 1
6 61 3
6 8 1
7 32 3
7 15 1
7 21 3
8 23 1
9 46 1
10 35 1
10 39 1
10 39 1
11 25 3
11 13 1
12 62 3
12 29 1
12 14 3
13 53 1
14 48 3
14 54 1
16 47 1
16 17 3
18 51 3
18 52 3
18 60 3
19 43 1
19 38 1
19 55 1
21 32 1
22 45 3
22 54 3
22 63 1
23 61 3
24 57 3
24 56 3
24 64 3
25 37 1
26 28 1
26 43 1
27 47 1
27 31 3
28 44 1
28 55 1
29 54 3
30 34 1
30 49 3
31 33 1
33 35 3
34 49 3
35 36 4
37 59 1
37 41 1
38 56 1
39 47 1
40 57 1
40 44 1
40 42 1
41 50 1
43 64 1
45 63 3
46 49 3
48 54 3
49 53 1
50 59 1
50 62 1
51 58 3
52 60 1
59 61 1
