65 79
0 12 3
0 39 1
0 3 3
1 29 3
1 16 1
2 12 1
2 39 3
2 46 3
3 39 3
3 38 3
4 28 1
4 45 1
5 14 1
5 21 3
6 13 1
6 24 1
6 35 1
7 15 1
7 36 1
8 62 1
8 59 1
9 60 1
9 11 1
10 48 4
11 28 3
13 58 3
14 16 1
15 40 1
15 26 1
17 61 1
17 38 1
18 33 1
18 41 3
18 31 3
18 52 3
19 25 3
19 48 3
19 42 1
20 33 1
20 44 3
20 31 3
21 29 1
21 61 3
22 58 1
22 34 3
22 47 3
23 44 1
23 41 1
23 31 1
24 27 2
25 48 1
26 50 1
27 58 3
27 40 3
28 60 3
28 34 3
30 56 3
30 57 1
32 46 1
32 53 1
34 47 1
35 50 3
36 51 3
36 37 3
37 43 1
42 55 1
42 52 1
43 51 1
45 47 3
47 58 3
49 62 3
51 54 3
51 63 3
53 59 3
54 63 1
55 56 3
55 64 3
56 57 3
56 64 1
