64 78
0 18 1
0 59 1
1 5 1
1 25 1
2 11 1
2 34 1
3 12 3
3 43 1
4 52 3
5 22 1
5 19 3
5 38 1
6 36 3
6 58 1
6 32 4
6 45 3
7 45 3
7 17 1
8 54 3
8 25 1
9 31 3
9 12 1
10 30 1
10 62 1
10 47 1
11 56 1
11 42 1
12 44 3
12 31 3
13 35 1
13 19 1
14 35 1
14 34 1
15 36 1
15 20 1
16 37 3
16 18 1
17 42 1
18 33 1
20 28 3
20 24 3
20 61 3
21 63 1
21 58 3
22 26 2
22 26 1
23 28 3
23 34 1
24 45 1
25 41 1
25 27 3
27 35 1
28 61 1
29 58 1
29 42 1
30 38 1
31 50 3
31 60 1
33 37 3
37 60 1
39 40 3
39 57 1
39 51 3
39 47 3
40 51 1
41 54 3
43 44 1
43 50 1
46 58 1
46 48 3
48 49 1
49 63 3
52 62 1
53 59 2
53 59 1
54 55 1
55 57 3
56 61 3
