65 79
0 13 3
0 1 1
1 63 1
1 6 1
2 33 1
2 52 3
3 62 3
3 50 1
3 11 3
4 17 3
4 54 1
5 51 3
5 9 3
5 29 3
5 46 1
5 43 3
6 13 3
7 18 1
7 46 3
8 18 1
8 46 3
9 36 1
10 49 1
10 54 1
11 32 1
11 50 3
12 17 1
12 14 1
13 31 1
14 22 1
15 39 1
15 37 1
16 25 1
16 26 3
18 41 1
19 53 1
19 31 1
19 52 1
20 23 3
20 59 1
21 23 1
21 42 3
22 62 3
23 42 3
24 37 1
24 28 1
24 64 1
25 47 1
25 35 4
25 59 1
26 38 1
26 57 3
26 60 3
27 53 3
27 61 1
28 41 1
28 64 1
29 30 1
30 36 1
30 43 1
32 62 1
33 48 1
33 61 1
34 58 3
34 45 1
34 55 3
36 51 1
38 58 3
39 63 3
40 49 1
40 45 3
42 56 1
44 58 1
44 55 1
47 57 1
47 60 1
48 52 3
49 54 1
56 59 1
