71 83
0 18 3
0 57 1
1 42 3
1 20 1
1 24 3
2 56 1
2 69 1
3 6 1
3 63 1
4 17 3
4 70 1
5 22 3
5 15 1
6 55 3
6 21 3
7 31 3
7 68 1
8 25 1
8 26 3
9 16 3
9 19 1
10 30 3
10 28 3
10 44 1
10 67 3
11 53 1
11 44 3
12 49 1
12 43 3
13 25 1
13 42 1
13 46 1
14 36 1
14 39 3
15 29 1
16 65 3
17 49 1
17 43 3
18 32 1
19 65 1
19 50 1
20 24 3
21 54 3
21 66 1
22 53 1
22 44 3
23 48 3
23 69 1
25 38 4
26 62 3
26 37 1
27 37 1
27 58 3
28 30 1
29 67 3
29 70 3
32 33 3
32 48 3
33 34 1
34 48 1
35 56 1
35 63 3
36 59 1
36 61 1
39 52 1
39 59 3
39 64 3
39 61 3
39 47 3
40 45 1
40 60 3
41 51 1
41 58 3
45 46 3
46 57 3
47 55 1
50 68 3
51 58 3
52 54 1
53 67 1
54 64 3
60 62 1
63 66 3
