52 65
0 16 3
0 15 1
1 24 1
1 14 1
1 6 1
2 46 1
2 18 1
3 15 3
3 27 1
4 38 3
4 39 1
5 24 3
5 32 1
5 51 3
6 51 1
7 25 1
7 23 1
7 11 1
8 32 1
8 51 3
9 32 1
9 22 1
10 16 1
10 44 1
10 11 1
12 23 1
12 33 3
13 43 1
13 35 1
13 49 1
14 37 3
15 16 3
16 17 1
16 29 1
17 33 3
18 46 1
19 43 1
19 46 3
20 42 2
20 42 1
20 26 1
21 28 4
22 40 1
22 41 1
25 33 3
26 35 1
26 50 1
27 44 1
27 40 1
28 47 1
28 47 1
29 33 3
30 31 3
30 36 1
30 50 3
31 45 1
33 38 1
34 43 1
34 48 3
36 50 3
37 45 1
38 39 3
41 51 3
46 48 1
47 49 1
