64 79
0 7 1
0 44 1
1 16 3
1 21 3
1 38 1
1 39 3
2 44 1
2 22 3
3 11 1
3 30 3
4 36 3
4 54 1
5 28 1
5 26 3
5 23 3
6 8 1
6 24 3
7 7 2
7 51 1
7 63 3
7 53 3
8 56 1
8 42 1
9 52 3
9 62 1
10 63 3
11 28 1
11 49 1
12 24 1
12 46 3
13 60 3
13 17 3
14 49 3
14 59 1
14 29 3
15 48 3
15 25 3
15 34 1
16 61 1
17 60 1
18 19 1
18 50 3
19 37 4
19 50 3
20 57 3
20 40 3
20 31 1
21 61 3
21 34 1
22 52 3
22 35 1
23 26 1
24 46 3
25 45 1
27 58 1
27 39 3
29 42 1
30 41 1
31 58 1
32 42 1
32 33 3
33 41 1
33 59 3
34 47 1
35 36 1
35 62 1
36 54 3
38 43 1
38 55 1
39 55 3
39 47 1
40 57 1
41 50 1
43 58 1
44 52 1
45 51 1
46 56 1
48 51 1
53 63 1
