55 70
0 5 1
0 54 3
1 7 1
1 17 1
1 36 1
2 51 1
2 9 3
2 35 1
2 50 1
3 39 3
3 50 1
4 23 1
4 9 3
5 17 1
6 37 3
6 26 3
6 47 3
6 20 3
6 8 1
7 36 1
8 31 1
9 16 1
10 10 2
10 12 1
11 48 1
11 30 1
11 24 1
12 41 1
12 32 1
13 31 1
13 13 2
14 15 1
14 32 3
15 52 1
16 42 1
16 29 1
17 49 1
18 23 1
18 35 1
19 29 1
19 46 3
20 33 1
21 51 1
21 39 3
22 44 3
22 40 3
23 35 1
24 49 3
25 41 1
25 44 1
25 40 1
26 43 1
27 38 4
28 53 1
28 29 3
29 39 1
30 30 2
31 54 1
32 46 3
33 43 1
33 45 1
34 44 3
37 45 1
38 51 1
38 53 1
39 46 3
42 46 3
43 47 1
46 52 1
48 49 3
