57 68
0 24 3
0 3 1
1 44 1
1 37 3
2 54 3
2 49 1
3 20 1
4 18 3
4 11 1
5 19 3
5 33 1
6 28 1
6 11 1
7 47 1
7 53 3
7 46 3
8 43 1
8 19 3
9 18 1
9 56 3
10 34 1
10 19 3
10 14 1
10 33 1
12 39 1
12 16 3
12 56 3
13 36 1
13 15 3
14 35 3
15 36 3
15 17 3
16 38 1
17 32 1
19 34 3
19 41 1
20 30 3
20 24 3
21 34 4
22 53 3
22 41 1
22 49 3
23 53 1
23 46 2
23 52 1
24 52 3
25 43 1
25 33 1
26 40 1
26 51 1
27 35 1
27 54 1
28 50 3
28 48 3
29 40 3
29 45 1
29 51 3
30 42 1
31 42 1
31 55 3
32 50 3
37 39 1
37 56 3
38 56 1
40 45 3
41 47 1
44 55 1
48 50 1
