57 73
0 52 3
0 49 1
0 14 3
1 5 3
1 26 1
2 17 1
2 40 1
2 55 1
3 45 3
3 11 1
3 13 1
3 28 3
3 4 1
4 5 3
4 19 3
5 19 1
5 26 3
6 38 3
6 27 1
7 43 3
7 8 1
8 36 1
8 21 1
9 50 1
9 30 3
9 47 3
10 35 1
10 25 1
10 54 1
11 18 1
11 44 1
12 31 3
12 16 3
13 19 3
14 29 1
15 46 3
15 33 1
16 41 3
16 22 1
16 20 3
17 54 1
18 29 1
19 23 3
20 35 1
21 43 3
21 53 3
22 24 3
22 51 3
23 52 3
23 49 1
24 46 1
24 33 3
24 32 4
25 51 1
27 42 1
27 39 1
28 45 1
29 42 1
30 40 1
31 56 3
33 46 3
34 50 1
34 43 1
35 56 1
36 38 1
37 39 1
37 38 3
41 54 1
44 52 1
47 48 1
48 55 1
48 55 1
50 53 1
