1582
4 1529 1528 115 1 @ 1131 463
7 1539 591 116 115 1529 592 665 @ 1131 462
3 3 1406 540 @ 1053 442
5 1385 540 1055 541 1406 @ 1054 441
6 1113 256 123 1519 1521 392 @ 917 300
4 6 287 469 470 @ 1229 506
6 1014 1180 287 470 388 1539 @ 1229 505
9 1083 1114 1508 712 653 8 197 460 837 @ 922 264
4 165 1509 653 1508 @ 922 263
4 1200 10 246 1399 @ 608 90
5 967 969 1200 246 247 @ 608 89
4 1017 900 12 13 @ 773 404
4 900 918 706 13 @ 773 403
5 545 721 1017 918 722 @ 774 403
6 758 1523 15 759 56 990 @ 481 414
4 1523 179 56 58 @ 482 413
7 300 1382 17 18 908 1009 1010 @ 964 113
5 501 1382 18 394 142 @ 964 112
4 945 300 501 183 @ 965 111
6 414 20 21 241 242 896 @ 899 327
3 530 896 21 @ 899 326
5 530 1131 414 256 413 @ 900 325
4 598 23 1152 504 @ 50 426
9 447 1152 597 598 42 525 703 704 1437 @ 51 426
13 1440 1238 482 357 115 550 1406 25 26 1564 45 46 540 @ 798 508
9 429 613 1433 26 1336 1406 542 547 800 @ 799 507
3 1564 1565 800 @ 799 506
6 1065 1325 28 29 1107 869 @ 657 221
2 1065 29 @ 658 221
9 1065 1325 384 519 829 752 350 31 754 @ 658 220
8 48 50 1065 763 1226 868 31 869 @ 672 229
4 1065 382 384 1226 @ 672 228
7 1061 33 34 723 724 1187 247 @ 619 71
4 101 34 100 1187 @ 620 70
5 1272 101 724 195 196 @ 620 69
5 1258 1023 552 1257 36 @ 841 290
3 1023 552 553 @ 842 289
7 544 545 1197 1518 991 332 333 @ 804 403
5 668 1393 1293 1099 39 @ 537 415
6 1100 953 1099 1093 1393 1395 @ 537 414
3 357 41 482 @ 759 482
3 611 357 482 @ 759 481
7 1300 874 876 597 525 526 1299 @ 84 431
4 1221 44 783 1551 @ 642 143
3 1221 783 784 @ 642 142
3 1439 46 1238 @ 725 544
2 1440 1439 @ 725 543
6 115 1384 1385 664 665 540 @ 1093 453
10 1324 49 50 341 763 765 1004 833 835 1534 @ 648 231
3 1106 1324 50 @ 648 230
2 868 1106 @ 649 230
5 442 496 497 348 52 @ 286 49
5 536 442 443 348 112 @ 286 48
6 719 335 54 55 62 63 @ 520 340
4 1045 55 766 63 @ 521 339
3 335 766 767 @ 521 338
3 990 57 58 @ 482 414
4 775 72 990 58 @ 483 414
3 1033 775 179 @ 483 413
6 281 1148 1257 554 60 61 @ 867 289
4 459 460 61 281 @ 868 289
6 1083 806 906 1024 554 460 @ 868 288
4 221 719 1468 63 @ 523 348
4 1045 221 831 1267 @ 524 348
6 1397 300 155 1312 883 884 @ 978 182
8 530 656 66 1514 241 242 896 264 @ 887 317
6 530 233 256 475 264 392 @ 887 316
10 255 1050 1051 68 324 366 603 715 716 756 @ 264 338
5 449 1051 699 859 860 @ 265 337
6 1447 71 70 196 1478 1477 @ 628 37
4 451 1478 71 1448 @ 628 36
2 1448 1447 @ 629 36
9 758 775 1388 1389 990 568 976 977 570 @ 482 421
7 1397 1398 266 74 1172 1378 1396 @ 997 176
6 1397 431 432 266 104 1143 @ 998 175
6 76 1378 252 1105 160 162 @ 957 217
6 772 707 708 726 1105 160 @ 957 216
8 1031 1416 560 82 562 1076 1077 230 @ 977 291
5 339 340 80 1117 79 @ 241 406
3 340 80 799 @ 242 405
5 885 1117 1166 1278 799 @ 242 404
6 396 397 808 809 1090 310 @ 947 11
5 1538 1416 560 83 84 @ 979 292
4 1110 84 1028 1538 @ 980 292
5 1110 1031 932 1416 145 @ 980 291
5 838 1313 652 1536 1513 @ 905 358
5 775 87 776 88 1033 @ 485 412
5 1033 88 89 1228 179 @ 485 411
3 89 491 776 @ 486 411
3 1073 1228 491 @ 486 410
4 1322 1323 91 92 @ 1031 188
4 899 1322 415 92 @ 1032 188
4 675 415 416 1323 @ 1032 187
6 819 1015 983 952 1262 315 @ 1172 251
11 874 875 1557 744 745 1542 1541 1556 503 1409 1484 @ 39 439
6 96 97 1097 1098 1038 816 @ 1012 148
3 97 98 816 @ 1012 147
3 1098 98 1436 @ 1013 147
3 156 1436 816 @ 1013 146
5 1188 1189 1246 978 979 @ 622 418
3 101 102 1187 @ 647 71
3 102 103 195 @ 647 70
2 103 1187 @ 648 70
5 599 195 196 1187 276 @ 648 69
6 1397 559 432 434 105 106 @ 1003 163
4 1397 815 106 155 @ 1003 162
4 559 1037 815 816 @ 1004 162
5 1533 205 423 316 317 @ 505 392
7 579 849 121 122 636 127 492 @ 156 417
9 1281 1282 1149 132 207 223 224 1342 959 @ 203 375
5 112 294 111 293 1052 @ 279 1
2 112 1052 @ 279 0
3 536 294 443 @ 280 0
4 974 114 226 1574 @ 301 462
6 1574 1575 1211 226 229 217 @ 301 461
5 664 116 1528 550 540 @ 1104 457
2 664 665 @ 1104 456
7 948 822 1306 118 727 880 410 @ 575 188
2 727 880 @ 576 186
4 120 736 1198 634 @ 819 407
6 736 737 1198 1518 992 1044 @ 819 406
4 1255 1256 127 122 @ 134 413
3 1256 1472 636 @ 134 412
7 560 256 1171 124 125 1521 769 @ 923 300
2 125 769 @ 924 299
4 572 1521 769 770 @ 924 298
6 538 176 849 989 988 127 @ 135 419
3 1255 538 849 @ 135 418
6 129 645 359 407 229 870 @ 294 431
3 407 870 1242 @ 294 430
7 1205 1415 185 257 258 605 639 @ 538 313
8 579 132 133 1118 1561 1186 1360 1548 @ 194 388
6 1282 133 223 1359 1360 1042 @ 194 387
3 223 1561 585 @ 195 387
8 187 722 1197 1016 135 136 1018 332 @ 789 407
4 722 333 545 136 @ 789 406
2 332 333 @ 790 406
9 802 803 139 138 1373 1293 1140 1142 295 @ 567 439
6 139 140 567 1293 666 667 @ 567 438
2 140 803 @ 568 438
5 980 1287 1289 567 1364 @ 568 437
4 318 319 142 1552 @ 718 154
7 1553 319 394 1382 663 508 1552 @ 719 153
5 550 193 144 194 1181 @ 1163 481
5 1539 592 1181 1182 194 @ 1163 480
4 1110 1111 932 146 @ 992 289
5 1111 932 933 1505 1112 @ 992 288
6 148 1285 1510 1512 1449 1078 @ 670 109
3 1285 1449 1450 @ 670 108
8 588 855 150 1388 1290 589 295 976 @ 439 431
3 1290 1291 589 @ 440 430
7 1414 1415 854 335 1371 767 604 @ 528 331
4 1540 154 153 1072 @ 1161 293
3 1540 154 1014 @ 1162 292
5 1014 1072 1066 1261 1015 @ 1162 291
5 1397 1001 300 156 815 @ 995 144
5 1001 1002 815 816 1436 @ 995 143
4 935 936 158 810 @ 971 21
4 809 936 810 811 @ 972 21
5 1356 903 1506 1225 1505 @ 998 272
7 772 773 1260 1479 1480 161 162 @ 966 200
4 1480 1481 162 163 @ 966 199
3 1568 1378 163 @ 967 199
4 1568 1310 1312 1481 @ 967 198
4 165 325 199 166 @ 929 265
4 166 1509 325 653 @ 929 264
10 1077 250 337 499 234 616 1509 1202 199 231 @ 930 264
13 168 169 288 1574 565 217 714 1250 1344 1345 1233 673 674 @ 302 479
5 169 170 1574 881 882 @ 302 478
3 1250 1251 170 @ 303 478
2 881 1251 @ 303 477
6 819 1335 1303 172 237 643 @ 1180 198
3 819 971 237 @ 1181 197
6 1438 447 1063 174 863 702 @ 52 407
3 447 448 1063 @ 53 407
5 176 177 1426 1427 989 @ 113 416
3 177 538 989 @ 114 415
4 1281 538 1426 704 @ 114 414
7 864 464 1544 439 866 800 801 @ 906 396
3 1523 1033 1228 @ 483 412
4 295 777 1388 181 @ 513 426
5 777 1353 1141 295 334 @ 513 425
3 1001 300 183 @ 976 121
5 945 300 946 1001 1002 @ 977 120
5 185 1334 335 605 1333 @ 527 307
3 1334 605 639 @ 527 306
5 980 612 1197 358 187 @ 761 444
6 980 705 706 1016 1197 900 @ 761 443
5 189 190 471 473 919 @ 808 270
3 1121 190 919 @ 809 270
5 1367 1121 1123 473 474 @ 809 269
5 1571 1301 528 1000 192 @ 1162 241
3 1301 528 529 @ 1163 241
3 550 551 194 @ 1179 490
4 1539 286 287 551 @ 1179 489
1 196 @ 641 55
4 1272 1447 599 1477 @ 641 54
5 616 653 198 199 837 @ 928 267
3 325 199 653 @ 928 266
2 616 325 @ 929 266
9 1456 401 403 1053 522 797 941 939 523 @ 1046 266
9 608 576 577 578 1419 1234 1214 606 1175 @ 377 416
9 203 204 1385 888 890 1055 781 665 1539 @ 1108 290
2 890 204 @ 1108 289
5 890 486 782 444 445 @ 1109 289
6 904 206 1474 1092 423 317 @ 516 374
3 904 1092 1108 @ 516 373
6 698 924 959 224 458 926 @ 214 375
6 1276 210 419 209 879 810 @ 994 47
7 218 219 887 1276 210 1080 1436 @ 995 46
3 420 1080 419 @ 995 45
8 580 1557 1387 993 212 581 1483 994 @ 23 417
5 1134 1387 1408 686 1483 @ 23 416
6 791 998 792 844 845 214 @ 757 239
3 845 436 998 @ 757 238
4 641 626 216 895 @ 1149 211
2 641 642 @ 1150 210
6 644 1574 1575 714 227 229 @ 295 452
5 963 219 950 274 1436 @ 990 74
3 963 1276 1274 @ 990 73
6 1109 221 905 1092 1467 1468 @ 522 359
3 905 832 1468 @ 523 358
4 379 1361 1362 602 @ 259 311
2 224 585 @ 201 379
2 585 458 @ 202 378
4 974 479 226 975 @ 304 466
3 479 1211 974 @ 304 465
3 228 229 644 @ 296 444
2 229 644 @ 296 443
6 660 644 645 359 661 1211 @ 297 443
5 1347 1031 1032 1077 231 @ 972 281
2 1347 337 @ 972 280
6 899 428 415 484 485 1560 @ 1049 191
5 281 848 459 475 264 @ 882 305
7 250 499 500 235 236 1153 1331 @ 935 236
3 236 1153 404 @ 935 235
1 250 @ 936 235
6 1335 238 239 971 973 1266 @ 1169 180
4 239 240 1504 1266 @ 1169 179
2 240 973 @ 1170 179
3 1504 973 886 @ 1170 178
5 412 413 414 1514 242 @ 898 328
1 896 @ 898 327
4 405 244 1190 245 @ 645 544
4 405 582 406 245 @ 645 543
4 534 535 406 1190 @ 646 543
2 247 1399 @ 609 91
5 1061 723 1399 1400 969 @ 610 91
8 1012 1096 999 957 1128 461 462 1011 @ 1135 240
7 452 453 1448 1021 1022 1040 441 @ 634 28
6 251 252 908 1202 1104 1105 @ 955 230
2 252 1202 @ 956 229
2 1105 1378 @ 956 228
6 254 255 1327 1423 1424 716 @ 248 334
9 1149 379 255 365 1342 601 602 1423 380 @ 248 333
2 716 601 @ 249 333
4 530 1131 1171 392 @ 907 311
5 1205 1206 341 342 258 @ 558 298
3 1003 342 639 @ 558 297
6 855 1244 405 260 261 734 @ 326 544
3 735 261 734 @ 326 543
6 735 588 855 1314 1315 477 @ 327 542
2 906 263 @ 912 234
1 404 @ 913 233
2 656 848 @ 881 315
7 1205 1206 854 1046 1415 796 363 @ 543 339
4 267 1143 1172 1174 @ 1009 176
5 807 1174 1143 1144 1145 @ 1009 175
4 1239 1525 269 1238 @ 1267 539
4 1239 1525 1526 1319 @ 1267 538
7 1062 1071 271 272 1187 1332 1469 @ 653 97
2 272 1469 @ 654 97
1 1187 @ 654 96
6 949 1446 1002 274 730 1436 @ 990 84
3 1436 949 950 @ 990 83
4 1452 1451 1187 276 @ 665 100
6 1187 1452 1286 599 1450 1454 @ 666 100
5 278 279 1173 1174 807 @ 1017 170
3 279 1038 807 @ 1017 169
6 1178 1097 1038 684 685 1378 @ 1018 169
4 281 1148 1463 1237 @ 864 308
4 1148 1237 848 459 @ 865 307
6 871 624 283 532 1412 1413 @ 308 419
8 966 533 593 594 681 532 742 1413 @ 309 419
7 513 982 285 381 383 437 981 @ 727 218
5 513 1351 437 1500 1253 @ 727 217
5 287 550 551 469 1129 @ 1206 499
2 1539 469 @ 1207 499
9 493 494 913 1185 849 1232 1233 673 492 @ 188 423
5 291 290 984 1579 1580 @ 221 194
4 1581 1431 291 1580 @ 222 194
4 692 1572 984 1573 @ 222 193
10 495 496 984 1516 1517 293 294 442 443 688 @ 279 42
3 688 294 1052 @ 279 41
1 443 @ 280 41
6 1388 1372 1373 855 1140 1141 @ 521 432
7 629 631 647 297 1235 1234 298 @ 397 409
5 299 1177 1420 298 1235 @ 397 408
5 299 820 709 710 647 @ 398 408
4 709 711 309 1420 @ 398 407
4 1001 1312 1010 1219 @ 967 121
7 302 303 776 777 778 1389 491 @ 496 412
3 304 303 491 @ 496 411
2 304 778 @ 497 411
5 1354 778 713 491 1533 @ 497 410
6 1130 627 306 307 1515 505 @ 898 335
4 307 308 937 1515 @ 898 334
3 505 506 308 @ 899 334
4 937 938 506 669 @ 899 333
8 608 576 1492 711 1496 1420 787 607 @ 369 403
6 395 397 808 311 1155 1040 @ 947 0
2 808 809 @ 948 0
7 788 1441 1443 1019 1003 1005 313 @ 556 242
3 1306 1019 1443 @ 556 241
7 446 718 877 970 951 1262 315 @ 1149 274
3 1262 951 952 @ 1149 273
5 1523 1524 1241 1533 317 @ 500 391
2 1092 1523 @ 501 390
5 1507 1381 1382 319 1552 @ 720 158
1 1382 @ 720 157
6 1348 1349 321 630 647 648 @ 414 424
7 1349 1357 648 649 1291 477 478 @ 415 424
4 1089 1278 323 324 @ 246 390
6 515 418 1166 564 1278 324 @ 246 389
9 1192 515 1089 366 1050 555 556 517 1069 @ 247 389
1 653 @ 928 265
7 1538 1544 327 866 542 1028 652 @ 911 373
3 1538 652 1536 @ 911 372
4 330 329 1532 610 @ 287 128
4 610 1516 331 330 @ 287 127
4 1532 331 347 1531 @ 288 127
3 1516 347 1156 @ 288 126
2 333 1197 @ 794 406
3 543 544 545 @ 795 405
5 1353 1354 1293 1141 1393 @ 513 424
7 719 336 711 767 604 605 1333 @ 520 310
5 640 1334 1496 711 1333 @ 520 309
3 338 1347 1202 @ 973 278
3 385 1347 1202 @ 974 277
5 1116 1117 799 1067 340 @ 241 407
1 799 @ 242 406
4 1206 342 765 1004 @ 559 299
2 1004 1003 @ 559 298
5 617 1262 1374 1066 970 @ 1151 285
4 1430 345 346 962 @ 1130 253
5 1430 454 346 1126 1455 @ 1130 252
4 1126 1127 461 962 @ 1131 252
6 822 1200 1305 1531 1156 348 @ 304 93
7 497 967 968 536 1200 1156 1377 @ 304 92
5 483 350 351 518 519 @ 703 209
4 519 829 351 352 @ 703 208
3 483 1363 352 @ 704 208
2 829 1363 @ 704 207
4 354 927 928 1383 @ 323 424
4 355 546 928 1383 @ 324 424
4 546 928 929 785 @ 324 423
7 546 1383 661 1211 1212 1391 927 @ 327 428
5 482 611 358 612 1564 @ 789 495
5 612 1197 634 1564 1565 @ 790 495
5 1193 660 360 367 870 @ 311 424
5 1193 1194 361 367 369 @ 312 423
6 965 1194 1475 389 369 370 @ 312 422
3 1365 363 912 @ 597 399
6 587 765 1206 796 1365 912 @ 597 398
3 1192 365 366 @ 244 348
6 1191 1192 1422 366 1342 1423 @ 244 347
3 1192 1422 756 @ 245 347
5 624 531 368 369 870 @ 310 423
4 369 531 532 370 @ 310 422
1 370 @ 311 422
4 965 532 533 966 @ 311 421
5 638 1421 1554 372 646 @ 280 299
5 1554 1555 1421 424 425 @ 280 298
5 374 500 1418 498 375 @ 916 244
4 375 376 906 1418 @ 916 243
3 500 376 1330 @ 917 243
2 1331 1330 @ 917 242
5 755 1552 1522 378 662 @ 700 132
5 394 662 663 1454 1522 @ 700 131
4 380 1421 602 1362 @ 259 304
4 1489 1149 827 1421 @ 259 303
4 1227 981 382 383 @ 693 223
4 383 384 1226 1227 @ 693 222
3 384 437 518 @ 694 222
2 518 519 @ 694 221
5 1347 386 1202 1058 1059 @ 980 272
3 1356 1202 1059 @ 981 272
4 468 1179 1129 388 @ 1254 525
6 1319 1179 1180 1526 468 1014 @ 1254 524
4 1475 391 965 390 @ 315 421
5 661 1475 391 1081 1082 @ 316 421
6 965 966 741 921 488 1082 @ 316 420
3 1113 475 476 @ 906 309
5 752 753 755 1280 1195 @ 647 165
10 963 817 395 396 1445 501 1090 663 1454 1159 @ 942 17
5 396 397 600 1040 1454 @ 942 16
2 1090 397 @ 943 16
0 @ 943 15
9 1030 609 693 399 400 1573 923 1530 1531 @ 279 144
3 400 609 610 @ 279 143
3 1530 610 1532 @ 280 142
4 1053 1054 402 403 @ 1029 268
2 1054 403 @ 1029 267
1 797 @ 1030 267
2 1331 1153 @ 924 234
4 582 1244 583 584 @ 644 544
4 802 535 582 584 @ 645 542
3 645 1242 1464 @ 293 430
3 1178 409 684 @ 1029 168
8 996 416 1504 1098 1178 684 685 1436 @ 1029 167
7 1084 1306 948 1329 1562 1563 1146 @ 579 219
5 412 413 672 1514 670 @ 898 330
2 413 1514 @ 898 329
3 1131 414 672 @ 899 329
0 @ 899 328
3 899 416 485 @ 1047 184
8 675 676 1558 485 1559 1502 1504 996 @ 1047 183
7 564 418 1169 959 925 926 960 @ 225 375
5 1368 515 564 1341 960 @ 226 374
3 420 810 811 @ 994 43
2 1080 811 @ 995 43
3 1317 422 1238 @ 1268 544
3 1239 1317 1238 @ 1268 543
6 1354 1474 1094 1533 1394 1395 @ 510 394
4 1493 425 1555 426 @ 289 291
3 1421 1489 426 @ 289 290
5 1489 1491 1493 1494 1496 @ 290 289
4 428 1560 797 798 @ 1046 200
3 798 484 1560 @ 1046 199
4 800 430 801 547 @ 907 422
5 547 613 614 850 801 @ 908 421
4 433 1143 1145 432 @ 1003 169
2 433 434 @ 1003 168
4 807 434 1036 1145 @ 1004 168
2 559 1036 @ 1004 167
3 513 982 436 @ 750 226
7 931 513 982 1367 998 845 908 @ 751 226
3 518 1499 1500 @ 723 215
6 463 774 635 439 800 1565 @ 865 416
3 463 464 800 @ 865 415
5 1273 441 451 1527 453 @ 613 12
4 1527 453 1155 1040 @ 613 11
2 496 443 @ 284 47
0 @ 284 46
4 768 446 486 445 @ 1125 277
4 446 890 682 961 @ 1125 276
2 768 961 @ 1126 276
4 1438 448 703 1437 @ 54 408
4 1063 1149 703 704 @ 54 407
6 699 450 1051 681 1492 787 @ 274 329
5 646 699 700 1209 1492 @ 274 328
6 1273 452 453 1476 1478 1448 @ 625 28
2 453 1448 @ 626 27
0 @ 626 26
3 1126 957 1455 @ 1127 249
6 697 1118 1120 1561 456 457 @ 206 388
4 1561 585 457 458 @ 206 387
2 697 458 @ 207 387
3 697 698 585 @ 207 386
3 475 460 476 @ 880 294
3 1083 476 1114 @ 880 293
4 462 1127 1128 962 @ 1137 249
6 1570 1571 983 999 952 962 @ 1138 249
3 464 774 652 @ 863 414
2 652 864 @ 864 414
5 1101 1100 467 466 953 @ 554 412
4 1101 567 1288 467 @ 555 411
7 586 1307 1288 1289 953 955 1364 @ 555 410
4 1238 1525 1526 1129 @ 1256 527
2 470 1129 @ 1234 513
2 1180 1129 @ 1234 512
6 918 919 650 472 473 1223 @ 799 267
4 650 1366 473 474 @ 799 266
1 474 @ 800 266
2 1366 1367 @ 800 265
1 476 @ 903 304
2 1113 1114 @ 904 303
6 1470 588 1348 1349 1315 478 @ 431 432
2 1470 1291 @ 432 431
10 480 1049 1086 566 678 1211 1390 975 1346 1486 @ 338 439
4 1487 1390 1391 1486 @ 338 438
4 802 535 1440 482 @ 737 510
4 802 1440 611 612 @ 738 509
4 518 1499 1294 1363 @ 704 209
3 1558 485 798 @ 1050 192
1 1558 @ 1050 191
4 487 782 768 717 @ 1130 284
2 768 717 @ 1130 283
5 921 489 490 1082 929 @ 318 419
4 743 921 1375 490 @ 318 418
5 593 595 1375 785 929 @ 319 417
3 1073 776 713 @ 492 410
4 493 494 579 849 @ 185 422
1 494 @ 186 422
3 579 1185 1186 @ 186 421
3 1517 496 497 @ 285 53
1 497 @ 285 52
2 1517 1377 @ 286 51
5 499 500 1418 1417 1509 @ 919 249
2 1509 500 @ 920 248
2 1330 1331 @ 920 247
4 945 1161 502 817 @ 972 97
5 1161 1162 1283 1284 817 @ 973 96
4 875 1557 504 1163 @ 36 434
6 1163 875 1152 1386 596 598 @ 36 433
3 506 1131 1130 @ 900 335
3 1131 938 671 @ 900 334
5 663 1553 662 508 1552 @ 711 146
2 1553 663 @ 712 146
8 511 737 774 1513 1514 1044 1316 510 @ 865 324
3 511 512 1316 @ 865 323
5 512 656 846 1514 847 @ 866 323
4 1207 846 1236 1316 @ 866 322
4 931 982 1351 1034 @ 746 224
7 981 1457 791 1222 1227 792 706 @ 759 253
4 1368 1370 516 517 @ 236 360
3 1370 1191 517 @ 236 359
2 1192 1191 @ 237 359
2 519 1499 @ 702 211
0 @ 702 210
5 681 594 521 595 785 @ 318 408
3 681 785 786 @ 318 407
5 1112 1053 1576 523 524 @ 1057 270
2 939 524 @ 1057 269
4 1576 1577 939 940 @ 1058 269
3 526 527 704 @ 84 426
4 1300 1270 1271 527 @ 85 425
4 1271 1425 1426 704 @ 85 424
4 1571 983 529 818 @ 1166 243
2 1301 818 @ 1166 242
1 896 @ 899 325
2 624 532 @ 309 422
2 624 533 @ 310 421
1 966 @ 310 420
3 1439 1190 535 @ 647 544
3 802 1439 1440 @ 647 543
4 968 1527 537 689 @ 606 0
2 689 690 @ 607 0
4 1281 1255 1282 539 @ 126 409
3 1282 1256 1255 @ 126 408
3 1384 1406 541 @ 1072 448
2 1384 1385 @ 1073 447
7 841 1433 842 613 1544 1027 1028 @ 929 423
2 544 545 @ 800 402
1 545 @ 801 402
5 918 722 1518 1006 1044 @ 801 401
5 1487 1383 1391 785 787 @ 325 424
1 613 @ 908 422
4 858 549 1459 895 @ 1132 208
2 1459 895 @ 1132 207
5 1238 1181 1129 551 1528 @ 1184 495
0 @ 1184 494
2 553 554 @ 845 288
3 1024 1023 554 @ 845 287
1 1024 @ 846 287
4 556 1067 1068 1069 @ 262 403
4 1050 1464 867 1067 @ 263 403
8 558 1365 762 763 764 1246 1247 912 @ 608 405
3 764 765 763 @ 608 404
2 1036 1037 @ 1006 163
7 1538 561 562 1170 1171 769 771 @ 964 293
5 562 563 615 712 771 @ 964 292
2 563 1076 @ 965 292
3 1076 1077 615 @ 965 291
2 1168 1169 @ 228 386
4 1345 1250 566 1346 @ 307 483
4 975 1250 1251 1346 @ 307 482
5 1101 1287 1288 1099 667 @ 565 422
3 569 570 977 @ 456 417
7 1291 794 1357 1292 570 571 977 @ 456 416
2 571 758 @ 457 416
3 758 759 794 @ 457 415
4 1521 573 574 770 @ 923 293
5 1115 1520 1521 574 575 @ 923 292
2 770 575 @ 924 292
4 1115 770 712 771 @ 924 291
6 577 578 607 1214 1215 787 @ 367 416
1 578 @ 368 415
2 607 606 @ 368 414
6 636 1358 1545 1186 1360 1041 @ 179 416
3 581 1163 1557 @ 29 427
2 993 1163 @ 29 426
1 584 @ 644 542
5 1373 1372 1244 1245 584 @ 622 533
2 802 1373 @ 623 533
1 1561 @ 202 382
4 587 1364 1307 1309 @ 555 403
4 1365 1309 796 1364 @ 555 402
3 855 589 1470 @ 435 432
2 1470 1291 @ 435 431
5 592 1182 1181 1528 591 @ 1142 470
3 592 1529 1528 @ 1142 469
2 1539 1182 @ 1143 469
4 742 594 595 1375 @ 318 412
2 681 595 @ 318 411
1 785 @ 319 410
4 597 875 876 598 @ 49 433
2 598 876 @ 50 432
0 @ 50 431
5 1447 1448 600 1138 1454 @ 644 36
5 1138 1139 1039 1040 1454 @ 644 35
2 603 602 @ 256 322
2 603 1361 @ 256 321
2 1361 859 @ 257 321
3 1414 1415 605 @ 532 320
1 1415 @ 532 319
2 608 607 @ 369 411
1 608 @ 369 410
2 1419 1420 @ 370 410
2 1573 610 @ 278 144
4 1532 984 1573 1516 @ 278 143
1 612 @ 758 471
2 980 802 @ 758 470
4 840 841 614 911 @ 909 422
2 850 911 @ 909 421
3 712 616 837 @ 929 273
1 837 @ 929 272
5 1539 1072 793 1066 1374 @ 1146 287
5 887 619 620 654 1080 @ 1197 1
2 1080 620 @ 1197 0
1 654 @ 1198 0
7 1379 1380 1411 1243 749 851 622 @ 298 416
5 749 750 851 852 623 @ 299 415
4 681 852 750 751 @ 299 414
2 871 870 @ 308 422
3 1302 1301 626 @ 1151 225
3 641 1302 895 @ 1151 224
7 838 839 1131 1515 1130 1170 1171 @ 906 340
4 629 1158 630 1234 @ 402 418
3 630 631 1234 @ 402 417
4 1348 631 647 1158 @ 403 417
1 647 @ 403 416
4 1056 1057 633 1497 @ 2 544
4 1498 1057 873 1497 @ 3 543
7 736 737 774 1197 1198 635 1565 @ 838 417
2 1565 774 @ 839 417
3 1471 1472 1041 @ 159 413
6 700 860 861 1209 1210 638 @ 272 319
5 646 861 1210 1421 1362 @ 272 318
4 640 1334 1441 1003 @ 530 263
6 1334 1441 1304 1305 1496 1531 @ 530 262
3 642 643 1302 @ 1155 209
3 1335 679 643 @ 1155 208
3 1335 1302 1303 @ 1156 208
3 645 714 1067 @ 292 438
2 1464 1067 @ 292 437
5 1554 1555 1492 1209 1210 @ 283 302
3 820 648 649 @ 405 413
1 649 @ 406 412
3 820 821 1357 @ 406 411
5 1366 1367 1223 651 1458 @ 776 255
3 845 1367 1458 @ 776 254
6 774 1513 864 866 865 1536 @ 901 375
0 @ 927 265
2 887 655 @ 1279 0
5 1319 886 887 972 973 @ 1280 0
3 847 848 1514 @ 875 316
5 658 948 727 880 659 @ 580 184
3 659 948 893 @ 581 183
3 727 893 1566 @ 581 182
3 661 1193 1194 @ 313 425
5 1194 1475 1211 927 1081 @ 314 425
2 663 1552 @ 708 140
0 @ 709 140
1 665 @ 1102 455
2 1539 1385 @ 1103 455
3 667 1293 668 @ 536 421
2 668 1099 @ 537 420
2 1099 1293 @ 537 419
5 938 937 1515 670 671 @ 898 332
4 1514 1515 671 672 @ 898 331
3 1131 938 672 @ 899 331
1 1131 @ 899 330
6 913 1132 677 678 1203 674 @ 309 497
4 1047 1049 678 1344 @ 309 496
3 995 1323 676 @ 1034 177
2 995 996 @ 1034 176
3 678 1132 1133 @ 313 499
3 1049 1086 1133 @ 313 498
1 680 @ 1135 204
2 1125 1124 @ 1136 204
7 1413 1051 786 751 852 733 787 @ 315 405
8 1430 1404 889 890 683 1455 961 962 @ 1124 258
3 1430 1455 1428 @ 1124 257
2 1178 685 @ 1027 167
2 1098 1097 @ 1027 166
7 1134 984 1135 1408 1057 687 688 @ 0 1
1 688 @ 0 0
2 984 1052 @ 1 0
3 1154 1527 690 @ 607 1
2 1154 1155 @ 608 0
4 692 693 1432 1030 @ 240 195
3 693 1573 1432 @ 240 194
1 1030 @ 241 194
5 1466 695 696 1465 867 @ 289 416
5 696 1050 1051 867 910 @ 289 415
4 1379 1466 909 910 @ 290 415
2 1120 698 @ 210 387
4 1166 1167 1120 924 @ 211 386
2 700 860 @ 272 327
2 860 1209 @ 272 326
5 1134 1063 1135 1387 702 @ 32 408
4 1063 1387 862 863 @ 33 408
1 704 @ 63 409
3 1281 1149 1426 @ 64 409
2 900 706 @ 766 404
6 980 1222 918 763 1227 900 @ 766 403
4 1105 1009 1104 708 @ 947 217
3 726 1009 725 @ 947 216
2 710 711 @ 400 406
3 820 821 711 @ 401 406
4 719 821 1496 1357 @ 401 405
4 1114 1115 837 771 @ 928 280
5 1073 1240 1241 1277 1533 @ 495 405
6 891 1067 1116 746 892 1233 @ 226 421
5 1326 1327 716 756 757 @ 252 340
1 1327 @ 252 339
3 718 768 782 @ 1137 284
4 793 877 1374 782 @ 1138 284
5 1523 1357 1092 1467 1468 @ 515 349
4 1017 1018 722 721 @ 778 406
2 722 1017 @ 778 405
1 1018 @ 779 405
3 968 969 724 @ 615 72
2 968 1272 @ 616 71
4 726 1009 1217 1010 @ 945 210
3 772 1216 1217 @ 946 210
3 822 880 1566 @ 574 185
5 730 1279 947 946 729 @ 982 94
3 730 1279 1444 @ 982 93
4 946 1444 1446 1002 @ 983 93
6 1379 1380 749 909 732 733 @ 296 414
4 749 733 750 751 @ 297 413
4 1051 751 909 910 @ 297 412
4 735 913 872 849 @ 325 544
2 1314 913 @ 326 542
1 737 @ 826 407
2 774 1044 @ 827 407
9 836 1085 739 740 1026 1534 1535 1146 1147 @ 606 202
1 740 @ 606 201
2 752 1535 @ 607 201
3 742 966 921 @ 316 419
4 966 743 921 1375 @ 316 418
2 1375 921 @ 317 418
3 1208 1542 745 @ 17 458
3 1409 1208 1407 @ 17 457
5 1074 891 747 748 1233 @ 220 420
3 748 1074 1075 @ 220 419
2 891 1075 @ 221 419
2 1380 750 @ 297 415
1 751 @ 298 414
0 @ 298 413
4 1325 753 754 1535 @ 648 171
2 754 755 @ 648 170
6 1507 1183 1184 829 755 1552 @ 649 170
4 1070 1280 1522 1552 @ 649 169
2 1422 757 @ 249 343
3 1424 1326 1422 @ 249 342
2 759 990 @ 458 414
3 1523 794 795 @ 458 413
3 1184 1296 761 @ 712 199
4 1500 1184 1296 1252 @ 713 198
4 1249 1189 1247 763 @ 617 408
5 980 1189 1226 1227 765 @ 617 407
2 765 912 @ 606 401
2 1206 912 @ 606 400
2 1045 767 @ 523 337
2 1045 1371 @ 524 336
0 @ 1129 280
2 770 771 @ 928 296
1 771 @ 928 295
0 @ 929 295
2 773 1216 @ 956 207
4 1216 1259 1260 1218 @ 956 206
1 1513 @ 847 412
3 1033 776 1389 @ 485 413
1 1389 @ 486 412
4 1353 778 1388 1389 @ 501 419
2 1353 1354 @ 502 418
3 780 1567 1199 @ 579 168
4 1199 1201 893 1567 @ 580 167
3 793 782 1539 @ 1137 287
1 793 @ 1137 286
5 1196 784 1026 1550 1551 @ 637 138
3 1026 997 1070 @ 637 137
3 929 786 787 @ 325 407
1 787 @ 325 406
3 1487 1492 1215 @ 326 406
5 789 790 1005 1019 1020 @ 578 242
5 790 917 1004 1005 833 @ 579 241
4 917 1020 1328 1562 @ 579 240
3 792 981 998 @ 759 248
3 1457 843 844 @ 760 247
2 1539 1374 @ 1140 287
2 795 1357 @ 457 411
2 1357 1523 @ 457 410
3 1046 831 832 @ 540 346
5 1456 1402 1560 1340 798 @ 1050 202
2 1402 1558 @ 1050 201
2 885 1067 @ 243 406
2 1565 801 @ 901 422
2 1544 850 @ 902 421
3 980 803 1373 @ 616 457
1 980 @ 616 456
7 1122 806 1258 920 1023 1024 805 @ 827 277
3 1123 806 1122 @ 827 276
4 906 1123 907 1024 @ 828 276
4 1036 1038 1145 1174 @ 1011 172
1 809 @ 948 1
5 936 811 1091 1080 1090 @ 949 0
3 935 879 811 @ 979 26
1 1080 @ 980 26
2 814 1320 @ 1022 200
2 814 1378 @ 1022 199
0 @ 1023 199
1 816 @ 1003 149
2 1037 1038 @ 1004 149
4 1284 1444 1445 1279 @ 976 91
4 819 1301 1303 983 @ 1176 241
7 1014 1015 1303 1319 971 972 983 @ 1177 241
1 821 @ 405 409
1 1357 @ 405 408
5 1305 1306 1200 1566 1567 @ 569 182
3 825 824 1103 @ 15 465
7 825 826 1208 1103 1407 1408 1057 @ 15 464
4 874 826 1541 1103 @ 16 464
3 1541 1542 1208 @ 16 463
7 1489 1490 1491 1149 1151 828 1297 @ 262 252
6 1029 1151 901 902 1297 1298 @ 262 251
2 1183 1363 @ 704 206
2 831 1268 @ 535 349
3 1045 1046 832 @ 535 348
0 @ 536 348
4 917 1004 834 835 @ 599 228
3 835 836 917 @ 599 227
2 836 1534 @ 600 227
3 917 1534 1146 @ 600 226
0 @ 928 272
5 839 1513 1515 1313 1392 @ 906 349
2 1170 1392 @ 907 348
4 842 911 841 1543 @ 918 418
1 842 @ 919 418
2 1544 1543 @ 919 417
3 844 845 1457 @ 762 245
1 845 @ 762 244
4 1457 1224 1458 1367 @ 763 244
4 1236 1237 847 848 @ 873 316
1 848 @ 874 316
1 1237 @ 874 315
5 913 872 942 987 988 @ 140 427
3 1543 1544 911 @ 909 420
4 1411 852 1412 1413 @ 302 417
1 1413 @ 302 416
3 854 1046 1371 @ 530 334
3 1046 1415 1371 @ 531 333
4 856 1372 1244 1245 @ 608 526
2 1372 1245 @ 608 525
4 1403 858 1404 956 @ 1104 235
7 1301 1403 1558 1459 1402 956 958 @ 1105 234
4 860 861 1361 1362 @ 263 320
1 861 @ 264 320
1 1362 @ 264 319
4 1152 1437 863 1387 @ 43 410
2 1438 1437 @ 44 409
2 865 866 @ 906 389
1 866 @ 906 388
1 1544 @ 907 388
3 1050 1464 1465 @ 283 406
3 1106 1107 869 @ 651 228
2 1065 1107 @ 652 227
3 871 1242 1411 @ 305 422
2 1411 1412 @ 305 421
3 942 873 1497 @ 4 544
3 1498 942 1497 @ 4 543
6 875 876 1541 1103 942 1299 @ 47 437
1 876 @ 47 436
0 @ 48 435
2 1374 970 @ 1149 281
3 879 1275 964 @ 987 66
5 963 964 935 1275 1276 @ 987 65
1 948 @ 577 186
2 882 1251 @ 303 473
4 934 1574 975 1251 @ 303 472
3 1568 1312 884 @ 980 184
3 1397 1568 1569 @ 981 184
5 1088 1089 1278 1067 1069 @ 245 400
3 887 1504 973 @ 1191 136
3 1080 1436 1504 @ 1191 135
3 1055 889 890 @ 1102 288
4 1404 890 1435 1055 @ 1102 287
0 @ 1103 287
2 892 1075 @ 224 419
2 1116 1075 @ 225 419
6 1201 894 1025 1026 1566 1567 @ 592 169
1 1025 @ 593 168
1 1124 @ 1136 211
0 @ 898 326
4 1137 1507 930 898 @ 723 174
3 931 1137 930 @ 724 173
3 1320 1322 1560 @ 1037 195
2 1017 1016 @ 769 406
4 1151 902 1063 1150 @ 232 235
5 1029 1030 1063 1064 1432 @ 233 234
3 1356 1225 1355 @ 996 273
6 1308 1309 1474 905 1095 1108 @ 522 372
2 1109 1108 @ 522 371
4 1083 1418 907 908 @ 906 237
3 1123 1367 908 @ 906 236
4 931 1382 1367 1009 @ 907 235
2 1379 910 @ 293 412
1 1051 @ 293 411
1 1543 @ 910 420
1 1365 @ 599 401
5 914 915 1203 1314 1315 @ 322 532
3 915 916 1203 @ 322 531
2 1315 916 @ 323 531
5 985 986 1203 1204 1315 @ 323 530
3 1562 1563 1146 @ 595 227
6 1257 1222 1223 919 920 1006 @ 814 289
2 920 1121 @ 814 288
4 1257 1121 1122 1258 @ 815 288
0 @ 317 419
6 1494 1495 1496 923 1297 1298 @ 300 257
4 1030 1496 1531 1298 @ 300 256
3 925 926 1167 @ 220 380
3 1169 926 1167 @ 221 380
1 959 @ 221 379
5 1383 928 1081 1082 929 @ 322 424
1 929 @ 323 423
1 1082 @ 323 422
3 931 1507 1382 @ 724 172
4 1382 1034 1035 1137 @ 725 172
3 1031 1032 933 @ 987 284
0 @ 988 284
3 974 975 1574 @ 303 470
3 963 936 1159 @ 967 21
3 1091 1159 1160 @ 967 20
1 1515 @ 898 333
0 @ 899 332
2 941 940 @ 1058 267
3 1577 1338 941 @ 1059 267
2 1456 1338 @ 1059 266
7 1498 987 1102 1103 943 944 1299 @ 94 439
3 1300 944 1299 @ 94 438
3 1300 987 1270 @ 95 438
4 946 947 1161 1162 @ 979 97
2 947 1002 @ 980 97
2 1279 1162 @ 980 96
2 1084 1085 @ 584 199
2 1446 950 @ 987 80
3 963 1445 1446 @ 987 79
1 952 @ 1148 272
2 962 961 @ 1148 271
5 954 955 1093 1095 1100 @ 546 405
3 1095 955 1308 @ 546 404
2 1307 1308 @ 547 404
4 1404 957 958 1455 @ 1119 238
5 1012 958 1126 1128 1455 @ 1120 238
1 1012 @ 1120 237
2 1342 960 @ 220 370
2 1341 1342 @ 221 369
1 962 @ 1132 261
1 1430 @ 1132 260
4 964 1445 1274 1159 @ 985 69
2 1274 1275 @ 986 68
1 966 @ 315 420
0 @ 315 419
3 1200 968 969 @ 608 77
4 1272 1273 969 1527 @ 608 76
0 @ 609 76
2 1374 1262 @ 1151 284
2 972 973 @ 1185 193
2 1319 973 @ 1186 192
0 @ 1186 191
2 1574 975 @ 303 467
1 1251 @ 304 467
4 1290 1388 1292 977 @ 450 426
1 1292 @ 451 425
1 979 @ 627 419
2 980 1189 @ 627 418
1 1189 @ 628 418
3 982 998 1227 @ 746 239
1 998 @ 746 238
1 1571 @ 1171 249
6 1572 1135 1573 1516 1579 1063 @ 220 191
3 1204 1132 986 @ 319 518
4 1348 1132 1133 1315 @ 319 517
5 1425 1270 1271 989 988 @ 109 429
1 989 @ 110 428
2 1425 1427 @ 110 427
0 @ 481 415
4 992 1197 1198 1518 @ 810 405
2 1518 1198 @ 810 404
2 1163 994 @ 31 421
3 1386 1163 1387 @ 32 420
2 996 1178 @ 1033 174
1 1178 @ 1033 173
6 1060 1070 1399 1400 1061 1026 @ 618 106
0 @ 751 237
4 1013 1096 1570 1000 @ 1145 242
3 1571 1013 1570 @ 1146 242
1 1002 @ 988 129
1 1436 @ 989 129
3 1004 1005 1441 @ 571 263
1 1005 @ 572 262
0 @ 572 261
4 1257 1007 1008 1044 @ 855 314
3 1008 1148 1257 @ 855 313
3 1148 1044 1461 @ 856 313
2 1104 1010 @ 936 210
2 1217 1219 @ 937 209
3 1012 1013 1096 @ 1140 237
1 1013 @ 1140 236
1 1096 @ 1141 236
4 1539 1015 1540 1319 @ 1165 291
2 1261 1262 @ 1165 290
2 1017 1018 @ 776 409
1 1018 @ 776 408
0 @ 777 408
4 1306 1020 1328 1329 @ 567 233
1 1328 @ 568 233
5 1448 1022 1138 1139 1039 @ 635 31
2 1039 1040 @ 635 30
2 1258 1024 @ 837 284
0 @ 837 283
1 1026 @ 594 165
4 1399 1195 1196 1201 @ 594 164
3 1434 1433 1028 @ 975 429
5 1110 1538 1434 1336 1337 @ 975 428
2 1030 1298 @ 260 234
2 1432 1298 @ 260 233
2 1032 1416 @ 981 283
1 1347 @ 981 282
0 @ 484 412
4 1351 1352 1035 1230 @ 721 185
4 1136 1137 1230 1231 @ 721 184
2 1037 1038 @ 1008 163
1 1038 @ 1008 162
1 1097 @ 1009 162
2 1139 1040 @ 643 30
1 1155 @ 643 29
5 1471 1473 1545 1042 1043 @ 164 410
6 1282 1256 1472 1473 1359 1043 @ 164 409
3 1545 1546 1359 @ 165 409
4 1207 1461 1518 1316 @ 859 320
2 1046 1371 @ 528 337
1 1371 @ 529 336
3 1344 1048 1049 @ 309 492
2 1344 1049 @ 309 491
2 1344 1346 @ 310 491
1 1051 @ 287 404
0 @ 288 404
0 @ 278 0
5 1112 1054 1202 1505 1506 @ 1027 269
0 @ 1028 268
5 1110 1576 1435 1406 1385 @ 1097 288
1 1057 @ 0 544
4 1498 1408 1102 1103 @ 0 543
4 1356 1355 1059 1347 @ 982 274
1 1356 @ 982 273
4 1061 1062 1332 1070 @ 640 104
3 1062 1400 1187 @ 640 103
2 1332 1187 @ 641 103
5 1149 1064 1150 1135 1579 @ 221 210
3 1432 1579 1263 @ 222 209
0 @ 661 223
3 1072 1261 1262 @ 1157 289
4 1116 1464 1068 1069 @ 253 405
1 1069 @ 254 404
1 1089 @ 254 403
4 1071 1078 1332 1469 @ 642 110
2 1332 1469 @ 643 109
2 1539 1540 @ 1158 293
3 1277 1228 1229 @ 491 406
2 1233 1075 @ 219 418
5 1118 1116 1166 1119 1233 @ 219 417
1 1077 @ 966 291
0 @ 967 290
4 1510 1449 1079 1469 @ 661 109
4 1449 1451 1187 1469 @ 661 108
0 @ 1196 0
1 1082 @ 318 423
0 @ 318 422
4 1508 1509 1418 1417 @ 908 249
3 1085 1146 1147 @ 590 206
1 1147 @ 591 206
5 1488 1348 1133 1087 1486 @ 355 432
3 1488 1348 1213 @ 356 431
2 1278 1089 @ 244 395
1 1278 @ 245 395
3 1091 1159 1160 @ 956 16
1 1160 @ 957 16
4 1109 1523 1467 1108 @ 513 367
3 1095 1395 1094 @ 539 403
3 1095 1395 1474 @ 539 402
2 1474 1308 @ 540 402
0 @ 1140 239
1 1098 @ 1017 151
1 1436 @ 1017 150
2 1101 1100 @ 553 414
1 1101 @ 553 413
0 @ 554 413
2 1498 1103 @ 10 502
0 @ 10 501
1 1105 @ 946 222
0 @ 947 222
2 1107 1324 @ 648 229
2 1324 1325 @ 648 228
1 1109 @ 517 371
0 @ 517 370
5 1111 1112 1337 1576 1406 @ 994 291
1 1112 @ 994 290
2 1576 1505 @ 995 290
3 1114 1115 1519 @ 911 297
1 1115 @ 911 296
2 1519 1520 @ 912 296
2 1117 1166 @ 237 409
1 1166 @ 238 408
6 1120 1561 1548 1549 1119 1233 @ 210 394
2 1120 1166 @ 211 394
1 1166 @ 211 393
2 1122 1123 @ 819 273
1 1123 @ 820 273
1 1367 @ 820 272
1 1125 @ 1140 204
0 @ 1140 203
2 1127 1128 @ 1132 247
1 1128 @ 1133 247
0 @ 1133 246
3 1238 1179 1180 @ 1236 515
1 1131 @ 904 337
1 1171 @ 904 336
3 1133 1203 1204 @ 317 513
1 1348 @ 318 513
2 1135 1387 @ 25 409
0 @ 26 408
3 1231 1137 1507 @ 720 179
1 1507 @ 721 178
2 1139 1448 @ 643 35
0 @ 643 34
2 1142 1141 @ 525 431
2 1293 1142 @ 525 430
1 1293 @ 526 430
2 1144 1145 @ 1002 173
1 1145 @ 1003 172
0 @ 1003 171
2 1563 1147 @ 591 209
0 @ 591 208
2 1461 1463 @ 858 305
4 1281 1150 1151 1342 @ 226 246
1 1151 @ 226 245
0 @ 227 245
3 1386 1387 1437 @ 43 417
1 1331 @ 926 236
2 1527 1155 @ 608 2
1 1527 @ 609 0
3 1516 1376 1377 @ 297 91
4 1214 1348 1234 1158 @ 402 421
2 1348 1234 @ 402 420
1 1160 @ 958 18
0 @ 958 17
1 1162 @ 977 96
2 1283 1279 @ 977 95
2 1386 1557 @ 33 431
4 1265 1165 1460 1269 @ 1136 190
6 1265 1501 1266 1503 1504 1269 @ 1136 189
3 1168 1167 1278 @ 226 388
2 1168 1169 @ 226 387
1 1169 @ 227 387
0 @ 227 386
3 1538 1171 1392 @ 913 344
0 @ 913 343
3 1378 1173 1174 @ 1011 177
1 1174 @ 1012 176
0 @ 1012 175
4 1176 1177 1419 1234 @ 384 414
3 1177 1234 1235 @ 385 414
3 1419 1420 1235 @ 385 413
0 @ 1031 171
1 1180 @ 1242 517
0 @ 1242 516
2 1182 1528 @ 1152 476
0 @ 1152 475
4 1363 1184 1294 1296 @ 708 201
5 1507 1296 1230 1231 1252 @ 709 200
3 1232 1547 1186 @ 192 421
2 1547 1548 @ 193 420
0 @ 651 79
4 1249 1189 1246 1248 @ 620 415
1 1249 @ 621 415
0 @ 646 544
4 1192 1369 1370 1342 @ 239 355
0 @ 240 354
1 1194 @ 312 424
1 1475 @ 313 423
2 1196 1280 @ 643 156
3 1280 1550 1220 @ 643 155
1 1198 @ 811 408
0 @ 812 408
3 1200 1201 1567 @ 579 167
3 1399 1201 1567 @ 579 166
1 1399 @ 580 166
1 1356 @ 977 271
1 1204 @ 319 520
0 @ 319 519
2 1206 1415 @ 551 315
0 @ 552 315
4 1236 1461 1462 1316 @ 864 320
2 1542 1407 @ 16 457
1 1210 @ 273 320
0 @ 273 319
2 1390 1212 @ 332 434
2 1390 1391 @ 332 433
4 1214 1215 1348 1488 @ 359 428
3 1348 1215 1234 @ 360 427
2 1487 1488 @ 360 426
2 1217 1218 @ 953 205
2 1219 1218 @ 953 204
2 1259 1219 @ 954 204
4 1259 1260 1311 1312 @ 954 203
3 1221 1280 1550 @ 644 153
3 1280 1550 1551 @ 644 152
2 1223 1457 @ 767 256
3 1457 1458 1224 @ 768 256
2 1458 1457 @ 768 255
2 1355 1505 @ 996 274
1 1227 @ 678 229
0 @ 679 229
3 1523 1524 1229 @ 485 405
2 1277 1524 @ 485 404
4 1350 1352 1231 1252 @ 719 182
1 1507 @ 719 181
3 1549 1233 1547 @ 203 421
1 1549 @ 204 421
1 1235 @ 388 416
0 @ 388 415
2 1462 1237 @ 868 316
2 1462 1463 @ 869 315
2 1239 1525 @ 1267 544
2 1317 1319 @ 1268 542
3 1277 1524 1241 @ 495 398
2 1533 1524 @ 496 397
3 1243 1464 1411 @ 293 424
4 1379 1411 1464 1466 @ 293 423
1 1245 @ 615 533
1 1372 @ 615 532
4 1365 1247 1248 1364 @ 617 414
2 1249 1248 @ 617 413
1 1249 @ 618 413
0 @ 618 412
1 1251 @ 304 479
0 @ 305 477
4 1254 1350 1500 1253 @ 718 191
3 1254 1500 1351 @ 719 190
2 1351 1350 @ 719 189
1 1256 @ 128 409
2 1472 1282 @ 129 409
1 1258 @ 834 292
0 @ 835 290
1 1260 @ 956 203
2 1311 1479 @ 957 202
1 1262 @ 1161 287
0 @ 1161 286
4 1431 1432 1579 1264 @ 225 205
3 1581 1431 1579 @ 225 204
2 1266 1335 @ 1146 193
2 1335 1504 @ 1147 192
1 1268 @ 533 351
0 @ 534 350
4 1559 1460 1501 1502 @ 1129 190
2 1300 1271 @ 101 433
1 1425 @ 102 432
3 1273 1476 1477 @ 617 43
2 1527 1476 @ 617 42
2 1275 1276 @ 988 68
1 1276 @ 988 67
0 @ 989 67
1 1524 @ 490 401
0 @ 243 394
3 1283 1284 1444 @ 978 93
0 @ 645 157
1 1282 @ 124 407
0 @ 125 407
1 1284 @ 976 93
0 @ 976 92
3 1286 1450 1512 @ 681 116
4 1512 1450 1453 1454 @ 682 116
2 1288 1289 @ 568 423
1 1289 @ 568 422
1 1364 @ 569 422
2 1291 1292 @ 443 428
3 1470 1357 1292 @ 443 427
0 @ 444 427
1 1393 @ 535 422
4 1499 1295 1296 1363 @ 712 206
3 1500 1296 1499 @ 713 206
1 1500 @ 713 205
3 1491 1494 1298 @ 288 256
0 @ 289 255
1 1300 @ 90 436
0 @ 90 435
2 1302 1303 @ 1166 225
1 1303 @ 1166 224
0 @ 1167 224
4 1305 1306 1441 1442 @ 548 237
2 1306 1531 @ 548 236
3 1442 1443 1329 @ 549 236
2 1308 1309 @ 549 403
1 1309 @ 549 402
0 @ 550 402
3 1311 1481 1312 @ 966 197
3 1312 1479 1481 @ 966 196
1 1568 @ 967 195
4 1537 1538 1392 1536 @ 909 359
1 1315 @ 326 536
1 1348 @ 326 535
0 @ 864 321
2 1318 1319 @ 1279 544
1 1319 @ 1280 543
1 1526 @ 1280 542
3 1322 1378 1321 @ 1028 191
3 1322 1323 1378 @ 1028 190
1 1323 @ 1029 190
0 @ 1029 189
3 1325 1534 1535 @ 636 216
1 1535 @ 637 216
2 1424 1327 @ 249 340
1 1424 @ 250 339
2 1562 1329 @ 576 225
1 1562 @ 577 223
1 1331 @ 918 242
0 @ 919 241
0 @ 643 108
1 1334 @ 522 309
0 @ 523 308
0 @ 1149 193
4 1433 1434 1337 1406 @ 1001 433
1 1406 @ 1002 432
3 1456 1577 1339 @ 1062 266
5 1456 1577 1435 1578 1340 @ 1063 266
6 1456 1401 1402 1404 1405 1435 @ 1063 265
3 1343 1368 1342 @ 225 362
2 1369 1343 @ 225 361
2 1369 1368 @ 226 361
2 1345 1346 @ 307 486
1 1346 @ 307 485
0 @ 308 484
1 1505 @ 978 279
1 1349 @ 409 426
0 @ 410 426
2 1352 1351 @ 719 188
1 1352 @ 720 188
0 @ 720 187
1 1354 @ 510 419
3 1533 1393 1394 @ 510 418
1 1356 @ 993 272
0 @ 993 271
1 1523 @ 455 409
4 1545 1546 1359 1360 @ 170 408
2 1546 1360 @ 170 407
0 @ 171 407
1 1362 @ 260 312
1 1421 @ 261 312
0 @ 705 206
1 1365 @ 582 414
0 @ 583 413
1 1367 @ 799 260
0 @ 800 259
2 1369 1370 @ 231 361
1 1370 @ 231 360
0 @ 232 360
0 @ 528 333
1 1373 @ 607 520
0 @ 607 519
0 @ 1148 283
0 @ 318 417
2 1377 1516 @ 294 85
2 1516 1517 @ 295 85
2 1568 1396 @ 1020 198
2 1380 1466 @ 295 415
0 @ 296 415
2 1507 1382 @ 721 159
1 1507 @ 722 159
0 @ 325 425
1 1385 @ 1080 449
0 @ 1081 448
1 1387 @ 33 419
0 @ 33 418
1 1389 @ 493 425
0 @ 493 424
1 1391 @ 334 434
1 1487 @ 335 434
1 1538 @ 910 348
2 1394 1395 @ 533 410
1 1395 @ 533 409
0 @ 534 408
4 1397 1398 1568 1569 @ 989 181
2 1398 1569 @ 989 180
0 @ 990 180
1 1400 @ 616 103
0 @ 617 103
3 1402 1403 1405 @ 1097 236
2 1403 1558 @ 1097 235
2 1404 1405 @ 1098 235
3 1405 1435 1455 @ 1097 238
0 @ 1097 237
0 @ 1047 441
2 1408 1409 @ 16 451
4 1409 1482 1483 1410 @ 16 450
2 1410 1484 @ 17 450
2 1482 1484 @ 17 449
1 1412 @ 303 419
1 1413 @ 304 418
0 @ 304 417
1 1415 @ 533 321
0 @ 534 321
0 @ 979 291
2 1509 1418 @ 911 249
0 @ 912 248
1 1420 @ 374 409
0 @ 374 408
1 1489 @ 276 297
2 1423 1424 @ 247 341
1 1424 @ 247 340
0 @ 248 340
2 1426 1427 @ 107 420
1 1427 @ 107 419
0 @ 108 419
3 1429 1430 1455 @ 1124 256
2 1430 1455 @ 1124 255
0 @ 1125 255
2 1581 1432 @ 230 202
0 @ 231 202
1 1434 @ 976 431
0 @ 976 430
2 1576 1578 @ 1073 273
1 1504 @ 1015 145
1 1438 @ 49 409
0 @ 50 408
1 1440 @ 724 544
0 @ 725 542
2 1442 1443 @ 551 244
1 1443 @ 551 243
0 @ 552 243
2 1445 1446 @ 979 86
1 1446 @ 979 85
0 @ 980 85
1 1448 @ 630 36
0 @ 631 35
2 1450 1451 @ 669 106
2 1451 1452 @ 670 106
1 1452 @ 666 103
0 @ 666 102
4 1454 1512 1511 1522 @ 688 121
1 1522 @ 689 121
0 @ 1121 248
0 @ 1062 265
0 @ 767 255
0 @ 774 254
2 1558 1460 @ 1126 199
2 1558 1559 @ 1126 198
2 1462 1463 @ 862 312
1 1463 @ 863 312
0 @ 863 311
2 1466 1465 @ 289 420
1 1466 @ 289 419
0 @ 290 418
1 1468 @ 515 358
0 @ 516 357
0 @ 658 107
0 @ 433 431
2 1473 1472 @ 160 412
1 1473 @ 160 411
0 @ 161 411
0 @ 520 377
0 @ 314 423
2 1477 1478 @ 623 39
1 1478 @ 624 39
0 @ 624 38
2 1480 1481 @ 964 199
1 1481 @ 965 199
0 @ 965 198
2 1483 1484 @ 17 448
3 1557 1484 1485 @ 17 447
2 1556 1485 @ 18 447
2 1556 1557 @ 18 446
2 1487 1488 @ 352 432
1 1488 @ 352 431
0 @ 353 431
2 1490 1491 @ 272 267
1 1491 @ 272 266
1 1494 @ 273 266
3 1555 1493 1496 @ 290 296
2 1496 1555 @ 290 295
2 1495 1496 @ 301 260
1 1496 @ 301 259
1 1531 @ 302 259
0 @ 3 544
0 @ 4 542
1 1500 @ 717 208
0 @ 717 207
2 1502 1503 @ 1134 184
3 1559 1503 1504 @ 1134 183
1 1504 @ 1135 183
0 @ 1135 182
1 1506 @ 1000 274
0 @ 1000 273
1 1552 @ 719 174
1 1509 @ 920 259
0 @ 920 258
3 1512 1511 1522 @ 678 121
2 1512 1522 @ 679 121
0 @ 679 120
2 1514 1515 @ 890 339
1 1515 @ 890 338
0 @ 891 338
1 1517 @ 290 80
0 @ 290 79
0 @ 806 402
2 1520 1521 @ 916 297
1 1521 @ 916 296
0 @ 917 296
0 @ 696 129
1 1524 @ 480 401
0 @ 481 401
1 1526 @ 1258 529
0 @ 1258 528
0 @ 611 10
1 1529 @ 1132 467
0 @ 1132 466
2 1531 1532 @ 285 137
1 1532 @ 286 136
0 @ 286 135
0 @ 504 395
1 1535 @ 629 215
0 @ 629 214
2 1537 1538 @ 912 362
1 1538 @ 912 361
0 @ 913 361
1 1540 @ 1162 299
0 @ 1162 298
1 1542 @ 17 462
0 @ 17 461
1 1544 @ 916 412
0 @ 916 411
1 1546 @ 168 409
0 @ 169 408
2 1548 1549 @ 198 420
1 1549 @ 198 419
0 @ 199 419
1 1551 @ 643 152
0 @ 643 151
1 1553 @ 712 150
0 @ 712 149
1 1555 @ 281 299
0 @ 282 299
1 1557 @ 19 445
0 @ 19 444
1 1559 @ 1123 193
0 @ 1124 192
0 @ 1043 199
0 @ 201 388
1 1563 @ 581 221
0 @ 581 220
1 1565 @ 798 503
0 @ 799 503
1 1567 @ 578 173
0 @ 578 172
1 1569 @ 983 186
0 @ 983 185
1 1571 @ 1147 244
0 @ 1148 244
1 1573 @ 222 191
0 @ 223 190
1 1575 @ 299 461
0 @ 299 460
2 1577 1578 @ 1063 272
1 1578 @ 1063 271
0 @ 1064 271
2 1580 1581 @ 222 202
1 1581 @ 222 201
0 @ 223 201
