264
5 9 7 8 57 207 @ 169 55
10 162 2 80 61 206 97 98 202 195 196 @ 145 50
5 249 251 80 206 91 @ 145 49
7 263 180 218 4 23 212 213 @ 233 31
5 180 41 42 213 157 @ 234 30
4 235 219 234 6 @ 292 38
5 235 219 186 25 89 @ 292 37
3 8 57 199 @ 169 56
4 217 218 9 199 @ 170 56
2 207 217 @ 170 55
6 181 183 41 11 12 157 @ 240 29
3 41 43 12 @ 240 28
4 183 184 43 13 @ 241 28
8 108 184 185 236 43 237 245 107 @ 241 27
8 215 141 145 221 210 211 121 15 @ 118 125
3 221 222 215 @ 119 124
6 86 87 173 260 17 18 @ 57 95
4 240 174 18 173 @ 57 94
3 240 260 261 @ 58 94
7 20 205 40 78 39 119 120 @ 148 0
3 205 69 70 @ 149 0
6 179 251 62 147 172 177 @ 138 35
5 263 127 176 23 212 @ 213 59
2 263 212 @ 213 58
5 25 104 244 33 234 @ 311 46
5 234 235 89 90 33 @ 311 45
4 147 178 27 28 @ 138 27
7 178 37 38 166 167 28 227 @ 138 26
2 147 166 @ 139 26
5 30 67 220 203 58 @ 124 136
6 142 143 220 67 210 211 @ 124 135
7 134 47 48 243 244 32 33 @ 319 53
2 48 33 @ 320 52
2 90 244 @ 320 51
6 35 94 252 146 189 122 @ 112 111
4 122 123 188 189 @ 113 111
4 38 37 233 232 @ 58 18
5 178 201 38 233 242 @ 59 17
4 76 78 227 232 @ 59 16
5 78 40 225 226 227 @ 144 8
2 119 225 @ 145 7
3 42 43 157 @ 239 28
4 43 245 213 214 @ 239 27
1 245 @ 240 27
5 45 46 208 144 209 @ 319 136
1 46 @ 320 135
2 209 134 @ 320 134
5 209 134 243 193 192 @ 319 54
1 134 @ 320 53
6 60 256 50 51 152 153 @ 241 130
3 153 55 51 @ 241 129
4 256 137 138 55 @ 242 129
3 173 174 53 @ 0 68
4 174 240 124 125 @ 0 67
5 92 88 128 102 55 @ 233 86
12 92 93 128 151 106 65 66 171 135 153 138 139 @ 234 86
6 57 207 195 197 198 199 @ 163 56
2 207 199 @ 164 56
11 203 144 59 60 254 191 64 170 150 152 105 @ 242 136
3 60 139 144 @ 243 135
4 256 152 137 139 @ 243 134
4 63 162 62 202 @ 136 46
4 202 63 172 177 @ 136 45
4 162 163 187 172 @ 137 45
5 65 66 191 150 106 @ 236 130
2 106 66 @ 236 129
3 170 150 151 @ 237 129
10 203 102 164 222 190 195 68 211 199 158 @ 184 119
3 102 203 204 @ 185 119
5 205 119 120 70 71 @ 150 1
1 71 @ 150 0
6 218 207 239 119 213 214 @ 151 0
6 164 165 132 73 199 200 @ 192 70
4 165 79 132 133 @ 192 69
6 159 112 164 114 75 158 @ 201 80
4 164 114 257 165 @ 201 79
4 77 78 232 223 @ 56 1
2 78 223 @ 56 0
1 227 @ 57 0
7 263 257 165 258 133 148 149 @ 207 64
4 162 81 82 91 @ 141 45
3 82 162 163 @ 141 44
4 249 163 262 91 @ 142 44
5 99 85 84 110 111 @ 250 4
3 99 85 168 @ 250 3
4 110 185 168 169 @ 251 3
5 141 94 145 87 260 @ 0 136
1 173 @ 0 135
7 230 161 128 160 102 103 136 @ 229 84
3 169 186 90 @ 319 0
0 @ 320 0
1 249 @ 142 45
5 93 203 204 102 105 @ 233 129
2 105 106 @ 234 129
4 252 145 146 260 @ 93 112
3 96 97 156 @ 124 61
6 201 97 98 241 155 156 @ 124 60
3 98 195 156 @ 125 60
2 201 202 @ 125 59
5 239 111 168 100 101 @ 249 1
2 239 101 @ 249 0
2 169 168 @ 250 0
3 204 103 158 @ 206 89
2 160 158 @ 206 88
4 234 194 192 244 @ 312 50
3 203 191 106 @ 234 130
1 191 @ 235 129
3 108 245 247 @ 241 16
4 236 238 246 247 @ 242 15
4 259 110 237 111 @ 248 8
3 111 185 237 @ 249 7
2 239 259 @ 249 6
4 159 113 161 114 @ 205 86
3 114 161 136 @ 206 85
4 126 257 136 140 @ 206 84
7 253 130 116 189 190 261 248 @ 113 86
4 195 190 229 248 @ 114 84
4 118 126 127 136 @ 222 73
5 230 127 129 136 212 @ 223 73
5 225 207 166 167 120 @ 149 3
1 205 @ 149 2
6 215 216 145 146 122 123 @ 115 119
2 123 146 @ 115 118
2 216 188 @ 116 118
1 125 @ 0 0
4 231 232 240 223 @ 1 0
3 127 136 140 @ 219 71
3 212 176 140 @ 219 70
3 230 129 135 @ 231 80
3 230 135 212 @ 231 79
6 131 241 228 155 261 248 @ 112 79
4 154 255 155 228 @ 113 78
2 200 133 @ 191 68
2 263 200 @ 191 67
1 209 @ 320 54
4 208 209 212 139 @ 246 79
2 230 161 @ 224 76
3 138 139 256 @ 243 130
1 139 @ 243 129
2 144 208 @ 244 129
3 257 175 176 @ 217 69
5 142 143 145 220 210 @ 122 136
2 220 143 @ 123 135
1 210 @ 123 134
1 208 @ 243 136
1 146 @ 104 120
0 @ 104 119
5 178 179 251 166 207 @ 140 29
3 175 258 149 @ 208 65
3 263 175 176 @ 208 64
1 170 @ 237 130
2 170 171 @ 238 129
3 254 171 153 @ 240 130
1 171 @ 240 129
4 155 255 229 156 @ 118 72
2 241 156 @ 118 71
2 195 229 @ 119 71
2 181 180 @ 239 29
3 159 160 164 @ 205 88
2 160 161 @ 205 87
1 161 @ 206 87
0 @ 206 86
1 163 @ 140 45
2 187 262 @ 141 43
2 165 199 @ 197 76
1 257 @ 197 75
2 207 167 @ 142 20
3 224 225 227 @ 142 19
1 169 @ 250 2
2 185 186 @ 251 0
2 254 171 @ 238 130
1 254 @ 239 129
4 250 251 187 262 @ 141 40
1 174 @ 0 69
1 240 @ 1 68
3 257 258 176 @ 213 64
1 263 @ 213 63
3 178 179 202 @ 137 34
3 179 202 201 @ 137 33
0 @ 138 33
3 181 182 212 @ 240 31
2 182 183 @ 240 30
6 183 234 184 219 209 212 @ 241 30
1 184 @ 241 29
3 219 186 185 @ 279 28
2 186 237 @ 279 27
1 219 @ 280 27
1 262 @ 141 42
3 190 216 189 @ 117 110
2 252 190 @ 117 109
3 216 222 195 @ 118 109
0 @ 235 130
4 234 209 193 194 @ 312 53
2 194 243 @ 313 53
2 244 243 @ 313 52
4 199 196 197 229 @ 157 56
3 197 198 206 @ 157 55
1 198 @ 158 55
2 207 206 @ 158 54
2 218 200 @ 182 64
2 263 218 @ 183 64
3 202 241 242 @ 126 53
0 @ 127 52
1 204 @ 186 121
0 @ 186 120
0 @ 149 1
2 251 207 @ 157 49
3 251 217 218 @ 158 48
1 209 @ 291 120
1 234 @ 292 119
1 211 @ 123 131
2 221 222 @ 123 130
0 @ 234 51
2 218 214 @ 235 19
3 239 245 246 @ 236 18
2 216 222 @ 118 121
1 222 @ 118 120
1 218 @ 173 55
1 263 @ 174 55
1 234 @ 286 34
0 @ 123 136
1 222 @ 121 124
0 @ 121 123
1 232 @ 55 0
3 227 225 226 @ 142 12
1 226 @ 143 11
1 227 @ 143 10
0 @ 141 13
3 255 229 248 @ 114 80
2 255 248 @ 115 80
0 @ 229 79
4 240 242 232 233 @ 57 20
1 233 @ 57 19
1 242 @ 58 19
1 235 @ 296 43
0 @ 296 42
2 237 238 @ 245 13
2 238 259 @ 246 12
2 259 246 @ 246 11
2 259 246 @ 248 0
3 241 242 261 @ 57 45
2 242 261 @ 58 44
0 @ 58 43
1 244 @ 315 53
0 @ 315 52
2 246 247 @ 238 17
2 259 247 @ 238 16
0 @ 239 16
0 @ 114 83
3 250 251 262 @ 143 42
2 251 262 @ 143 41
0 @ 144 41
2 253 260 @ 95 104
2 260 261 @ 95 103
0 @ 239 130
0 @ 114 78
0 @ 242 130
1 258 @ 208 67
0 @ 208 66
0 @ 247 9
1 261 @ 63 96
0 @ 64 94
0 @ 142 42
0 @ 208 60
