555
5 1 120 475 188 371 @ 469 260
5 2 188 459 371 372 @ 469 259
3 459 188 189 @ 470 259
4 271 417 270 4 @ 299 235
6 271 272 487 102 417 301 @ 299 234
9 90 149 151 203 6 7 205 386 249 @ 410 186
3 7 244 386 @ 411 186
3 90 244 276 @ 411 185
6 538 9 297 298 128 504 @ 254 101
6 43 187 154 156 298 128 @ 255 100
5 177 11 518 175 367 @ 222 220
4 171 132 514 367 @ 222 219
6 322 445 13 14 485 89 @ 0 1
1 14 @ 0 0
3 19 485 486 @ 1 0
4 423 16 529 424 @ 306 125
7 58 424 115 529 530 433 143 @ 307 125
4 43 186 512 18 @ 269 79
7 43 45 512 142 178 179 143 @ 269 78
3 20 206 486 @ 110 0
2 206 207 @ 111 0
14 92 523 542 204 22 55 459 397 398 300 53 31 196 519 @ 468 171
8 244 406 276 243 204 23 397 467 @ 457 167
5 471 397 398 54 467 @ 457 166
8 344 77 474 527 119 443 285 473 @ 427 122
4 211 26 27 426 @ 639 272
1 27 @ 640 271
4 34 428 426 427 @ 640 270
4 29 109 404 108 @ 493 93
5 109 404 405 441 30 @ 494 92
7 236 237 405 377 441 515 252 @ 494 91
5 220 523 32 543 196 @ 491 165
4 426 428 196 543 @ 492 165
5 34 280 428 460 549 @ 639 107
3 280 35 428 @ 640 107
2 280 281 @ 640 106
6 470 38 37 315 135 136 @ 499 106
3 470 38 98 @ 499 105
5 39 98 136 137 138 @ 500 105
4 98 99 100 138 @ 500 104
4 42 533 312 41 @ 466 25
6 165 42 306 125 126 533 @ 466 24
2 312 165 @ 467 24
5 44 186 45 156 298 @ 264 74
5 45 494 157 298 178 @ 264 73
1 178 @ 265 72
6 302 110 111 112 47 48 @ 488 83
3 48 425 112 @ 489 82
5 302 303 425 283 50 @ 489 81
5 129 484 50 399 442 @ 487 65
6 425 442 283 483 484 252 @ 488 65
4 52 248 191 383 @ 260 225
7 101 383 248 123 102 418 124 @ 261 225
3 54 55 398 @ 460 164
4 471 472 398 55 @ 460 163
3 520 472 519 @ 461 163
4 57 210 153 416 @ 639 0
3 416 282 462 @ 640 0
7 423 424 511 512 469 374 143 @ 295 119
7 72 404 60 331 316 389 235 @ 491 90
5 236 237 72 61 235 @ 492 89
4 72 237 73 74 @ 492 88
7 303 344 346 63 528 483 71 @ 460 75
6 129 528 260 399 483 338 @ 460 74
5 457 517 540 170 65 @ 193 229
2 517 170 @ 194 229
4 391 534 535 67 @ 429 254
4 391 534 291 292 @ 430 254
4 351 369 69 353 @ 441 142
8 182 183 370 369 315 353 336 466 @ 441 141
5 389 345 346 388 71 @ 464 89
5 302 303 346 331 389 @ 465 89
2 331 73 @ 490 88
3 331 74 332 @ 491 87
6 237 111 112 425 332 251 @ 491 86
7 97 155 156 79 80 81 356 @ 263 96
7 164 77 463 464 284 285 473 @ 428 128
2 473 285 @ 428 127
6 145 130 131 265 400 401 @ 355 153
3 356 357 80 @ 264 96
3 357 81 547 @ 265 95
3 156 547 186 @ 265 94
7 341 453 294 296 120 83 270 @ 245 272
3 453 454 294 @ 245 271
6 470 256 315 85 213 86 @ 497 102
4 86 87 256 257 @ 497 101
4 87 213 214 215 @ 498 101
3 215 257 515 @ 498 100
6 364 269 267 268 217 89 @ 1 136
5 321 322 269 445 217 @ 2 135
3 288 249 276 @ 411 184
4 92 195 290 327 @ 474 259
5 326 327 459 195 196 @ 475 258
4 278 313 368 94 @ 472 51
4 95 278 314 313 @ 472 50
4 442 278 314 275 @ 473 50
5 437 438 545 123 546 @ 220 167
3 356 187 155 @ 263 97
3 470 99 213 @ 499 104
3 213 214 100 @ 499 103
4 138 214 215 252 @ 500 103
2 102 418 @ 263 226
6 124 529 546 417 418 301 @ 264 226
5 510 390 104 105 293 @ 487 141
5 183 472 293 315 105 @ 487 140
1 106 @ 488 140
1 221 @ 488 139
7 375 439 440 404 315 316 108 @ 493 95
4 109 404 440 441 @ 493 94
1 441 @ 494 93
4 302 250 251 111 @ 489 85
2 251 112 @ 490 84
1 425 @ 490 83
6 152 482 499 354 355 480 @ 615 89
4 144 115 531 116 @ 276 44
5 144 306 116 433 143 @ 277 43
4 200 201 531 306 @ 277 42
4 119 474 131 118 @ 416 123
5 131 119 432 433 401 @ 416 122
3 474 527 432 @ 417 121
11 341 299 475 476 458 478 211 122 371 121 479 @ 486 272
3 211 122 426 @ 487 271
4 166 479 426 449 @ 487 270
8 509 411 133 247 514 545 124 248 @ 227 178
2 546 545 @ 227 177
3 126 165 127 @ 468 18
5 306 240 241 337 127 @ 468 17
3 165 240 307 @ 469 16
4 409 187 356 504 @ 263 100
4 442 260 264 399 @ 479 62
3 145 146 131 @ 359 155
7 164 146 147 490 473 474 401 @ 360 154
3 133 514 410 @ 201 211
2 410 411 @ 201 210
5 182 352 350 468 353 @ 443 145
3 136 402 403 @ 500 107
2 137 403 @ 500 106
3 138 503 403 @ 501 106
2 503 252 @ 501 105
4 330 255 141 140 @ 238 116
4 255 141 456 324 @ 238 115
4 456 493 330 536 @ 239 114
4 144 157 179 143 @ 271 64
2 144 512 @ 272 63
3 310 157 531 @ 272 62
8 146 147 489 380 259 234 225 265 @ 366 162
1 147 @ 366 161
2 490 234 @ 367 161
3 392 149 150 @ 406 203
6 392 150 151 333 334 249 @ 406 202
5 391 392 151 203 204 @ 407 202
1 203 @ 407 201
5 153 499 482 416 253 @ 590 55
4 442 210 416 253 @ 590 54
3 156 187 155 @ 261 97
2 156 187 @ 262 97
1 186 @ 262 96
6 309 310 494 447 178 179 @ 266 56
5 366 299 227 159 419 @ 442 257
5 292 366 204 300 419 @ 442 256
5 162 161 457 184 245 @ 230 241
2 162 318 @ 231 241
3 246 318 245 @ 231 240
3 164 436 369 @ 413 144
5 436 490 473 369 463 @ 413 143
4 275 307 312 442 @ 469 21
3 426 449 450 @ 487 261
5 313 263 340 228 273 @ 468 49
4 373 540 169 170 @ 186 218
3 171 373 170 @ 186 217
2 540 171 @ 187 217
2 411 410 @ 187 216
5 395 173 174 396 469 @ 273 107
2 174 469 @ 274 107
5 409 511 396 548 469 @ 274 106
6 457 245 246 176 177 518 @ 226 224
2 177 246 @ 227 223
1 367 @ 227 222
1 179 @ 266 70
0 @ 267 69
4 540 453 216 181 @ 0 272
2 267 216 @ 0 271
3 183 353 468 @ 447 145
5 471 472 315 467 468 @ 448 145
8 453 491 457 295 412 413 317 318 @ 236 255
4 186 511 512 548 @ 269 87
3 512 547 548 @ 269 86
1 356 @ 262 98
3 475 189 358 @ 470 260
4 325 326 459 358 @ 471 259
8 492 247 382 383 246 513 191 367 @ 256 227
3 247 248 383 @ 257 225
2 390 193 @ 483 158
1 194 @ 484 157
1 510 @ 484 156
3 196 290 477 @ 475 259
4 477 479 426 450 @ 476 258
4 198 544 221 503 @ 492 147
3 503 502 315 @ 492 146
5 348 349 232 200 422 @ 282 11
6 306 422 202 201 348 304 @ 283 10
4 393 202 310 531 @ 276 33
3 348 393 347 @ 276 32
2 204 205 @ 410 196
5 391 292 243 205 300 @ 411 195
2 243 386 @ 411 194
3 448 207 486 @ 111 1
3 232 448 422 @ 112 0
4 209 242 337 210 @ 473 1
2 210 337 @ 473 0
3 307 308 242 @ 474 0
1 426 @ 487 272
8 451 452 306 506 311 532 533 339 @ 464 37
2 470 214 @ 498 103
1 215 @ 499 102
2 515 252 @ 499 101
5 238 540 217 267 218 @ 132 196
4 219 321 267 218 @ 132 195
3 219 238 429 @ 133 195
3 429 321 508 @ 133 194
3 544 221 543 @ 490 155
2 544 390 @ 490 154
4 299 291 223 496 @ 436 257
4 496 292 291 224 @ 436 256
4 497 516 292 496 @ 437 256
5 272 226 259 384 265 @ 361 221
5 259 384 333 385 249 @ 362 221
4 365 361 299 366 @ 441 257
7 506 273 274 229 230 339 340 @ 467 45
2 230 506 @ 467 44
5 451 452 274 275 506 @ 468 44
5 309 232 233 347 393 @ 276 18
5 422 309 349 233 448 @ 276 17
2 349 347 @ 277 17
2 489 490 @ 369 162
3 236 404 405 @ 492 91
2 237 405 @ 493 90
2 425 252 @ 493 89
6 540 239 429 553 373 286 @ 139 197
4 429 553 554 508 @ 140 195
4 307 308 242 241 @ 471 8
2 242 337 @ 471 7
2 308 337 @ 472 6
2 244 386 @ 412 187
2 276 386 @ 412 186
2 457 246 @ 231 238
2 492 318 @ 232 237
3 248 513 514 @ 256 224
0 @ 257 224
7 288 289 378 259 319 333 379 @ 386 173
4 331 302 251 332 @ 489 86
1 332 @ 490 85
8 515 503 425 442 499 354 498 253 @ 573 68
2 499 442 @ 574 67
4 438 255 329 330 @ 237 120
4 323 324 438 330 @ 237 119
3 375 315 257 @ 496 100
3 375 258 515 @ 497 99
4 375 376 515 377 @ 497 98
4 378 379 380 381 @ 381 169
4 261 262 264 338 @ 468 56
4 262 263 338 340 @ 468 55
3 368 263 264 @ 469 55
3 313 368 340 @ 469 54
3 277 442 368 @ 474 56
6 487 420 272 430 266 400 @ 343 149
3 431 430 420 @ 343 148
1 268 @ 0 137
1 364 @ 0 136
2 364 445 @ 1 135
6 271 272 296 384 341 417 @ 313 239
1 272 @ 313 238
2 487 384 @ 314 238
4 274 275 313 314 @ 471 47
1 275 @ 471 46
4 452 442 314 312 @ 472 46
2 288 406 @ 412 185
3 278 368 442 @ 473 52
2 442 368 @ 473 51
6 487 433 530 500 501 301 @ 331 140
3 282 281 460 @ 639 106
1 282 @ 640 105
2 460 462 @ 640 104
2 303 483 @ 487 73
3 464 466 285 @ 430 129
2 443 466 @ 430 128
3 373 553 287 @ 146 198
5 362 554 553 373 507 @ 147 196
2 289 406 @ 411 170
3 406 319 407 @ 411 169
4 455 327 475 477 @ 474 260
4 341 292 299 534 @ 435 257
5 391 361 366 497 360 @ 436 255
5 520 472 510 526 524 @ 482 153
4 454 295 296 414 @ 249 263
4 491 296 413 414 @ 249 262
2 491 417 @ 250 262
5 538 539 494 495 298 @ 249 103
1 494 @ 250 102
9 341 365 541 496 458 300 516 419 359 @ 450 259
3 541 542 419 @ 451 257
3 487 529 530 @ 327 140
2 303 331 @ 486 82
1 483 @ 486 81
3 306 305 422 @ 288 1
2 306 422 @ 288 0
4 533 337 433 339 @ 289 0
2 308 442 @ 473 10
0 @ 473 9
4 393 310 447 448 @ 267 50
2 393 531 @ 268 49
3 532 452 312 @ 465 31
3 452 532 533 @ 466 31
2 368 314 @ 471 50
0 @ 472 49
7 470 375 443 316 387 466 444 @ 465 100
3 404 387 389 @ 465 99
3 491 492 318 @ 237 247
1 492 @ 237 246
4 407 379 350 320 @ 410 159
3 435 350 379 @ 410 158
3 322 508 323 @ 104 107
3 323 324 485 @ 104 106
4 508 324 438 509 @ 105 106
2 456 485 @ 105 105
5 455 326 327 475 358 @ 472 260
2 327 459 @ 472 259
1 455 @ 473 259
5 438 330 329 521 522 @ 237 124
2 438 330 @ 237 123
2 522 536 @ 238 122
2 332 389 @ 489 87
0 @ 490 86
3 385 334 535 @ 400 215
3 391 392 535 @ 401 214
3 336 370 463 @ 433 135
4 370 463 465 466 @ 433 134
0 @ 472 0
4 528 433 339 340 @ 462 53
3 506 433 340 @ 462 52
0 @ 463 52
5 342 343 384 385 534 @ 419 257
3 343 385 535 @ 419 256
2 534 535 @ 420 256
6 345 346 527 528 443 444 @ 426 114
4 346 444 387 388 @ 462 87
0 @ 462 86
3 393 348 349 @ 279 16
1 349 @ 280 15
0 @ 280 14
8 435 407 436 351 369 352 467 468 @ 441 145
3 369 352 353 @ 441 144
1 353 @ 442 144
0 @ 442 143
6 498 480 355 503 549 550 @ 586 79
2 498 499 @ 586 78
2 409 357 @ 264 97
3 409 547 548 @ 265 96
1 475 @ 471 260
3 516 365 360 @ 439 257
4 361 365 497 516 @ 439 256
2 365 366 @ 440 256
3 373 411 363 @ 162 194
3 509 507 411 @ 162 193
1 445 @ 0 135
0 @ 440 257
0 @ 441 256
2 513 514 @ 227 221
0 @ 472 52
3 436 370 463 @ 434 139
1 463 @ 434 138
2 458 372 @ 468 260
2 458 459 @ 468 259
2 540 411 @ 150 199
5 521 423 394 546 469 @ 284 118
2 376 439 @ 495 98
2 439 377 @ 496 97
4 439 440 441 515 @ 496 96
1 379 @ 384 171
3 435 381 436 @ 384 170
3 381 490 489 @ 379 167
2 436 490 @ 379 166
4 417 418 492 383 @ 259 228
1 418 @ 259 227
1 385 @ 378 239
1 535 @ 379 239
0 @ 411 187
3 444 388 389 @ 464 96
1 389 @ 464 95
0 @ 465 94
1 510 @ 488 147
2 392 535 @ 405 209
0 @ 405 208
0 @ 275 29
9 505 521 522 408 395 396 469 536 504 @ 270 107
2 396 469 @ 271 107
2 409 408 @ 271 106
1 398 @ 458 166
0 @ 459 165
2 483 484 @ 482 66
3 420 421 401 @ 353 152
2 421 433 @ 353 151
3 502 503 403 @ 501 108
1 503 @ 501 107
1 405 @ 492 92
0 @ 493 91
2 407 467 @ 412 168
1 467 @ 412 167
2 505 409 @ 268 105
3 505 548 504 @ 269 104
1 411 @ 197 210
0 @ 197 209
4 413 414 453 454 @ 244 268
1 414 @ 244 267
1 454 @ 245 267
5 551 552 461 481 416 @ 622 91
4 461 462 481 482 @ 622 90
3 491 492 418 @ 263 229
0 @ 263 228
0 @ 443 257
2 421 431 @ 347 149
3 433 431 501 @ 348 149
0 @ 287 0
3 424 529 546 @ 304 125
0 @ 304 124
0 @ 490 82
2 427 428 @ 609 220
1 428 @ 610 219
3 543 503 549 @ 610 218
1 508 @ 134 194
4 487 488 501 431 @ 341 147
1 501 @ 342 147
3 433 434 527 @ 418 116
4 528 530 501 434 @ 418 115
2 527 528 @ 419 115
1 436 @ 410 156
1 490 @ 410 155
3 438 546 521 @ 225 156
2 521 509 @ 225 155
1 440 @ 494 96
1 441 @ 495 95
0 @ 495 94
0 @ 482 53
2 444 466 @ 429 117
0 @ 429 116
0 @ 0 134
4 447 448 485 486 @ 116 36
4 494 448 456 485 @ 117 35
1 486 @ 117 34
2 479 450 @ 485 261
1 479 @ 485 260
2 506 452 @ 465 38
0 @ 465 37
3 540 454 457 @ 244 272
0 @ 245 270
1 475 @ 473 260
3 493 494 485 @ 239 110
3 540 517 518 @ 210 240
2 541 459 @ 467 260
2 541 542 @ 468 258
3 461 462 549 @ 636 102
3 551 462 549 @ 636 101
0 @ 637 101
2 465 464 @ 431 134
2 465 466 @ 431 133
1 466 @ 432 133
0 @ 432 132
2 471 468 @ 446 150
0 @ 446 149
1 511 @ 278 110
0 @ 498 104
1 472 @ 456 155
1 520 @ 457 155
1 474 @ 416 125
0 @ 416 124
2 476 477 @ 475 261
2 478 477 @ 476 261
2 478 479 @ 476 260
1 479 @ 477 261
0 @ 478 261
4 552 481 482 550 @ 615 90
2 552 482 @ 616 90
0 @ 616 89
1 484 @ 484 69
0 @ 484 68
1 486 @ 113 41
0 @ 113 40
2 488 500 @ 336 146
2 500 501 @ 336 145
1 490 @ 373 163
0 @ 374 163
1 492 @ 244 248
0 @ 244 247
3 494 495 536 @ 240 110
1 495 @ 240 109
3 537 539 536 @ 241 109
1 516 @ 437 257
1 516 @ 438 256
1 499 @ 585 75
0 @ 585 74
1 501 @ 335 143
0 @ 335 142
1 503 @ 507 119
3 543 544 549 @ 508 119
3 505 538 536 @ 266 105
0 @ 267 105
0 @ 466 43
3 509 508 554 @ 148 191
2 554 509 @ 148 190
0 @ 149 190
0 @ 484 152
2 512 548 @ 270 88
0 @ 270 87
1 514 @ 232 219
0 @ 232 218
0 @ 498 99
0 @ 438 257
1 518 @ 207 237
0 @ 208 237
2 520 523 @ 468 163
2 523 524 @ 468 162
2 522 546 @ 239 128
1 536 @ 239 127
2 524 525 @ 481 158
2 525 526 @ 481 157
1 526 @ 482 157
0 @ 482 156
1 528 @ 420 115
0 @ 421 114
2 546 530 @ 315 132
0 @ 315 131
0 @ 275 45
1 533 @ 465 29
0 @ 465 28
1 535 @ 425 256
0 @ 426 254
2 537 538 @ 245 110
2 538 539 @ 245 109
1 539 @ 246 109
0 @ 246 108
0 @ 187 227
1 542 @ 456 258
0 @ 456 257
1 544 @ 493 156
0 @ 493 155
1 546 @ 226 173
0 @ 227 173
1 548 @ 266 93
0 @ 267 92
2 551 550 @ 616 98
2 551 552 @ 616 97
1 552 @ 617 97
0 @ 617 96
1 554 @ 142 196
0 @ 142 195
