260
11 1 242 60 83 210 2 29 30 241 141 108 @ 169 117
5 94 2 3 210 101 @ 169 116
3 95 3 141 @ 170 116
2 94 95 @ 170 115
6 5 245 120 15 19 90 @ 233 31
5 243 245 8 9 120 @ 234 30
5 133 7 36 136 137 @ 108 121
7 133 209 36 37 17 199 200 @ 109 121
5 244 246 243 9 10 @ 240 29
4 10 11 140 120 @ 240 28
3 244 38 11 @ 241 28
3 39 140 38 @ 241 27
5 43 78 13 44 191 @ 148 0
2 191 179 @ 149 0
5 185 117 18 15 184 @ 213 59
4 185 18 19 90 @ 213 58
5 133 134 17 241 30 @ 123 134
4 241 242 133 209 @ 123 133
7 117 247 88 216 19 111 127 @ 233 51
2 245 88 @ 233 50
9 21 31 129 150 151 25 251 32 57 @ 146 50
3 151 252 251 @ 146 49
3 194 23 112 @ 94 108
4 36 137 156 112 @ 95 107
3 227 25 130 @ 122 61
7 170 130 172 227 229 129 31 @ 123 60
5 206 214 27 28 207 @ 141 23
5 151 207 28 180 162 @ 142 22
6 44 211 178 212 180 214 @ 142 21
3 208 30 60 @ 124 136
3 241 208 134 @ 124 135
3 172 173 32 @ 132 49
5 205 63 64 251 173 @ 133 48
6 48 49 233 234 34 35 @ 319 53
2 49 35 @ 320 52
4 234 123 124 75 @ 320 51
3 137 156 37 @ 112 111
4 99 156 157 200 @ 113 111
9 39 244 82 246 248 88 72 73 218 @ 282 28
7 93 258 225 176 140 218 74 @ 282 27
4 221 41 42 220 @ 58 18
6 221 171 206 42 232 173 @ 59 17
5 78 206 220 214 76 @ 59 16
5 78 44 212 213 214 @ 144 8
3 191 178 212 @ 145 7
5 197 135 196 46 47 @ 319 136
1 47 @ 320 135
2 122 197 @ 320 134
4 49 233 122 197 @ 319 54
1 122 @ 320 53
4 143 62 51 174 @ 241 130
5 174 52 143 144 126 @ 241 129
3 126 70 174 @ 242 129
3 54 167 168 @ 0 68
3 230 113 168 @ 0 67
5 94 56 186 148 101 @ 114 87
5 147 148 165 163 186 @ 114 86
6 222 129 150 94 175 58 @ 170 57
6 59 222 175 187 89 90 @ 171 57
3 222 151 90 @ 171 56
9 61 62 181 135 138 159 66 108 240 @ 242 136
3 135 62 71 @ 243 135
5 174 69 71 143 240 @ 243 134
4 251 65 64 85 @ 136 46
4 205 65 87 162 @ 136 45
2 87 85 @ 137 45
5 67 68 138 181 109 @ 236 130
3 109 68 126 @ 236 129
4 138 139 159 126 @ 237 129
3 71 70 174 @ 243 130
3 126 174 71 @ 243 129
4 135 196 126 127 @ 244 129
6 131 132 247 248 73 81 @ 286 35
2 82 81 @ 286 34
4 93 218 75 124 @ 319 0
1 124 @ 320 0
4 77 78 201 220 @ 56 1
2 78 201 @ 56 0
1 214 @ 57 0
5 133 188 80 136 112 @ 0 136
2 188 167 @ 0 135
2 82 132 @ 289 34
3 132 217 218 @ 290 33
7 202 203 84 142 141 108 126 @ 233 129
4 108 109 126 181 @ 234 129
4 154 86 87 251 @ 139 45
4 87 154 155 198 @ 140 44
3 155 161 162 @ 140 43
4 245 246 247 248 @ 250 53
2 187 90 @ 174 57
5 151 120 180 185 187 @ 174 56
4 93 169 177 92 @ 249 1
2 93 169 @ 249 0
2 176 177 @ 250 0
6 129 175 148 95 101 235 @ 173 109
4 141 235 142 255 @ 174 109
5 249 204 126 97 145 @ 206 89
4 249 152 145 146 @ 206 88
4 233 234 193 123 @ 312 50
4 157 200 101 100 @ 116 110
2 101 157 @ 116 109
4 210 157 186 200 @ 117 109
4 103 104 149 119 @ 118 72
5 227 119 104 105 166 @ 118 71
5 128 148 149 129 105 @ 119 71
3 128 130 227 @ 119 70
4 237 239 140 107 @ 241 16
5 223 224 140 238 239 @ 242 15
1 181 @ 234 130
2 181 126 @ 235 129
4 116 125 111 117 @ 222 73
3 125 216 117 @ 223 73
4 188 136 194 137 @ 94 113
4 219 114 115 230 @ 0 1
1 115 @ 0 0
3 220 219 201 @ 1 0
4 125 117 158 182 @ 219 71
2 184 182 @ 219 70
4 147 165 166 119 @ 112 79
3 147 149 166 @ 113 78
3 121 180 140 @ 235 19
5 169 180 140 237 238 @ 236 18
1 197 @ 320 54
3 193 124 234 @ 311 46
5 131 132 193 217 218 @ 311 45
5 153 249 158 215 216 @ 224 76
8 203 139 250 249 160 204 144 127 @ 235 86
5 247 250 196 197 216 @ 236 85
2 129 130 @ 120 69
2 148 130 @ 121 68
1 227 @ 121 67
3 247 193 132 @ 292 38
1 217 @ 292 37
3 208 134 136 @ 122 136
1 208 @ 123 135
1 196 @ 243 136
1 137 @ 104 120
0 @ 104 119
1 159 @ 237 130
2 159 160 @ 238 129
3 223 225 237 @ 241 26
1 142 @ 199 108
3 202 204 255 @ 200 107
3 160 144 240 @ 240 130
1 160 @ 240 129
3 152 204 192 @ 205 88
3 249 153 152 @ 206 87
3 148 149 165 @ 115 80
1 149 @ 116 80
0 @ 116 79
2 222 151 @ 154 49
4 222 180 252 162 @ 154 48
2 153 192 @ 205 87
3 192 249 158 @ 206 86
2 251 198 @ 140 45
3 252 161 198 @ 141 43
3 194 157 186 @ 113 108
1 186 @ 114 108
4 256 192 182 255 @ 206 85
2 160 240 @ 238 130
1 240 @ 239 129
2 252 162 @ 141 41
3 252 205 207 @ 141 40
4 195 164 186 165 @ 109 82
4 195 165 166 231 @ 109 81
1 166 @ 110 81
3 227 228 231 @ 110 80
3 188 189 168 @ 0 69
2 189 230 @ 1 68
6 257 259 176 177 180 238 @ 248 0
4 172 171 229 228 @ 125 54
4 172 228 232 173 @ 125 53
1 173 @ 126 53
2 205 206 @ 126 52
0 @ 242 130
5 235 236 253 254 187 @ 180 62
3 258 259 177 @ 249 3
0 @ 249 2
3 179 180 191 @ 150 1
2 180 191 @ 150 0
0 @ 151 0
0 @ 235 130
4 256 183 184 254 @ 208 62
3 185 254 184 @ 208 61
1 185 @ 209 61
2 187 254 @ 209 60
1 195 @ 113 89
1 254 @ 177 59
3 189 194 190 @ 58 95
2 190 230 @ 58 94
3 195 230 194 @ 59 94
0 @ 149 1
2 204 255 @ 204 86
3 247 233 197 @ 308 48
1 195 @ 65 96
2 230 231 @ 66 94
1 197 @ 291 120
2 247 233 @ 292 119
2 252 251 @ 141 45
3 209 210 200 @ 118 121
1 210 @ 118 120
1 220 @ 55 0
2 203 204 @ 202 105
1 204 @ 203 104
1 255 @ 203 103
2 206 207 @ 139 27
2 207 214 @ 139 26
0 @ 140 25
0 @ 123 136
2 242 210 @ 122 125
1 242 @ 122 124
3 212 213 214 @ 142 12
1 213 @ 143 11
1 214 @ 143 10
0 @ 141 13
3 249 216 250 @ 229 80
1 250 @ 229 79
1 218 @ 295 29
0 @ 295 28
4 221 230 232 220 @ 57 20
1 221 @ 57 19
1 232 @ 58 19
0 @ 170 56
2 224 225 @ 245 13
4 257 225 226 238 @ 245 12
2 258 226 @ 246 12
2 257 258 @ 246 11
2 228 229 @ 121 59
3 229 231 232 @ 121 58
0 @ 122 58
2 231 232 @ 57 45
1 232 @ 58 44
0 @ 58 43
1 234 @ 315 53
0 @ 315 52
2 255 236 @ 185 66
3 256 253 255 @ 186 66
2 238 239 @ 238 17
2 257 239 @ 238 16
0 @ 239 16
0 @ 239 130
1 242 @ 124 132
0 @ 124 131
2 245 246 @ 240 30
1 246 @ 241 29
1 246 @ 240 31
0 @ 241 30
1 248 @ 252 56
0 @ 252 55
1 250 @ 229 82
0 @ 230 81
1 252 @ 143 47
0 @ 142 42
2 256 254 @ 188 66
1 256 @ 189 66
1 256 @ 200 80
0 @ 200 79
2 258 259 @ 247 8
1 259 @ 248 7
0 @ 248 6
