254
5 137 73 55 1 74 @ 203 143
3 55 56 74 @ 203 144
4 9 10 231 3 @ 173 235
6 231 4 232 65 66 10 @ 174 236
3 5 65 232 @ 174 257
5 232 65 170 208 210 @ 174 258
4 86 7 87 145 @ 344 147
5 87 8 89 51 145 @ 345 148
3 147 51 145 @ 345 149
5 231 187 10 239 138 @ 170 225
2 186 187 @ 171 225
8 114 246 66 172 12 242 178 177 @ 384 276
3 114 178 226 @ 385 276
8 199 14 166 44 164 194 73 162 @ 312 80
7 164 247 85 67 68 192 73 @ 313 81
5 47 48 40 41 16 @ 375 188
4 48 41 119 120 @ 376 189
5 18 19 126 127 66 @ 205 308
5 19 102 46 127 111 @ 205 309
4 66 241 111 195 @ 206 309
8 59 21 22 152 191 69 75 57 @ 211 23
5 76 59 22 174 176 @ 212 24
2 76 69 @ 212 25
6 150 24 105 191 219 173 @ 251 0
5 25 190 105 106 219 @ 252 1
4 158 220 219 106 @ 252 2
5 54 98 129 27 53 @ 239 181
4 128 98 129 197 @ 239 182
7 146 50 245 29 51 35 37 @ 345 161
2 51 35 @ 346 162
7 229 62 104 90 91 31 32 @ 461 0
3 104 60 32 @ 462 1
6 131 42 61 91 60 92 @ 462 2
4 34 129 197 245 @ 244 194
3 245 246 197 @ 245 195
3 51 36 37 @ 350 168
4 123 51 38 37 @ 351 169
5 245 246 124 123 172 @ 351 170
6 39 40 47 123 125 51 @ 372 186
4 172 41 40 125 @ 372 187
2 47 41 @ 373 187
2 120 172 @ 373 188
7 131 132 61 233 235 88 133 @ 461 135
6 58 198 44 212 176 243 @ 237 56
8 198 199 215 166 214 220 176 142 @ 238 56
6 181 182 46 209 141 180 @ 111 295
4 102 209 141 111 @ 112 296
5 201 202 48 89 51 @ 375 187
2 201 119 @ 376 188
4 146 147 50 51 @ 346 155
2 146 51 @ 346 156
2 147 89 @ 347 156
6 97 248 53 54 95 96 @ 237 173
3 54 97 98 @ 237 174
3 245 248 129 @ 238 174
7 213 81 82 250 137 107 56 @ 201 144
3 107 238 218 @ 201 145
10 58 251 153 152 222 211 69 70 75 243 @ 211 32
3 243 212 75 @ 212 32
4 76 191 174 176 @ 212 23
2 104 61 @ 480 0
3 115 133 154 @ 481 1
4 227 229 64 63 @ 290 0
4 227 228 159 64 @ 290 1
3 228 142 229 @ 291 2
5 103 66 170 171 126 @ 212 279
6 246 207 126 241 242 197 @ 213 279
3 68 131 164 @ 336 77
2 192 131 @ 336 78
5 76 77 152 70 71 @ 212 28
3 72 71 211 @ 212 29
4 76 77 72 75 @ 213 29
4 77 211 212 75 @ 213 30
5 247 137 194 74 161 @ 220 139
2 95 247 @ 220 140
2 211 212 @ 212 31
2 77 176 @ 214 27
2 212 176 @ 214 28
4 234 134 79 80 @ 467 145
5 148 80 154 234 93 @ 467 146
3 133 154 134 @ 468 146
6 82 83 250 251 237 160 @ 212 117
2 213 83 @ 212 118
4 213 84 160 161 @ 213 118
3 137 213 161 @ 213 119
7 247 248 86 87 88 89 192 @ 343 144
4 146 248 87 145 @ 343 145
1 89 @ 344 146
6 132 202 233 234 89 192 @ 347 140
1 202 @ 347 141
8 165 229 100 101 230 91 92 162 @ 335 53
1 92 @ 336 54
4 163 164 131 162 @ 336 55
6 116 148 118 149 234 94 @ 466 155
5 115 149 118 154 224 @ 467 155
3 248 96 247 @ 234 165
5 97 98 205 206 207 @ 229 174
1 98 @ 230 175
2 207 197 @ 230 176
4 216 217 101 100 @ 309 41
4 216 230 101 144 @ 310 42
3 165 215 217 @ 310 43
5 103 169 171 209 127 @ 175 281
3 126 127 171 @ 176 281
0 @ 462 0
1 190 @ 252 0
3 158 190 236 @ 253 1
8 130 250 238 252 108 109 156 139 @ 103 211
3 238 109 138 @ 104 212
2 252 138 @ 104 213
10 121 250 249 189 221 222 155 156 225 122 @ 72 39
3 141 112 195 @ 210 321
2 195 196 @ 211 321
5 193 237 244 251 194 @ 225 80
5 115 184 224 242 226 @ 480 321
2 154 224 @ 481 321
5 117 118 202 234 135 @ 446 178
3 135 118 136 @ 446 179
3 136 223 224 @ 447 180
3 201 203 120 @ 377 189
3 203 172 200 @ 377 190
3 122 189 168 @ 59 41
2 225 168 @ 59 42
2 124 125 @ 363 183
2 125 172 @ 363 184
1 172 @ 364 184
1 127 @ 200 297
0 @ 200 298
2 129 197 @ 240 185
2 245 197 @ 241 186
4 139 168 155 156 @ 47 74
3 164 192 132 @ 346 97
1 192 @ 346 98
3 134 235 154 @ 467 140
2 234 235 @ 467 141
4 202 203 136 200 @ 383 191
3 183 200 223 @ 383 192
2 213 161 @ 212 120
5 231 252 253 238 239 @ 113 228
6 168 252 253 140 141 179 @ 0 320
1 141 @ 0 321
2 179 180 @ 1 321
8 228 214 229 230 220 158 143 144 @ 306 29
2 230 144 @ 307 30
3 214 216 230 @ 307 31
2 146 147 @ 344 150
3 147 245 248 @ 344 151
0 @ 345 152
2 154 149 @ 467 152
1 154 @ 467 153
5 221 188 152 191 151 @ 64 0
3 221 188 189 @ 64 1
3 191 153 221 @ 194 29
2 221 222 @ 194 30
0 @ 469 149
3 225 168 156 @ 49 71
1 250 @ 49 72
4 227 158 159 236 @ 288 0
4 228 236 220 159 @ 288 1
2 227 228 @ 289 1
2 161 237 @ 213 117
2 237 194 @ 214 119
4 163 164 165 166 @ 334 62
1 164 @ 335 63
0 @ 335 64
2 215 166 @ 312 57
1 215 @ 312 58
2 168 188 @ 0 0
3 188 189 225 @ 0 1
4 209 210 170 171 @ 175 270
2 210 171 @ 176 271
0 @ 176 272
3 200 246 177 @ 363 191
5 219 220 191 174 175 @ 217 20
3 191 175 176 @ 217 21
2 176 220 @ 218 21
2 220 212 @ 218 22
4 183 200 178 226 @ 388 272
1 226 @ 388 273
3 253 181 180 @ 101 280
2 181 182 @ 101 281
4 182 208 209 253 @ 102 281
0 @ 102 282
4 200 184 223 226 @ 434 258
3 226 223 224 @ 435 258
5 186 187 239 240 218 @ 168 213
3 187 207 218 @ 169 214
1 239 @ 169 215
1 189 @ 63 0
1 221 @ 64 2
1 236 @ 253 0
0 @ 212 22
0 @ 345 98
3 244 194 199 @ 227 78
2 199 237 @ 227 79
2 196 241 @ 211 320
2 242 241 @ 212 321
2 246 207 @ 235 193
2 199 243 @ 235 59
2 244 243 @ 235 60
1 203 @ 381 193
2 203 202 @ 378 188
2 203 234 @ 379 188
0 @ 379 189
2 205 206 @ 211 162
1 207 @ 211 163
1 207 @ 212 163
1 218 @ 212 164
5 253 231 209 210 232 @ 172 264
1 210 @ 172 265
0 @ 173 266
0 @ 212 30
0 @ 213 31
0 @ 212 119
2 215 216 @ 307 38
2 217 216 @ 307 39
1 217 @ 308 39
0 @ 308 40
2 238 240 @ 166 208
1 220 @ 251 2
0 @ 251 3
1 222 @ 181 47
2 249 251 @ 181 48
1 224 @ 443 244
0 @ 444 244
0 @ 59 43
0 @ 424 268
0 @ 289 0
0 @ 290 2
1 230 @ 309 22
0 @ 309 23
2 232 253 @ 171 249
0 @ 172 251
2 234 235 @ 461 136
1 235 @ 461 137
0 @ 462 137
0 @ 287 0
1 251 @ 213 116
2 239 240 @ 163 208
1 240 @ 163 209
0 @ 164 209
1 242 @ 212 319
0 @ 213 321
1 244 @ 230 61
1 251 @ 230 62
2 246 248 @ 250 196
0 @ 250 197
1 248 @ 236 163
0 @ 237 165
2 250 251 @ 183 80
1 251 @ 183 81
0 @ 184 81
1 253 @ 105 242
0 @ 105 243
