69 126
1
1
1
1
1
1
1
1
1
1
1
1
1
1
1
1
1
1
1
1
1
1
1
1
1
1
1
1
1
1
1
1
1
1
1
1
1
1
1
1
1
2
1
1
1
4
3
3
3
3
3
3
3
3
3
3
3
3
3
3
3
3
3
3
3
3
3
3
3
0 1 4
0 46 8
1 2 2
1 3 3
1 45 8
2 3 5
2 45 8
2 47 8
3 4 4
3 5 6
3 45 8
4 5 2
4 6 2
4 7 4
5 48 8
6 49 8
6 7 2
7 50 8
8 9 3
8 11 2
8 61 8
8 51 8
9 10 3
9 11 5
10 53 8
11 52 8
11 57 8
11 56 8
12 64 8
12 60 8
12 62 8
12 54 8
12 55 8
13 56 8
13 14 3
13 15 6
14 16 3
14 17 5
14 15 3
15 19 4
15 20 2
16 17 2
16 57 8
17 18 3
18 52 8
19 59 8
19 20 6
20 58 8
21 60 8
21 22 4
22 24 2
22 23 3
23 24 5
23 62 8
24 25 2
24 27 3
24 55 8
25 26 4
25 27 5
25 55 8
26 28 3
26 29 3
27 64 8
27 55 8
28 29 6
28 54 8
29 30 4
30 32 2
30 31 3
31 32 5
31 61 8
32 33 3
32 34 3
33 51 8
33 34 6
33 35 2
33 36 3
34 35 3
35 51 8
35 36 5
36 51 8
36 63 8
37 40 3
37 65 8
37 59 8
37 38 3
38 40 6
38 39 5
39 40 3
41 42 5
41 66 8
41 46 8
41 47 8
42 67 8
42 68 8
43 66 8
43 67 8
43 68 8
43 48 8
43 49 8
43 50 8
44 65 8
44 58 8
46 66 0
46 47 0
47 66 0
48 49 0
48 50 0
48 68 0
49 50 0
49 68 0
50 68 0
51 61 0
52 56 0
52 57 0
53 63 0
55 64 0
55 60 0
55 62 0
56 57 0
59 65 0
60 64 0
60 62 0
62 64 0
66 67 0
67 68 0
