56 109
1
1
1
1
1
1
1
1
1
1
1
1
1
1
1
1
1
1
1
1
1
1
1
1
1
1
1
1
1
1
1
1
1
1
2
1
1
1
1
1
4
3
3
3
3
3
3
3
3
3
3
3
3
3
3
3
0 40 8
0 1 3
0 41 8
1 51 8
1 2 3
1 50 8
1 5 5
2 50 8
2 3 4
2 5 2
2 51 8
3 4 3
4 6 4
4 7 6
5 51 8
5 50 8
5 6 5
6 7 2
7 42 8
8 9 2
8 10 5
8 43 8
9 10 3
9 44 8
9 54 8
9 55 8
10 11 2
10 12 2
11 12 4
11 45 8
12 16 2
12 13 3
13 16 5
13 14 5
14 15 3
15 47 8
16 46 8
17 48 8
17 18 3
17 19 6
18 19 3
18 53 8
18 49 8
19 20 2
19 21 3
20 24 5
20 21 5
20 22 2
21 41 8
21 42 8
21 50 8
22 24 3
22 23 4
23 52 8
24 25 3
25 26 3
26 51 8
27 48 8
27 49 8
27 52 8
27 53 8
28 29 4
28 54 8
29 30 3
29 31 3
30 55 8
30 31 6
31 32 3
32 33 5
32 34 3
32 43 8
32 44 8
32 45 8
32 47 8
33 34 2
33 34 4
33 43 8
33 44 8
33 45 8
33 47 8
34 43 8
34 44 8
34 45 8
34 47 8
35 36 3
35 46 8
35 39 2
36 37 4
36 39 5
37 38 4
38 39 4
40 41 0
41 42 0
41 50 0
42 50 0
43 44 0
43 45 0
43 47 0
44 45 0
44 47 0
44 54 0
44 55 0
45 47 0
48 49 0
48 52 0
49 52 0
49 53 0
50 51 0
54 55 0
