48 87
1
1
1
1
1
1
1
1
1
1
1
1
1
1
1
1
1
1
1
1
1
1
1
1
1
1
1
1
4
3
3
3
3
3
3
3
3
3
3
3
3
3
3
3
3
3
3
3
0 1 3
0 2 5
0 37 8
0 30 8
1 2 2
1 3 2
1 4 4
1 37 8
2 37 8
2 32 8
3 4 2
3 5 6
3 6 3
4 34 8
4 45 8
5 39 8
5 6 3
5 31 8
6 33 8
7 8 3
7 9 2
7 35 8
8 9 5
8 10 4
8 11 2
9 36 8
9 28 8
10 11 2
10 11 5
12 30 8
12 13 2
12 14 5
12 37 8
13 32 8
13 14 3
14 38 8
15 16 5
15 39 8
16 33 8
16 31 8
17 40 8
17 41 8
17 29 8
18 41 8
18 19 3
18 20 5
18 44 8
19 20 2
19 21 3
19 22 6
20 35 8
21 42 8
21 22 3
22 36 8
22 46 8
22 47 8
22 23 2
22 24 3
23 24 4
23 24 5
23 36 8
23 46 8
23 47 8
24 47 8
24 36 8
24 46 8
25 42 8
25 43 8
25 44 8
26 34 8
26 45 8
27 38 8
27 46 8
27 47 8
28 36 0
29 41 0
30 37 0
31 33 0
31 39 0
34 45 0
36 46 0
36 47 0
38 47 0
40 43 0
41 44 0
42 44 0
46 47 0
