56 95
1
1
1
1
1
1
1
1
1
1
1
1
1
1
1
1
1
1
1
1
1
1
1
1
1
1
1
1
1
1
1
1
1
1
1
1
4
3
3
3
3
3
3
3
3
3
3
3
3
3
3
3
3
3
3
3
0 1 5
0 37 8
1 2 3
2 3 4
2 4 2
3 48 8
3 4 2
3 5 4
3 6 2
4 40 8
5 48 8
5 51 8
5 38 8
5 6 2
6 48 8
6 39 8
7 8 3
7 41 8
8 9 3
9 42 8
9 50 8
10 43 8
10 11 5
10 47 8
11 12 2
11 13 3
12 44 8
12 13 5
13 16 5
13 14 2
14 16 3
14 15 3
15 45 8
16 17 5
17 46 8
18 43 8
18 44 8
18 45 8
18 47 8
19 40 8
19 48 8
19 37 8
19 38 8
19 39 8
20 41 8
20 42 8
20 21 3
21 22 5
22 49 8
22 52 8
23 24 3
23 25 5
23 50 8
24 25 2
24 26 4
24 27 2
25 27 2
25 28 4
26 27 6
26 29 4
26 30 2
27 28 2
28 30 2
28 31 4
29 32 3
29 30 6
29 31 2
30 31 2
31 32 5
32 51 8
33 49 8
33 52 8
33 46 8
34 53 8
34 54 8
34 55 8
35 36 8
35 54 8
35 55 8
36 54 0
38 39 0
38 40 0
38 48 0
38 51 0
39 40 0
39 48 0
40 48 0
41 42 0
42 50 0
43 45 0
43 47 0
44 47 0
46 52 0
49 52 0
54 55 0
