42 71
1
1
1
1
1
1
1
1
1
1
1
1
1
1
1
1
1
1
1
1
1
1
1
4
3
3
3
3
3
3
3
3
3
3
3
3
3
3
3
3
3
3
0 24 8
0 1 3
0 2 6
0 29 8
0 23 8
1 41 8
1 2 3
1 26 8
2 25 8
3 27 8
3 28 8
4 24 8
4 29 8
5 30 8
5 31 8
6 8 5
6 32 8
6 7 3
7 8 2
7 34 8
8 33 8
9 32 8
9 28 8
9 10 2
9 27 8
9 12 6
10 11 2
10 12 4
11 13 2
11 14 6
12 34 8
13 16 6
13 14 4
13 15 2
14 36 8
15 16 4
15 17 6
15 18 2
16 37 8
17 35 8
17 18 4
17 31 8
17 30 8
18 39 8
18 38 8
19 40 8
19 25 8
19 26 8
19 33 8
20 35 8
20 21 3
20 38 8
21 39 8
22 40 8
22 41 8
23 24 0
23 29 0
24 29 0
25 40 0
25 26 0
26 40 0
26 41 0
27 32 0
27 28 0
28 32 0
30 35 0
30 31 0
31 35 0
35 38 0
36 37 0
38 39 0
