34 60
1
1
1
1
1
1
1
1
1
2
1
1
1
1
1
1
1
1
4
3
3
3
3
3
3
3
3
3
3
3
3
3
3
3
0 19 8
0 20 8
1 2 3
1 4 5
1 21 8
2 3 4
2 4 2
3 5 6
3 6 2
4 23 8
5 22 8
5 6 4
6 7 4
7 24 8
8 9 2
8 9 4
8 10 3
8 21 8
8 22 8
8 23 8
8 24 8
9 9 6
9 10 5
9 10 1
10 11 4
12 26 8
12 27 8
13 18 8
13 26 8
13 27 8
13 28 8
13 29 8
13 30 8
14 28 8
14 29 8
14 30 8
15 16 4
15 20 8
15 31 8
16 32 8
16 33 8
17 32 8
17 33 8
18 28 0
18 30 0
19 25 0
20 31 0
21 24 0
21 22 0
21 23 0
22 24 0
22 23 0
23 24 0
25 31 0
26 27 0
26 29 0
27 29 0
28 30 0
28 29 0
32 33 0
