80 131
1
1
1
1
1
1
1
1
1
1
1
1
1
1
1
1
1
1
1
1
1
1
1
1
1
1
1
1
1
1
1
1
1
1
1
1
1
1
1
1
1
1
1
1
1
1
1
1
1
1
4
3
3
3
3
3
3
3
3
3
3
3
3
3
3
3
3
3
3
3
3
3
3
3
3
3
3
3
3
3
0 1 2
0 2 4
0 51 8
1 2 2
1 53 8
2 3 3
2 4 3
3 4 2
3 4 6
3 5 3
4 5 5
5 52 8
5 50 8
6 54 8
6 55 8
7 56 8
7 57 8
8 64 8
8 58 8
8 59 8
8 61 8
9 10 4
9 51 8
9 12 6
10 11 5
10 12 2
11 54 8
11 55 8
12 60 8
13 52 8
13 53 8
14 17 5
14 58 8
14 59 8
14 15 3
15 16 4
15 17 2
16 19 6
16 21 2
17 18 3
18 24 5
18 23 2
19 20 3
19 21 4
20 25 2
20 26 6
21 22 5
22 26 6
22 27 2
23 24 3
23 62 8
24 56 8
24 57 8
24 63 8
25 26 4
25 61 8
26 27 4
27 28 4
28 64 8
29 65 8
29 30 2
29 31 3
30 33 2
30 34 3
30 31 5
31 32 4
32 34 2
32 35 5
33 34 5
33 67 8
33 79 8
34 35 3
35 66 8
36 65 8
36 68 8
36 69 8
37 70 8
37 38 3
38 71 8
39 40 4
39 72 8
39 78 8
39 70 8
40 41 3
41 66 8
42 73 8
42 75 8
42 43 2
42 44 6
43 44 4
43 62 8
43 63 8
44 74 8
44 77 8
45 73 8
45 75 8
45 76 8
46 76 8
46 74 8
46 68 8
46 69 8
46 77 8
47 72 8
47 78 8
47 71 8
48 49 3
48 79 8
49 67 8
50 52 0
54 55 0
56 57 0
56 63 0
57 63 0
58 64 0
58 59 0
58 61 0
61 64 0
62 63 0
65 69 0
67 79 0
68 76 0
68 74 0
69 77 0
70 72 0
70 78 0
71 78 0
72 78 0
73 75 0
74 76 0
74 77 0
75 76 0
