48 76
1
1
1
1
1
1
1
1
1
1
1
1
1
1
1
1
1
1
1
1
1
1
1
1
1
1
1
4
3
3
3
3
3
3
3
3
3
3
3
3
3
3
3
3
3
3
3
3
0 28 8
0 29 8
1 2 4
1 4 6
1 30 8
2 3 5
2 4 2
3 32 8
4 5 3
4 6 3
5 6 6
5 31 8
6 33 8
6 44 8
7 8 4
7 10 2
7 34 8
8 9 3
8 10 2
8 27 8
9 27 8
9 36 8
10 35 8
11 28 8
11 12 5
11 29 8
11 37 8
12 38 8
13 14 4
13 39 8
14 17 2
14 15 3
15 16 4
15 17 5
16 40 8
16 41 8
17 38 8
18 40 8
18 41 8
18 39 8
19 42 8
19 43 8
20 44 8
20 21 3
20 31 8
21 33 8
22 37 8
22 46 8
22 45 8
23 32 8
23 46 8
23 45 8
23 30 8
24 25 3
24 26 6
24 43 8
25 26 3
25 42 8
25 47 8
26 34 8
26 35 8
26 36 8
28 29 0
28 37 0
29 37 0
30 32 0
31 44 0
33 44 0
34 35 0
34 36 0
35 36 0
37 45 0
39 40 0
40 41 0
42 47 0
45 46 0
