54 84
1
1
1
1
1
1
1
1
1
1
1
1
1
1
1
1
1
1
1
1
1
1
1
1
1
1
1
1
1
1
1
1
1
1
1
1
4
3
3
3
3
3
3
3
3
3
3
3
3
3
3
3
3
3
0 1 3
0 37 8
1 2 3
2 3 3
2 5 5
3 4 6
3 5 2
4 38 8
5 39 8
6 40 8
6 41 8
6 50 8
7 48 8
7 42 8
7 43 8
7 46 8
8 9 2
8 11 4
8 44 8
8 51 8
9 10 4
9 11 2
10 13 6
10 15 2
11 12 3
12 16 4
12 17 2
13 14 3
13 15 4
14 18 4
14 15 6
15 18 2
16 17 6
16 45 8
17 20 2
17 21 3
18 19 4
19 22 5
19 23 3
20 21 5
20 49 8
21 47 8
22 43 8
22 42 8
22 23 2
23 24 4
24 25 2
24 27 4
25 26 4
25 27 2
26 46 8
27 48 8
28 41 8
28 50 8
28 38 8
29 51 8
29 44 8
30 47 8
30 45 8
30 31 3
31 32 4
31 49 8
31 34 2
32 33 3
32 34 6
32 49 8
33 34 5
34 49 8
35 52 8
35 36 8
35 53 8
35 39 8
36 52 0
37 40 0
38 50 0
39 53 0
41 50 0
42 43 0
43 48 0
43 46 0
44 51 0
45 47 0
46 48 0
52 53 0
