35 58
1
1
1
1
1
1
1
1
1
1
1
1
1
1
1
1
1
1
1
1
4
3
3
3
3
3
3
3
3
3
3
3
3
3
3
0 1 3
0 21 8
1 2 2
1 3 4
2 3 2
2 23 8
3 22 8
4 5 2
4 6 3
4 21 8
5 25 8
5 30 8
5 6 5
6 24 8
7 8 3
7 9 3
7 26 8
7 27 8
7 28 8
7 29 8
8 9 4
8 9 6
10 27 8
10 11 2
10 13 3
11 12 3
11 13 5
12 14 6
12 15 2
13 26 8
14 28 8
14 15 4
15 29 8
16 24 8
16 25 8
16 20 8
16 30 8
17 33 8
17 34 8
17 22 8
17 31 8
18 32 8
18 23 8
19 33 8
19 34 8
20 30 0
24 25 0
25 30 0
26 27 0
26 28 0
26 29 0
27 28 0
27 29 0
28 29 0
31 32 0
31 33 0
31 34 0
33 34 0
