41 82
1
1
1
1
1
1
1
1
1
1
1
1
1
1
1
1
1
1
1
1
1
1
4
3
3
3
3
3
3
3
3
3
3
3
3
3
3
3
3
3
3
0 1 2
0 2 4
0 23 8
1 25 8
1 2 2
2 26 8
2 27 8
2 24 8
3 26 8
3 4 3
3 5 6
3 23 8
4 24 8
4 5 3
5 37 8
5 38 8
5 39 8
5 22 8
5 27 8
6 8 3
6 32 8
6 31 8
6 28 8
6 7 2
7 8 3
7 8 5
9 10 3
9 29 8
10 30 8
11 12 2
11 13 3
11 31 8
12 32 8
12 13 5
13 28 8
14 33 8
14 34 8
14 35 8
15 33 8
15 34 8
15 35 8
15 29 8
15 30 8
16 40 8
16 17 4
16 18 2
16 36 8
16 25 8
17 18 6
17 38 8
18 19 3
18 20 6
19 20 3
19 37 8
20 39 8
21 40 8
21 36 8
22 27 0
22 37 0
22 38 0
22 39 0
23 26 0
24 26 0
24 27 0
25 40 0
25 36 0
26 27 0
27 37 0
27 38 0
27 39 0
28 32 0
28 31 0
29 35 0
29 30 0
30 35 0
31 32 0
33 34 0
34 35 0
36 40 0
37 38 0
37 39 0
38 39 0
