48 99
1
1
1
1
1
1
1
1
1
1
1
1
1
1
1
1
1
1
1
1
1
1
1
1
1
1
1
1
1
4
3
3
3
3
3
3
3
3
3
3
3
3
3
3
3
3
3
3
0 1 2
0 2 4
0 30 8
1 2 2
1 2 2
1 3 2
2 3 4
3 4 2
3 7 4
4 5 3
4 7 2
5 6 3
6 8 2
6 9 6
7 10 2
7 11 3
8 9 4
8 12 6
8 13 3
9 34 8
10 35 8
10 11 5
11 33 8
12 13 3
12 31 8
13 32 8
14 36 8
14 37 8
15 16 4
15 17 6
15 38 8
16 17 2
16 39 8
16 41 8
17 40 8
17 29 8
18 41 8
18 19 3
18 20 5
19 36 8
19 37 8
19 42 8
19 44 8
19 20 2
20 40 8
20 38 8
20 39 8
21 24 2
21 43 8
21 22 2
22 24 4
22 23 3
23 44 8
24 25 2
24 26 4
25 26 6
25 45 8
25 47 8
26 46 8
27 32 8
27 33 8
27 34 8
27 35 8
27 43 8
27 30 8
27 31 8
28 42 8
28 45 8
28 46 8
28 47 8
29 40 0
30 32 0
30 34 0
30 35 0
30 33 0
30 31 0
31 32 0
31 33 0
31 34 0
31 35 0
32 33 0
32 34 0
32 35 0
33 34 0
33 35 0
34 35 0
36 42 0
36 44 0
36 37 0
37 44 0
37 42 0
38 40 0
38 39 0
39 41 0
39 40 0
42 44 0
42 47 0
45 46 0
45 47 0
