28 62
1
1
1
1
1
1
1
1
1
1
1
1
1
1
1
1
1
1
1
4
3
3
3
3
3
3
3
3
0 1 2
0 4 5
0 20 8
1 2 4
1 4 3
2 3 4
3 6 2
3 7 4
4 5 3
5 8 2
5 9 5
6 27 8
6 22 8
6 7 2
7 24 8
8 9 3
8 21 8
9 10 2
9 12 3
10 11 4
10 12 5
11 13 2
11 15 4
12 25 8
13 14 3
13 15 6
14 19 8
14 23 8
15 26 8
16 17 3
16 20 8
16 21 8
16 22 8
16 23 8
16 24 8
16 25 8
16 26 8
17 18 3
18 27 8
19 23 0
20 21 0
20 22 0
20 23 0
20 24 0
20 25 0
20 26 0
21 22 0
21 23 0
21 24 0
21 25 0
21 26 0
22 23 0
22 24 0
22 25 0
22 26 0
22 27 0
23 24 0
23 25 0
23 26 0
24 25 0
24 26 0
25 26 0
