55 81
1
1
1
1
1
1
1
1
1
1
1
1
2
1
1
1
1
1
1
1
1
1
1
1
1
1
1
1
1
1
1
1
1
1
1
4
3
3
3
3
3
3
3
3
3
3
3
3
3
3
3
3
3
3
3
0 1 5
0 36 8
1 2 2
1 3 3
2 8 6
2 3 5
2 6 4
3 4 4
4 5 3
5 39 8
6 8 2
6 7 3
7 9 6
7 10 3
8 37 8
9 10 3
9 11 6
9 12 4
10 38 8
11 12 2
11 12 4
13 40 8
13 41 8
13 51 8
14 40 8
14 42 8
14 43 8
15 16 5
15 43 8
15 42 8
15 35 8
16 17 3
16 35 8
17 41 8
18 19 4
18 44 8
18 22 6
19 20 5
19 22 2
20 21 5
21 46 8
22 45 8
23 24 4
23 26 6
23 44 8
23 47 8
24 25 4
24 26 2
25 45 8
25 46 8
26 48 8
26 36 8
27 49 8
27 28 5
28 29 4
29 50 8
30 49 8
30 51 8
31 48 8
31 52 8
31 47 8
32 52 8
32 38 8
33 53 8
33 37 8
33 54 8
33 39 8
34 50 8
34 53 8
34 54 8
36 48 0
37 54 0
37 39 0
39 54 0
40 43 0
41 51 0
42 43 0
44 47 0
45 46 0
47 48 0
53 54 0
