37 74
1
1
1
1
1
1
1
1
1
1
1
1
1
1
2
1
1
1
1
1
1
1
4
3
3
3
3
3
3
3
3
3
3
3
3
3
3
0 1 3
0 2 2
0 23 8
1 33 8
1 2 5
1 35 8
1 36 8
1 34 8
1 26 8
2 3 2
2 4 2
3 24 8
3 4 4
4 25 8
4 22 8
5 8 6
5 27 8
5 6 4
6 8 2
6 7 5
7 32 8
7 30 8
8 9 3
8 10 2
9 10 5
9 11 2
9 12 5
10 31 8
11 12 3
11 28 8
12 29 8
13 14 2
13 15 3
13 23 8
13 28 8
13 29 8
13 31 8
14 23 8
14 15 4
14 15 5
15 23 8
16 17 4
16 27 8
16 30 8
17 32 8
18 24 8
18 25 8
18 34 8
18 33 8
19 35 8
19 20 2
19 21 5
20 26 8
20 21 3
21 36 8
22 25 0
24 25 0
24 33 0
25 33 0
26 33 0
26 34 0
26 35 0
26 36 0
27 30 0
28 29 0
28 31 0
29 31 0
30 32 0
33 34 0
33 35 0
33 36 0
34 35 0
34 36 0
35 36 0
