61 103
1
1
1
1
1
1
1
1
1
2
1
1
1
1
1
1
1
1
1
1
1
1
1
1
1
1
1
1
1
1
1
1
1
1
4
3
3
3
3
3
3
3
3
3
3
3
3
3
3
3
3
3
3
3
3
3
3
3
3
3
3
0 35 8
0 36 8
1 37 8
1 38 8
2 34 8
2 3 3
2 39 8
3 40 8
3 34 8
4 40 8
4 35 8
4 36 8
4 39 8
5 56 8
5 41 8
5 42 8
5 57 8
6 43 8
6 7 3
7 44 8
8 9 5
8 43 8
8 45 8
9 48 8
9 46 8
10 11 3
10 12 5
10 47 8
11 48 8
11 12 2
12 46 8
13 41 8
13 42 8
13 49 8
13 14 4
13 15 6
14 59 8
14 51 8
14 15 2
15 50 8
15 54 8
16 60 8
16 55 8
16 52 8
16 53 8
16 47 8
17 18 2
17 53 8
18 19 4
19 20 2
19 21 4
19 38 8
19 37 8
20 37 8
20 38 8
20 21 2
20 22 2
20 23 5
21 37 8
21 38 8
21 55 8
22 54 8
22 23 3
23 24 2
24 50 8
25 56 8
25 26 2
25 29 2
26 27 4
26 29 4
27 28 3
28 58 8
29 30 3
30 57 8
31 44 8
31 45 8
32 49 8
32 58 8
32 59 8
32 51 8
33 52 8
33 60 8
35 36 0
35 39 0
36 39 0
37 38 0
41 42 0
41 49 0
41 56 0
41 57 0
42 49 0
43 45 0
46 48 0
47 53 0
47 55 0
49 58 0
49 59 0
50 54 0
51 59 0
52 60 0
53 55 0
56 57 0
58 59 0
