42 72
1
1
1
1
1
1
1
1
1
1
1
1
1
1
1
1
1
1
1
1
1
1
1
1
1
1
1
1
4
3
3
3
3
3
3
3
3
3
3
3
3
3
0 1 3
0 29 8
0 38 8
1 32 8
1 2 3
1 3 6
1 33 8
1 34 8
2 32 8
2 34 8
2 3 3
2 33 8
2 30 8
3 32 8
3 4 3
3 33 8
3 34 8
4 5 3
5 31 8
6 8 6
6 32 8
6 7 3
7 8 3
7 33 8
8 9 3
9 10 3
10 11 6
10 13 3
10 41 8
11 41 8
11 12 4
11 13 3
12 14 2
12 15 5
13 41 8
13 14 4
14 15 3
15 34 8
16 40 8
16 17 6
16 35 8
16 28 8
17 18 3
17 28 8
18 36 8
19 20 5
19 37 8
19 39 8
20 21 2
20 23 3
21 22 4
21 23 5
22 38 8
23 31 8
24 25 3
24 37 8
25 39 8
26 40 8
26 27 4
27 41 8
27 35 8
27 36 8
29 38 0
29 30 0
32 33 0
32 34 0
33 34 0
35 40 0
35 36 0
35 41 0
36 41 0
37 39 0
