60 98
1
1
1
1
1
1
1
1
1
1
1
1
1
1
1
1
1
1
1
1
1
1
1
1
1
1
1
1
1
1
1
1
1
1
1
1
4
3
3
3
3
3
3
3
3
3
3
3
3
3
3
3
3
3
3
3
3
3
3
3
0 1 2
0 2 3
0 37 8
1 2 5
1 5 4
1 7 6
2 3 2
3 4 4
4 40 8
5 6 4
5 7 2
6 8 6
6 9 3
7 39 8
8 9 3
8 38 8
8 57 8
9 41 8
10 42 8
10 11 4
11 12 3
12 43 8
12 44 8
13 44 8
13 42 8
13 43 8
13 36 8
14 45 8
14 15 3
15 16 5
16 17 5
17 18 3
17 19 3
18 19 6
18 46 8
18 59 8
19 47 8
20 48 8
20 49 8
20 50 8
20 37 8
20 38 8
21 24 6
21 50 8
21 22 3
22 24 3
22 23 3
23 52 8
24 51 8
25 26 4
25 28 6
25 53 8
26 27 5
26 28 2
27 29 4
27 31 6
28 54 8
29 30 4
29 31 2
30 40 8
30 55 8
30 39 8
31 56 8
32 48 8
32 57 8
32 49 8
33 58 8
33 53 8
33 54 8
33 55 8
34 59 8
34 52 8
34 45 8
34 46 8
34 47 8
35 41 8
35 51 8
36 44 0
37 48 0
37 38 0
38 57 0
38 48 0
39 40 0
39 55 0
40 55 0
42 43 0
43 44 0
45 59 0
46 59 0
46 52 0
46 47 0
47 52 0
48 49 0
49 50 0
53 54 0
53 55 0
54 55 0
56 58 0
