39 65
1
1
1
1
1
1
1
1
1
1
1
1
1
1
1
1
1
1
1
1
1
1
1
4
3
3
3
3
3
3
3
3
3
3
3
3
3
3
3
0 24 8
0 1 2
0 2 3
1 25 8
1 2 5
2 3 4
3 4 3
4 26 8
4 29 8
5 27 8
5 6 5
6 23 8
6 7 3
7 28 8
7 23 8
8 9 4
8 11 6
8 29 8
9 10 3
9 11 2
10 26 8
11 27 8
11 28 8
12 13 4
12 30 8
12 15 6
13 14 3
13 15 2
14 32 8
15 36 8
15 31 8
16 17 4
16 19 6
16 33 8
17 18 5
17 19 2
18 35 8
19 34 8
20 24 8
20 21 3
20 30 8
20 31 8
21 25 8
21 36 8
22 32 8
22 37 8
22 38 8
24 30 0
24 31 0
25 36 0
26 29 0
27 28 0
30 31 0
31 36 0
32 38 0
33 34 0
33 35 0
33 37 0
33 38 0
34 35 0
34 37 0
34 38 0
35 37 0
35 38 0
37 38 0
