43 81
1
1
1
1
1
1
1
1
1
1
1
1
1
1
1
1
1
1
1
1
1
1
1
1
1
1
4
3
3
3
3
3
3
3
3
3
3
3
3
3
3
3
3
0 1 4
0 28 8
1 2 2
1 3 5
2 3 3
2 29 8
2 38 8
2 41 8
3 4 2
3 5 6
4 5 4
4 6 3
4 7 5
5 8 2
5 9 3
6 42 8
6 30 8
6 7 2
7 32 8
8 9 5
8 37 8
8 33 8
9 31 8
10 28 8
10 34 8
10 35 8
10 36 8
11 33 8
11 26 8
11 35 8
11 12 2
11 13 4
12 33 8
12 36 8
12 13 2
12 26 8
12 31 8
13 33 8
13 26 8
13 37 8
14 40 8
14 29 8
14 38 8
14 39 8
15 16 2
15 17 5
15 39 8
16 40 8
16 17 3
17 18 4
18 19 2
18 21 4
19 20 3
19 21 6
20 24 3
20 22 3
21 41 8
22 24 6
22 23 4
23 24 2
23 25 2
23 30 8
24 25 4
24 30 8
25 32 8
25 42 8
25 30 8
26 33 0
27 34 0
28 34 0
29 38 0
29 39 0
29 40 0
29 41 0
30 42 0
31 36 0
32 42 0
33 37 0
35 36 0
38 41 0
39 40 0
