44 67
1
1
1
1
1
1
1
1
1
1
1
1
1
1
1
1
1
1
1
1
1
1
1
1
1
1
4
3
3
3
3
3
3
3
3
3
3
3
3
3
3
3
3
3
0 1 5
0 27 8
1 28 8
2 32 8
2 29 8
2 30 8
3 28 8
3 36 8
3 31 8
4 30 8
4 5 2
4 6 6
5 32 8
5 6 4
6 10 5
6 7 2
7 8 3
7 10 3
8 9 3
9 11 6
9 13 4
10 14 2
10 15 3
11 12 3
11 13 2
12 16 2
12 13 6
13 16 4
14 35 8
14 15 5
15 33 8
16 40 8
16 34 8
17 36 8
17 31 8
18 19 2
18 20 4
18 37 8
19 43 8
19 20 2
19 38 8
20 39 8
21 40 8
21 22 2
21 23 4
22 39 8
22 23 2
23 34 8
24 41 8
24 42 8
24 26 8
25 43 8
25 37 8
25 38 8
26 41 0
27 29 0
30 32 0
31 36 0
33 41 0
33 42 0
33 35 0
34 40 0
35 42 0
35 41 0
37 38 0
38 43 0
41 42 0
