34 65
1
1
1
1
1
1
1
1
1
1
1
1
1
1
1
1
1
1
1
1
1
1
1
4
3
3
3
3
3
3
3
3
3
3
0 24 8
0 1 2
0 3 3
1 2 4
1 3 5
2 25 8
2 23 8
3 26 8
4 24 8
4 25 8
4 27 8
4 28 8
4 33 8
5 29 8
5 6 2
5 7 4
6 8 4
6 9 2
6 7 2
7 9 2
7 10 4
8 9 6
8 10 2
8 11 4
9 10 2
10 11 6
11 12 4
11 15 6
12 13 4
12 15 2
13 14 4
14 17 2
14 19 4
15 16 3
16 30 8
17 18 3
17 19 2
18 31 8
19 32 8
20 27 8
20 28 8
20 21 2
20 22 5
21 32 8
21 22 3
21 29 8
21 30 8
21 31 8
22 33 8
22 26 8
23 25 0
24 25 0
24 28 0
24 33 0
25 33 0
25 28 0
26 33 0
27 28 0
28 33 0
29 32 0
29 30 0
29 31 0
30 32 0
30 31 0
31 32 0
