78 130
1
1
1
1
1
1
1
1
1
1
1
1
1
1
1
1
1
1
1
1
1
1
1
1
1
1
1
1
2
1
1
1
1
1
1
1
1
1
1
1
1
1
1
1
2
1
1
1
1
1
4
3
3
3
3
3
3
3
3
3
3
3
3
3
3
3
3
3
3
3
3
3
3
3
3
3
3
3
0 1 5
0 51 8
1 60 8
1 52 8
1 61 8
2 3 3
2 5 6
2 72 8
2 50 8
2 51 8
2 59 8
3 72 8
3 4 4
3 5 3
4 6 2
4 7 5
5 72 8
5 58 8
6 9 6
6 10 3
6 7 3
7 8 3
8 55 8
9 10 3
9 53 8
10 11 5
11 12 5
11 13 2
12 13 3
12 54 8
13 14 3
14 16 2
14 15 5
15 16 3
15 56 8
16 17 4
17 57 8
18 59 8
18 52 8
18 55 8
19 60 8
19 53 8
19 54 8
19 61 8
20 56 8
20 62 8
20 21 2
20 22 4
21 56 8
21 22 2
21 63 8
22 56 8
22 23 3
23 24 6
23 25 3
23 57 8
24 25 3
24 57 8
24 28 6
24 29 4
25 57 8
25 26 4
26 27 4
27 32 5
27 30 2
28 29 2
28 29 5
30 32 3
30 31 3
31 64 8
32 65 8
33 34 3
33 35 6
33 66 8
34 67 8
34 35 3
35 68 8
36 69 8
36 70 8
37 65 8
37 69 8
37 70 8
37 71 8
38 71 8
38 62 8
38 63 8
39 72 8
39 73 8
40 41 2
40 74 8
40 43 2
41 42 4
41 43 4
42 44 4
42 45 2
43 75 8
44 45 3
44 45 6
46 66 8
46 67 8
46 76 8
46 77 8
47 48 3
47 74 8
47 75 8
48 76 8
48 68 8
48 77 8
49 73 8
49 58 8
50 59 0
50 51 0
51 59 0
52 60 0
52 61 0
53 61 0
54 60 0
55 59 0
60 61 0
62 63 0
65 69 0
65 70 0
66 67 0
66 76 0
67 76 0
68 76 0
68 77 0
69 70 0
74 75 0
76 77 0
