74 127
1
1
1
1
1
1
1
1
1
1
1
1
1
1
1
1
1
2
1
1
1
1
1
1
1
1
1
1
1
1
1
1
1
1
1
1
1
1
1
1
1
1
1
1
1
2
1
4
3
3
3
3
3
3
3
3
3
3
3
3
3
3
3
3
3
3
3
3
3
3
3
3
3
3
0 48 8
0 1 5
0 54 8
1 2 2
1 3 6
1 55 8
2 3 4
2 49 8
2 55 8
3 4 3
3 6 6
3 55 8
4 5 3
4 6 3
5 51 8
6 50 8
7 52 8
7 53 8
7 47 8
8 48 8
8 49 8
8 66 8
8 54 8
9 56 8
9 10 2
9 11 5
10 11 3
10 57 8
11 58 8
11 70 8
12 59 8
12 13 4
12 62 8
12 63 8
13 14 4
13 15 6
14 73 8
14 61 8
14 15 2
15 68 8
15 67 8
15 60 8
16 59 8
16 62 8
17 18 3
17 63 8
18 19 2
18 20 6
19 65 8
19 20 4
20 64 8
21 51 8
21 22 4
22 24 3
22 23 6
23 24 3
23 25 4
23 26 2
24 27 6
24 28 2
25 26 2
25 26 6
25 30 3
26 30 3
27 67 8
27 28 4
28 29 4
29 32 2
29 31 6
30 66 8
31 32 4
31 68 8
32 60 8
33 34 6
33 36 2
33 69 8
34 35 4
34 36 4
35 36 5
35 37 2
36 37 3
37 38 3
38 41 5
38 39 3
39 40 3
39 41 2
40 56 8
40 57 8
40 58 8
41 70 8
42 72 8
42 43 2
42 45 5
42 45 6
43 44 3
43 45 3
43 45 4
44 69 8
45 45 1
46 64 8
46 73 8
46 61 8
47 52 0
48 49 0
48 54 0
50 52 0
50 53 0
50 55 0
52 53 0
52 55 0
53 55 0
54 66 0
56 58 0
56 57 0
57 58 0
58 70 0
59 62 0
59 63 0
60 67 0
60 68 0
61 73 0
62 63 0
64 73 0
65 72 0
65 71 0
67 68 0
71 72 0
