78 124
1
1
1
2
1
1
1
1
1
1
1
1
1
1
1
1
1
1
1
1
1
1
1
1
1
1
1
1
1
1
1
1
1
1
1
1
1
1
1
1
1
1
1
1
4
3
3
3
3
3
3
3
3
3
3
3
3
3
3
3
3
3
3
3
3
3
3
3
3
3
3
3
3
3
3
3
3
3
0 1 3
0 45 8
1 56 8
1 2 2
1 3 5
1 3 6
2 56 8
2 3 3
2 3 4
2 46 8
3 56 8
3 56 8
3 3 1
4 48 8
4 49 8
5 50 8
5 45 8
5 6 3
5 7 5
6 51 8
6 7 2
7 46 8
8 48 8
8 49 8
8 50 8
8 51 8
8 63 8
9 52 8
9 53 8
10 54 8
10 55 8
11 56 8
11 44 8
11 47 8
12 57 8
12 62 8
12 60 8
12 13 3
12 14 2
13 59 8
13 77 8
13 14 5
14 58 8
15 16 3
15 17 5
15 60 8
16 17 2
16 68 8
16 61 8
17 62 8
18 19 3
18 63 8
19 64 8
20 64 8
20 21 3
21 65 8
22 57 8
22 23 2
23 65 8
23 58 8
24 25 2
24 26 6
24 66 8
25 26 4
25 67 8
25 70 8
26 68 8
27 28 4
27 54 8
27 30 6
27 55 8
28 29 4
28 30 2
29 32 5
29 33 2
30 31 3
31 35 3
31 36 5
32 72 8
32 33 3
32 69 8
33 34 4
34 71 8
35 36 2
35 70 8
36 67 8
36 66 8
37 72 8
37 73 8
37 69 8
37 71 8
38 73 8
38 39 4
39 74 8
40 75 8
40 76 8
41 74 8
41 75 8
41 76 8
42 43 3
42 77 8
43 59 8
44 56 0
45 50 0
48 49 0
50 51 0
50 63 0
51 63 0
52 53 0
52 61 0
53 61 0
54 55 0
57 60 0
57 62 0
58 65 0
59 77 0
60 62 0
61 68 0
66 67 0
67 70 0
69 72 0
69 71 0
72 73 0
75 76 0
