38 70
1
1
1
1
1
1
1
1
1
1
1
2
1
1
1
1
1
1
1
1
1
1
1
1
1
1
4
3
3
3
3
3
3
3
3
3
3
3
0 1 2
0 2 2
0 27 8
1 2 4
1 3 2
1 4 6
2 28 8
3 4 4
3 29 8
4 5 3
4 6 2
5 9 6
5 6 5
5 7 2
6 33 8
6 30 8
7 8 3
7 9 4
8 10 6
8 12 4
9 32 8
9 34 8
10 11 4
10 12 2
11 12 6
11 13 4
12 13 2
13 31 8
14 32 8
14 33 8
14 15 3
14 16 6
14 26 8
14 28 8
14 29 8
15 16 3
15 32 8
15 26 8
15 30 8
16 32 8
16 34 8
16 26 8
17 35 8
17 18 2
17 19 4
18 19 2
18 21 3
18 22 5
19 20 3
20 22 2
20 23 5
21 36 8
21 37 8
21 22 2
22 23 3
23 24 3
24 31 8
24 27 8
25 35 8
25 36 8
25 37 8
26 32 0
27 31 0
28 33 0
28 29 0
29 33 0
30 33 0
32 34 0
35 36 0
36 37 0
