63 118
1
1
1
1
1
1
1
1
1
1
1
1
1
1
1
1
1
1
1
1
1
1
1
1
1
1
1
1
1
1
1
1
1
1
1
1
1
1
1
1
1
1
4
3
3
3
3
3
3
3
3
3
3
3
3
3
3
3
3
3
3
3
3
0 1 3
0 2 6
0 42 8
0 53 8
0 43 8
1 2 3
1 44 8
1 53 8
1 46 8
2 53 8
2 45 8
3 46 8
3 47 8
4 48 8
4 49 8
4 59 8
5 50 8
5 51 8
6 8 5
6 43 8
6 44 8
6 7 2
7 8 3
7 9 4
7 10 2
8 53 8
8 45 8
9 10 2
9 47 8
10 11 3
10 12 6
11 52 8
11 12 3
12 62 8
12 54 8
13 55 8
13 50 8
13 51 8
13 14 4
13 15 6
14 15 2
14 56 8
14 58 8
14 60 8
14 61 8
15 57 8
16 48 8
16 17 3
16 19 2
17 18 3
17 19 5
18 20 5
18 22 2
18 49 8
19 24 2
19 25 4
20 49 8
20 21 3
20 22 3
21 26 3
21 23 6
22 49 8
22 23 4
23 26 3
24 25 6
24 28 2
24 29 5
25 60 8
26 27 4
27 59 8
28 58 8
28 29 3
29 30 2
29 31 3
30 61 8
30 31 5
31 56 8
31 55 8
32 33 2
32 36 3
32 57 8
33 34 4
33 36 5
34 35 3
35 36 3
35 37 5
36 37 2
37 38 2
37 40 4
37 52 8
37 54 8
38 40 2
38 52 8
38 54 8
38 39 5
39 40 2
39 41 2
40 41 4
40 52 8
40 54 8
41 62 8
42 43 0
43 44 0
44 46 0
45 53 0
49 59 0
50 51 0
50 55 0
51 55 0
52 54 0
54 62 0
55 56 0
56 58 0
56 60 0
56 61 0
58 60 0
58 61 0
60 61 0
