43 75
1
1
1
2
1
1
1
1
1
1
1
1
1
1
1
1
1
1
2
2
1
1
1
1
1
1
1
1
1
1
1
4
3
3
3
3
3
3
3
3
3
3
3
0 32 8
0 1 2
0 2 5
1 33 8
1 2 3
2 3 2
2 4 2
3 4 3
3 4 4
5 34 8
5 6 4
6 9 4
6 7 2
7 8 3
7 9 2
8 10 3
8 11 3
9 10 3
10 11 6
11 12 4
12 13 2
12 14 3
13 35 8
13 14 5
14 36 8
14 37 8
15 16 2
15 17 4
15 37 8
16 17 2
16 34 8
16 35 8
16 36 8
17 32 8
17 33 8
17 18 3
17 19 3
18 32 8
18 19 5
18 19 6
18 33 8
19 32 8
19 33 8
20 41 8
20 21 2
20 38 8
20 23 5
21 22 3
21 23 3
22 42 8
22 39 8
23 40 8
24 40 8
24 25 2
24 27 3
24 38 8
25 26 5
25 27 5
26 28 2
26 29 3
27 28 3
27 31 8
28 29 5
28 31 8
29 41 8
30 42 8
30 39 8
32 33 0
34 35 0
34 36 0
35 36 0
36 37 0
38 40 0
38 41 0
39 42 0
