36 63
1
1
1
1
1
1
1
1
1
1
1
1
1
1
1
2
1
1
1
1
1
1
4
3
3
3
3
3
3
3
3
3
3
3
3
3
0 1 2
0 2 3
0 23 8
1 25 8
1 2 5
1 35 8
2 3 3
3 4 4
3 5 6
4 26 8
4 5 2
5 24 8
6 8 3
6 27 8
6 7 2
7 8 5
7 29 8
8 9 3
9 28 8
10 11 2
10 13 2
10 30 8
11 12 3
11 13 4
11 22 8
12 13 4
12 22 8
14 32 8
14 27 8
14 29 8
14 15 3
14 15 5
15 32 8
15 27 8
15 29 8
16 17 4
16 18 6
16 34 8
16 31 8
17 33 8
17 18 2
17 34 8
18 34 8
18 32 8
19 24 8
19 33 8
19 34 8
19 31 8
20 28 8
20 30 8
21 25 8
21 26 8
21 35 8
21 23 8
23 35 0
25 26 0
25 35 0
27 32 0
27 29 0
29 32 0
31 33 0
31 34 0
33 34 0
