47 88
1
1
1
1
1
1
1
1
1
1
1
1
1
1
1
1
1
1
1
1
1
1
1
1
2
1
1
1
2
1
4
3
3
3
3
3
3
3
3
3
3
3
3
3
3
3
3
0 1 4
0 31 8
1 2 2
1 3 6
2 3 4
2 4 5
2 5 2
3 8 2
3 7 2
4 33 8
4 5 3
5 6 4
6 9 4
6 10 2
7 8 4
7 34 8
8 36 8
9 32 8
9 10 2
9 39 8
10 35 8
11 37 8
11 38 8
12 32 8
12 35 8
12 31 8
12 39 8
13 40 8
13 43 8
13 44 8
13 14 3
14 16 3
14 15 6
15 16 3
15 17 5
15 18 2
16 19 3
16 20 6
17 33 8
17 34 8
17 37 8
17 38 8
17 18 3
18 19 6
18 21 2
19 20 3
19 21 4
20 22 2
20 23 3
21 36 8
22 42 8
22 23 5
23 41 8
23 46 8
24 25 3
24 26 5
24 43 8
24 30 8
25 40 8
25 26 2
26 27 2
26 28 3
26 28 4
27 44 8
27 28 5
27 28 6
28 28 1
29 41 8
29 42 8
29 45 8
29 46 8
30 43 0
31 32 0
31 35 0
32 35 0
32 39 0
33 34 0
33 37 0
33 38 0
34 37 0
34 38 0
37 38 0
40 43 0
40 44 0
41 42 0
41 46 0
43 44 0
45 46 0
