55 111
1
1
1
1
1
1
1
1
1
1
1
1
1
1
1
1
1
1
1
1
1
1
1
1
1
1
1
1
1
1
1
1
1
1
4
3
3
3
3
3
3
3
3
3
3
3
3
3
3
3
3
3
3
3
3
0 1 3
0 35 8
1 2 4
1 3 6
2 3 2
2 36 8
3 37 8
3 48 8
3 49 8
3 50 8
3 51 8
4 38 8
4 44 8
4 5 2
4 6 4
5 6 2
5 39 8
6 8 5
6 7 2
7 8 3
7 40 8
8 9 3
8 10 6
9 10 3
9 42 8
9 54 8
10 11 4
11 12 2
11 13 2
12 41 8
12 13 4
13 43 8
13 53 8
14 16 6
14 44 8
14 15 4
15 16 2
15 45 8
16 17 2
17 18 4
17 19 6
18 19 2
18 47 8
19 46 8
20 48 8
20 21 2
20 22 3
21 24 6
21 22 5
21 23 3
22 49 8
23 24 3
23 37 8
24 25 4
25 26 3
25 27 2
26 50 8
26 27 5
27 51 8
27 34 8
28 35 8
28 52 8
28 29 2
28 30 4
29 30 4
29 30 2
29 31 2
30 31 6
31 36 8
32 41 8
32 43 8
32 52 8
32 53 8
33 38 8
33 39 8
33 40 8
33 42 8
33 45 8
33 46 8
33 47 8
33 54 8
34 51 0
35 52 0
37 48 0
37 49 0
37 50 0
37 51 0
38 44 0
38 45 0
38 46 0
38 47 0
38 54 0
39 40 0
39 42 0
40 42 0
41 43 0
42 54 0
43 53 0
45 46 0
45 47 0
45 54 0
46 47 0
46 54 0
47 54 0
48 49 0
48 50 0
48 51 0
49 50 0
49 51 0
50 51 0
52 53 0
