52 83
1
1
1
1
1
1
1
1
1
1
1
1
1
1
1
1
1
1
1
1
1
1
1
1
1
1
1
1
1
1
4
3
3
3
3
3
3
3
3
3
3
3
3
3
3
3
3
3
3
3
3
3
0 1 4
0 39 8
0 31 8
1 2 2
1 4 5
2 3 3
2 4 3
3 32 8
4 43 8
4 44 8
4 33 8
5 34 8
5 6 3
6 35 8
7 8 4
7 9 6
7 42 8
7 36 8
8 9 2
8 51 8
8 38 8
9 48 8
9 37 8
10 40 8
10 41 8
10 39 8
10 31 8
11 40 8
11 41 8
12 42 8
12 36 8
12 46 8
13 33 8
13 14 5
14 16 3
14 15 3
15 16 6
15 43 8
15 30 8
16 44 8
17 18 2
17 19 5
17 45 8
18 19 3
18 47 8
19 46 8
19 38 8
20 48 8
20 21 3
20 22 5
21 37 8
21 22 2
22 25 3
22 23 2
23 24 5
23 25 5
24 26 4
24 27 6
25 26 5
26 27 2
27 32 8
28 49 8
28 50 8
28 35 8
29 49 8
29 50 8
29 47 8
30 43 0
31 39 0
33 43 0
33 44 0
34 45 0
35 49 0
36 42 0
37 48 0
38 51 0
38 46 0
39 40 0
39 41 0
40 41 0
42 46 0
43 44 0
49 50 0
