64 111
1
1
1
2
1
1
1
1
1
1
1
1
1
1
1
1
1
1
1
1
1
1
1
1
1
1
1
1
1
1
1
1
1
1
1
1
4
3
3
3
3
3
3
3
3
3
3
3
3
3
3
3
3
3
3
3
3
3
3
3
3
3
3
3
0 1 4
0 44 8
0 37 8
1 2 3
1 3 5
1 3 6
1 36 8
2 3 2
2 3 3
2 36 8
2 38 8
3 3 1
3 36 8
3 36 8
4 44 8
4 5 2
4 6 4
5 8 3
5 9 5
5 6 2
6 7 3
7 9 5
7 10 2
8 9 2
8 12 4
8 13 2
9 10 3
10 11 4
11 16 2
11 14 5
12 13 2
12 45 8
13 46 8
14 16 3
14 15 2
15 59 8
15 47 8
16 48 8
17 49 8
17 50 8
17 43 8
17 51 8
18 49 8
18 50 8
18 51 8
18 38 8
19 52 8
19 20 4
19 23 6
20 21 5
20 23 2
21 22 4
22 54 8
23 53 8
24 25 4
24 45 8
24 46 8
24 55 8
25 26 3
26 56 8
27 57 8
27 28 3
28 29 3
28 31 5
29 30 2
29 31 2
30 58 8
30 62 8
31 41 8
32 48 8
32 59 8
32 55 8
32 47 8
33 60 8
33 52 8
33 61 8
33 53 8
34 57 8
34 58 8
34 62 8
35 40 8
35 42 8
35 63 8
35 39 8
37 43 0
37 44 0
38 51 0
39 42 0
39 63 0
40 63 0
42 63 0
43 50 0
45 46 0
45 55 0
46 55 0
47 48 0
47 59 0
49 50 0
49 51 0
52 60 0
52 53 0
53 60 0
54 56 0
54 60 0
54 61 0
55 59 0
56 60 0
56 61 0
57 62 0
58 62 0
60 61 0
