43 78
1
1
1
1
1
1
1
1
2
1
1
1
1
1
1
1
1
1
1
1
1
1
1
1
1
1
1
4
3
3
3
3
3
3
3
3
3
3
3
3
3
3
3
0 1 2
0 3 4
0 28 8
1 2 3
1 3 2
2 30 8
3 36 8
3 37 8
3 38 8
3 29 8
4 5 2
4 6 4
4 31 8
5 32 8
5 6 2
6 7 5
7 33 8
7 34 8
8 32 8
8 9 3
8 34 8
8 31 8
9 10 3
9 11 6
10 11 3
10 33 8
11 35 8
11 42 8
12 36 8
12 13 2
12 14 6
13 29 8
13 14 4
14 16 2
14 15 4
15 16 6
15 27 8
15 37 8
16 38 8
17 18 2
17 20 3
17 39 8
18 19 3
18 20 5
19 41 8
20 40 8
21 42 8
21 22 4
21 23 6
22 35 8
22 23 2
23 41 8
24 39 8
24 40 8
24 25 3
24 26 5
24 28 8
24 30 8
25 26 2
25 26 4
25 28 8
25 30 8
26 28 8
26 30 8
27 37 0
28 30 0
29 36 0
29 37 0
29 38 0
31 32 0
31 34 0
32 34 0
33 34 0
35 42 0
36 38 0
36 37 0
37 38 0
39 40 0
