33 89
1
1
1
1
1
1
1
1
1
1
1
1
1
1
1
1
1
1
1
1
1
1
4
3
3
3
3
3
3
3
3
3
3
0 1 3
0 2 5
0 23 8
1 24 8
1 2 2
2 3 3
3 4 3
3 6 6
4 5 3
4 6 3
5 8 2
5 7 5
6 9 2
6 10 2
7 8 3
7 11 3
7 12 5
8 13 6
8 14 3
9 16 2
9 10 4
9 15 2
10 30 8
11 17 2
11 12 2
11 12 2
12 17 4
13 28 8
13 14 3
14 18 6
14 19 2
15 16 4
15 25 8
16 31 8
16 22 8
17 26 8
18 27 8
18 32 8
18 19 4
19 20 2
20 29 8
21 32 8
21 23 8
21 24 8
21 25 8
21 26 8
21 27 8
21 28 8
21 29 8
21 30 8
21 31 8
22 31 0
23 24 0
23 25 0
23 26 0
23 27 0
23 28 0
23 29 0
23 30 0
23 31 0
24 25 0
24 26 0
24 27 0
24 28 0
24 29 0
24 30 0
24 31 0
25 26 0
25 27 0
25 28 0
25 29 0
25 30 0
25 31 0
26 27 0
26 28 0
26 29 0
26 30 0
26 31 0
27 32 0
27 28 0
27 29 0
27 30 0
27 31 0
28 29 0
28 30 0
28 31 0
29 30 0
29 31 0
30 31 0
