61 111
1
1
1
1
1
1
1
1
1
1
1
1
1
1
1
1
1
1
1
1
1
1
1
1
1
1
1
1
1
1
1
1
1
1
4
3
3
3
3
3
3
3
3
3
3
3
3
3
3
3
3
3
3
3
3
3
3
3
3
3
3
0 1 3
0 35 8
1 2 2
1 3 6
2 3 4
2 36 8
3 4 3
4 5 2
4 6 5
5 56 8
5 37 8
5 6 3
6 38 8
7 35 8
7 36 8
8 9 2
8 10 5
8 43 8
8 44 8
8 39 8
9 10 3
9 43 8
9 44 8
9 47 8
9 40 8
10 43 8
10 11 2
10 12 5
10 44 8
11 12 3
11 42 8
12 41 8
12 46 8
13 43 8
13 14 3
13 15 5
14 44 8
14 15 2
15 16 2
15 17 6
16 17 4
16 41 8
17 18 4
17 19 6
18 19 2
18 46 8
19 52 8
19 45 8
20 40 8
20 42 8
20 47 8
20 39 8
21 24 3
21 48 8
21 59 8
21 60 8
21 22 2
22 24 5
22 59 8
22 60 8
22 23 5
23 34 8
23 50 8
24 49 8
24 59 8
24 60 8
25 52 8
25 26 2
25 28 2
26 27 3
26 28 4
27 45 8
28 53 8
29 51 8
29 54 8
29 55 8
30 57 8
30 54 8
30 38 8
30 55 8
31 56 8
31 37 8
31 53 8
32 48 8
32 57 8
32 58 8
33 49 8
33 50 8
33 59 8
33 60 8
33 58 8
34 50 0
37 56 0
38 54 0
39 47 0
40 42 0
40 47 0
41 46 0
43 44 0
45 52 0
48 58 0
49 50 0
49 59 0
49 58 0
50 58 0
50 59 0
53 56 0
54 55 0
55 57 0
58 59 0
59 60 0
