43 82
1
1
1
1
2
1
1
1
1
2
1
1
1
1
1
1
1
1
1
1
1
1
1
1
1
1
1
1
4
3
3
3
3
3
3
3
3
3
3
3
3
3
3
0 1 4
0 2 6
0 34 8
0 29 8
1 2 2
1 35 8
1 30 8
2 42 8
2 3 2
2 4 3
3 4 3
3 4 5
3 42 8
4 42 8
5 8 6
5 6 4
5 31 8
6 8 2
6 7 4
7 32 8
8 9 2
8 9 4
8 36 8
9 9 6
9 36 8
9 36 8
10 33 8
10 11 2
10 12 4
10 29 8
11 12 1
11 12 2
11 13 2
11 14 4
12 13 3
12 14 5
13 35 8
13 14 2
14 30 8
15 16 3
15 32 8
15 18 2
15 36 8
15 31 8
16 17 3
16 18 5
17 18 2
17 19 6
18 19 4
19 37 8
19 38 8
20 33 8
20 37 8
20 38 8
21 41 8
21 39 8
21 22 4
21 23 2
22 24 3
22 23 6
22 23 3
23 24 6
24 40 8
24 28 8
25 41 8
25 26 3
25 27 5
26 42 8
26 27 2
27 40 8
27 39 8
28 40 0
29 33 0
29 34 0
30 35 0
31 32 0
31 36 0
32 36 0
33 38 0
37 38 0
39 40 0
39 41 0
