54 99
1
1
1
1
1
1
1
1
1
1
1
1
1
1
1
1
1
1
1
1
1
1
1
1
1
1
1
1
1
1
4
3
3
3
3
3
3
3
3
3
3
3
3
3
3
3
3
3
3
3
3
3
3
3
0 32 8
0 36 8
0 31 8
1 33 8
1 2 2
1 3 4
2 3 2
2 45 8
2 35 8
2 43 8
3 34 8
4 32 8
4 5 2
4 6 6
4 31 8
5 36 8
5 6 4
6 8 5
6 7 2
7 8 3
7 39 8
8 9 3
9 10 3
9 11 2
10 11 5
10 37 8
11 38 8
12 40 8
12 13 3
12 14 5
13 42 8
13 37 8
13 14 2
14 41 8
15 33 8
15 34 8
15 35 8
15 44 8
15 43 8
16 17 2
16 18 5
16 44 8
17 18 3
17 52 8
17 45 8
17 53 8
18 19 2
19 39 8
20 40 8
20 41 8
20 42 8
20 48 8
20 51 8
20 21 4
20 22 2
21 50 8
21 51 8
21 22 6
21 47 8
22 49 8
22 51 8
22 46 8
23 24 4
23 49 8
23 30 8
24 25 3
24 26 5
24 30 8
25 26 2
25 46 8
25 47 8
26 27 5
27 50 8
28 51 8
28 38 8
29 52 8
29 53 8
31 32 0
32 36 0
33 34 0
33 43 0
34 43 0
35 43 0
35 44 0
35 45 0
37 42 0
40 48 0
40 41 0
40 42 0
41 48 0
41 42 0
42 48 0
43 45 0
45 52 0
45 53 0
46 49 0
46 47 0
47 50 0
52 53 0
