39 60
1
1
1
1
1
1
1
1
1
1
1
1
1
1
1
1
2
1
1
4
3
3
3
3
3
3
3
3
3
3
3
3
3
3
3
3
3
3
3
0 20 8
0 21 8
0 22 8
1 2 3
1 22 8
2 38 8
2 23 8
3 20 8
3 4 4
3 5 6
3 21 8
4 25 8
4 5 2
5 24 8
6 26 8
6 7 4
7 32 8
7 27 8
8 28 8
8 29 8
9 10 5
9 34 8
9 30 8
10 31 8
11 32 8
11 26 8
11 12 2
11 13 4
12 33 8
12 13 2
13 27 8
14 34 8
14 19 8
14 30 8
15 35 8
15 36 8
15 37 8
16 24 8
16 33 8
16 25 8
17 36 8
17 35 8
17 28 8
17 29 8
17 37 8
18 38 8
18 23 8
19 30 0
20 21 0
21 22 0
23 38 0
24 25 0
26 32 0
27 32 0
28 29 0
28 37 0
29 37 0
30 34 0
35 36 0
36 37 0
