61 106
1
1
1
1
1
1
1
1
1
1
1
1
1
2
1
1
1
1
1
1
1
1
1
1
1
1
1
2
1
1
1
1
1
4
3
3
3
3
3
3
3
3
3
3
3
3
3
3
3
3
3
3
3
3
3
3
3
3
3
3
3
0 1 4
0 34 8
0 5 6
1 2 5
1 5 2
2 3 3
3 4 4
4 6 6
4 7 4
5 60 8
5 38 8
6 36 8
6 7 2
7 8 5
7 9 3
8 9 2
8 35 8
9 58 8
9 37 8
10 40 8
10 39 8
11 41 8
11 34 8
11 42 8
11 45 8
12 40 8
12 43 8
12 13 3
12 46 8
13 44 8
13 57 8
14 33 8
14 42 8
14 45 8
14 41 8
15 16 3
15 47 8
16 48 8
17 49 8
17 18 3
17 47 8
18 50 8
18 51 8
19 51 8
19 20 4
19 21 6
20 21 2
20 22 6
20 23 2
21 49 8
21 50 8
22 52 8
22 23 4
23 53 8
24 25 4
24 26 6
24 54 8
24 39 8
25 26 2
25 59 8
25 55 8
26 52 8
26 53 8
27 56 8
27 56 8
27 27 3
28 57 8
28 43 8
28 29 4
29 44 8
30 48 8
30 58 8
30 35 8
30 36 8
30 37 8
31 59 8
31 54 8
31 55 8
32 56 8
32 60 8
32 38 8
33 41 0
33 42 0
34 42 0
34 45 0
35 36 0
35 37 0
36 37 0
37 58 0
38 56 0
38 60 0
39 54 0
40 43 0
40 46 0
41 42 0
42 45 0
43 57 0
43 46 0
44 57 0
47 49 0
48 58 0
49 50 0
50 51 0
52 53 0
54 55 0
55 59 0
