64 100
0 53 1
0 6 1
0 6 1
1 5 1
1 50 1
2 49 1
2 49 1
2 49 1
2 36 1
3 59 1
3 46 1
3 46 1
3 46 1
4 35 1
5 38 1
5 45 1
6 29 1
6 54 1
7 28 1
7 50 1
7 13 1
8 29 1
8 26 1
8 26 1
9 27 4
10 47 1
10 47 1
10 47 1
10 30 2
11 24 1
11 25 1
11 51 1
11 51 1
12 55 1
12 51 1
13 63 1
13 42 1
14 35 1
14 35 1
14 35 1
14 35 1
14 57 1
14 57 1
15 38 1
15 37 1
15 17 1
16 28 1
16 47 1
18 42 1
18 31 1
18 63 1
19 60 1
19 60 1
19 60 1
19 22 1
20 44 1
20 44 1
20 44 1
20 32 1
21 54 1
21 62 1
22 41 1
23 46 1
23 37 1
23 57 1
24 24 2
24 61 1
25 55 1
25 51 1
25 61 1
26 30 1
26 42 1
27 43 1
29 61 1
30 56 1
31 48 1
31 31 2
33 48 1
33 48 1
33 48 1
33 54 1
34 40 1
34 40 1
34 40 1
35 58 1
36 56 1
36 56 1
36 56 1
37 58 1
38 44 1
39 60 1
39 52 1
39 52 1
39 57 1
40 55 1
41 43 1
45 50 1
49 52 1
59 59 2
62 62 2
