303 483
0 179 1
0 45 1
0 165 1
1 64 1
1 64 1
1 64 1
1 94 1
2 119 1
2 30 1
2 173 1
2 70 1
3 166 1
3 56 1
3 294 1
4 193 1
4 167 1
4 6 1
5 247 1
5 28 1
6 290 1
7 215 1
7 95 1
8 195 1
8 189 1
9 127 1
9 24 1
9 24 1
10 95 1
10 215 1
10 39 1
11 220 1
11 44 1
11 106 1
11 106 1
12 251 1
12 227 1
12 50 1
12 112 1
13 142 1
13 244 1
14 257 1
14 14 2
15 135 1
15 219 1
15 219 1
15 73 1
15 49 1
16 55 1
16 55 1
16 55 1
16 115 1
17 225 1
17 152 1
17 183 1
17 296 1
18 293 1
18 274 1
18 182 1
18 171 1
19 158 1
19 158 1
19 158 1
19 190 1
19 190 1
20 140 1
20 264 1
20 288 1
20 147 1
21 41 1
21 161 1
21 77 1
22 36 1
22 37 1
22 180 1
22 276 1
23 64 1
23 286 1
23 286 1
23 122 1
24 185 1
24 301 2
24 134 1
25 146 1
25 168 1
25 210 1
26 204 1
26 281 1
26 281 1
27 218 1
27 209 1
27 173 1
28 242 1
28 129 1
28 162 1
29 128 1
29 78 1
30 249 2
30 263 1
30 263 1
31 78 1
31 78 1
31 235 1
31 149 1
32 279 1
32 53 1
32 53 1
33 186 1
34 177 1
34 109 1
34 91 1
35 236 1
35 180 1
35 154 1
36 180 1
36 157 1
36 157 1
37 274 1
37 274 1
37 182 1
37 182 1
38 253 1
38 148 1
38 67 1
39 298 1
39 266 1
39 266 1
40 274 1
40 268 1
40 273 1
41 276 1
41 77 1
42 179 1
43 279 1
44 80 1
44 102 1
45 48 1
45 282 1
46 123 1
46 123 1
46 228 1
46 273 1
47 62 1
47 139 1
47 139 1
47 139 1
48 178 1
48 232 1
49 135 1
50 187 1
50 242 1
50 286 1
51 108 1
51 260 1
51 51 2
52 60 1
52 152 1
52 152 1
53 204 1
53 275 1
54 99 1
54 263 1
54 263 1
54 263 1
55 158 1
56 292 1
56 166 1
57 151 1
57 284 1
58 249 1
59 114 1
59 114 1
60 106 1
60 201 1
61 164 1
61 147 1
63 195 1
65 110 1
65 110 1
66 280 1
66 280 1
66 116 1
66 116 1
67 285 1
67 133 1
68 256 1
68 239 1
68 109 1
69 117 1
69 86 1
69 192 1
69 176 1
70 110 1
70 221 1
71 253 1
71 253 1
71 198 1
71 198 1
72 168 1
73 135 1
73 149 1
74 76 1
74 262 1
74 267 1
74 267 1
75 247 1
75 125 1
76 163 1
77 133 1
78 267 1
78 163 1
79 203 1
79 271 1
81 283 1
81 283 1
81 202 1
81 202 1
81 119 1
81 126 1
82 248 1
82 300 1
82 139 1
83 252 1
83 108 1
83 290 1
84 193 4
85 200 1
85 175 1
85 112 1
85 112 1
86 86 2
86 192 1
87 252 1
87 299 1
87 299 1
87 299 1
87 108 1
88 185 1
88 301 1
88 301 1
88 134 1
89 199 1
89 199 1
89 199 1
89 199 1
89 173 1
89 226 1
89 245 1
90 231 1
90 194 1
90 244 1
91 107 1
91 109 1
92 229 1
92 171 1
93 215 1
93 186 1
93 186 1
94 150 1
94 126 1
95 241 1
96 105 1
96 206 1
96 250 1
97 152 1
98 183 1
99 263 1
100 197 1
100 197 1
100 197 1
100 238 1
101 271 1
101 271 1
101 190 1
101 262 1
102 185 1
102 220 1
102 220 1
103 111 1
103 297 1
103 297 1
103 217 1
104 256 1
104 272 1
104 143 1
105 269 1
105 154 1
105 289 1
107 269 1
107 290 1
110 119 1
110 221 1
111 207 1
111 216 1
111 234 1
112 291 1
113 275 1
113 275 1
113 275 1
113 298 1
114 160 1
114 122 1
115 279 1
115 222 1
115 184 1
116 213 1
116 153 1
117 151 1
117 151 1
117 151 1
118 236 1
118 164 1
118 154 1
119 150 1
119 126 1
120 167 1
121 221 1
122 187 1
122 237 1
123 194 1
124 213 1
124 213 1
124 299 1
127 217 1
127 217 1
127 168 1
128 137 1
128 131 1
129 251 1
129 250 1
130 220 1
130 216 1
130 216 1
130 296 1
130 296 1
131 189 1
131 155 1
132 138 1
132 138 1
132 138 1
132 287 1
132 287 1
133 243 1
134 185 1
134 301 1
136 280 1
136 238 1
136 163 1
137 160 1
137 160 1
137 189 1
138 196 1
140 233 1
140 147 1
141 144 1
141 192 1
141 191 1
143 272 1
144 237 1
144 237 1
144 237 1
145 167 1
145 167 1
147 214 1
147 230 1
149 235 1
151 255 1
153 213 1
153 270 1
154 233 1
155 265 1
155 195 1
155 262 1
156 204 1
156 270 1
156 169 1
157 178 1
159 268 1
159 224 1
159 224 1
159 224 1
161 243 1
161 194 1
163 280 1
164 236 1
164 230 1
165 254 1
168 198 1
169 260 1
169 260 1
169 260 1
170 218 1
170 224 1
170 228 1
171 245 1
172 211 1
172 174 1
172 174 1
172 174 1
173 209 1
174 297 1
175 200 1
176 188 1
177 269 1
177 269 1
178 276 1
179 239 1
179 282 1
181 248 1
181 248 1
182 274 1
182 274 1
183 300 1
184 270 1
184 238 1
187 295 1
187 295 1
191 278 1
191 278 1
191 278 1
194 212 1
195 278 1
196 249 1
196 196 2
196 259 1
197 262 1
198 253 1
199 283 1
199 229 1
199 245 1
200 202 1
200 288 1
202 283 1
202 229 1
203 205 1
203 205 1
203 205 1
204 258 1
206 294 1
208 254 1
209 226 1
209 226 1
211 249 1
212 244 1
214 293 1
214 293 1
216 220 1
218 228 1
220 296 1
220 296 1
221 263 1
223 240 1
225 298 1
225 266 1
227 264 1
228 231 1
229 288 1
230 257 1
230 240 1
232 272 1
232 302 1
233 250 1
234 259 1
234 259 1
234 259 1
240 257 1
241 298 1
243 285 1
243 285 1
246 294 1
247 295 1
248 300 1
250 251 1
255 284 1
256 272 1
261 268 1
261 261 2
268 274 1
272 302 1
277 300 1
279 279 2
282 302 1
284 287 1
288 293 1
