178 269
0 12 1
0 12 1
0 79 1
1 172 1
2 29 1
2 76 1
2 67 1
3 54 1
3 159 1
3 45 1
3 45 1
3 53 1
4 19 1
5 23 1
5 109 1
6 100 1
6 168 1
6 85 1
7 58 1
7 161 1
7 174 1
8 86 1
8 114 1
8 124 1
9 26 1
10 21 1
10 83 1
11 128 2
11 153 1
12 16 1
13 156 1
13 39 1
13 39 1
14 93 1
14 78 1
14 42 1
15 55 1
15 26 1
16 54 1
16 79 1
17 173 1
17 84 1
17 175 1
18 102 1
18 126 1
18 97 1
19 69 1
19 69 1
20 51 1
20 51 1
20 24 1
20 83 1
21 91 1
22 107 1
22 52 1
22 61 1
23 155 1
23 60 1
23 143 1
24 43 1
24 117 1
25 51 1
25 51 1
25 172 1
26 55 1
27 62 1
27 148 1
27 77 1
27 125 1
27 125 1
28 50 1
28 95 1
28 158 1
29 37 1
29 149 1
30 149 1
30 149 1
30 120 1
30 92 1
31 119 1
31 170 1
32 132 1
32 134 1
32 114 1
33 155 1
33 155 1
33 138 1
33 109 1
33 73 1
34 135 1
34 100 1
34 142 1
35 71 1
35 36 1
35 139 1
36 166 1
37 40 1
37 149 1
38 80 1
38 68 1
38 78 1
39 154 1
39 160 1
39 161 1
40 64 1
40 165 1
40 67 1
41 89 1
41 89 1
41 69 1
41 69 1
41 125 1
41 125 1
41 125 1
42 95 1
43 83 1
44 137 1
44 72 1
44 177 1
45 159 1
45 163 1
46 174 1
46 174 1
46 101 1
47 153 1
48 81 4
49 156 1
49 101 1
49 101 1
50 141 1
50 99 1
53 54 1
53 108 1
54 108 1
55 89 1
56 136 1
56 167 1
56 103 1
56 103 1
57 110 1
57 70 1
57 70 1
57 70 1
58 63 1
58 168 1
59 118 1
59 119 1
59 176 1
60 76 1
61 98 1
61 108 1
61 75 1
62 148 1
62 125 1
63 140 1
63 140 1
63 140 1
63 140 1
63 168 1
63 176 1
64 151 1
64 113 1
65 127 1
66 122 1
66 157 1
66 104 1
67 115 1
68 80 1
68 71 1
68 129 1
70 130 1
71 166 1
71 166 1
72 143 1
72 109 1
73 94 1
73 125 1
74 102 1
74 163 1
74 74 2
75 147 1
75 116 1
76 115 1
77 94 1
79 102 1
79 102 1
80 117 1
81 136 1
82 147 1
84 130 1
85 174 1
85 139 1
86 152 1
86 90 1
87 136 1
87 90 1
87 103 1
88 116 1
88 145 1
89 105 1
90 122 1
91 164 1
92 98 1
92 106 1
93 156 1
93 156 1
95 117 1
96 173 1
96 124 1
96 104 1
98 171 1
100 168 1
101 161 1
101 129 1
104 133 1
106 177 1
106 147 1
107 159 1
107 162 1
109 121 1
110 131 1
110 118 1
110 134 1
111 154 1
111 167 1
111 167 1
111 167 1
112 154 1
112 154 1
112 152 1
113 142 1
113 165 1
114 132 1
115 155 1
119 138 1
119 170 1
120 151 1
120 171 1
122 164 1
123 132 1
123 140 1
123 176 1
124 131 1
126 128 1
126 153 1
127 162 1
130 148 1
131 173 1
132 152 1
135 165 1
135 170 1
138 165 1
139 142 1
140 176 1
141 160 1
141 144 1
143 177 1
144 158 1
144 158 1
146 162 1
146 150 1
146 150 1
150 163 1
150 163 1
151 169 1
157 164 1
157 164 1
169 172 1
169 171 1
