475 746
0 146 1
0 64 1
0 407 1
1 262 1
1 262 1
2 450 1
3 92 1
3 288 1
3 288 1
3 288 1
4 418 1
5 452 1
5 390 1
5 373 1
6 13 1
6 13 1
6 468 1
6 377 1
7 286 1
7 430 1
7 420 1
7 471 1
8 147 1
8 147 1
8 56 1
9 424 1
9 150 1
9 318 1
10 35 1
10 401 1
10 401 1
11 32 1
11 32 1
11 252 1
12 303 1
12 303 1
13 143 1
13 54 1
14 129 1
14 309 1
14 448 1
15 352 1
15 72 1
15 72 1
15 113 1
16 74 1
17 18 1
18 83 1
18 20 1
19 114 1
19 97 1
19 371 1
20 75 1
21 171 1
22 453 1
23 468 1
23 298 1
23 290 1
23 438 1
24 214 1
24 112 1
24 141 1
25 439 1
25 351 1
25 79 1
26 154 1
26 154 1
26 287 1
27 104 4
27 100 1
28 138 1
28 138 1
28 82 1
29 440 1
29 154 1
29 304 1
29 304 1
30 185 1
30 65 1
30 316 1
31 285 1
31 345 1
31 427 1
32 230 1
32 230 1
33 250 1
33 159 1
34 34 2
34 182 1
35 455 1
35 455 1
36 276 1
36 187 1
36 199 1
37 241 1
37 308 1
38 296 1
38 306 1
38 339 1
39 356 1
39 229 1
39 411 1
40 91 1
40 165 1
40 165 1
41 375 1
41 240 1
41 125 1
42 130 1
42 394 1
42 335 1
43 48 1
43 133 1
43 390 1
44 331 1
44 188 1
44 188 1
44 188 1
45 329 1
45 413 1
45 380 1
46 335 1
46 467 1
46 225 1
46 225 1
47 464 1
47 397 1
47 397 1
47 213 1
48 241 1
48 176 1
48 452 1
48 319 1
48 319 1
49 66 1
50 323 1
50 323 1
50 323 1
50 94 1
51 307 1
51 90 1
51 195 1
52 398 1
53 328 1
53 328 1
53 403 1
53 403 1
53 132 1
54 285 1
54 427 1
55 428 1
55 182 1
55 182 1
55 182 1
56 362 1
56 407 1
57 216 1
58 172 1
58 278 1
58 409 1
58 409 1
59 387 1
59 469 1
60 151 1
60 151 1
61 78 1
61 450 1
61 65 1
62 334 1
62 262 1
62 262 1
63 193 1
63 88 1
63 271 1
63 271 1
63 264 1
63 264 1
64 146 1
64 174 1
64 160 1
65 338 1
65 338 1
66 446 1
66 97 1
67 365 1
67 272 1
67 291 1
67 221 1
68 68 2
68 432 1
68 304 1
69 246 1
69 168 1
69 463 1
70 333 1
70 139 1
70 164 1
71 204 1
71 183 1
71 254 1
72 431 1
73 73 2
73 203 1
74 405 1
74 152 1
75 209 1
75 412 1
76 148 1
76 98 1
76 208 1
77 451 1
77 374 1
78 101 1
78 101 1
79 435 1
80 302 1
80 437 1
80 95 1
81 445 1
82 138 1
82 290 1
83 324 1
83 393 1
84 349 1
84 228 1
84 228 1
84 228 1
85 327 1
85 340 1
85 411 1
85 417 1
86 453 1
86 456 1
86 351 1
87 382 1
87 382 1
87 275 1
88 313 1
88 339 1
88 271 1
88 264 1
89 416 1
89 293 1
89 336 1
89 232 1
89 274 1
90 402 1
90 194 1
91 470 1
91 362 1
92 474 1
92 366 1
92 349 1
93 143 1
93 163 1
94 334 1
95 149 1
96 243 1
96 390 1
96 163 1
96 326 1
97 371 1
98 464 1
98 172 1
99 466 1
99 301 1
99 301 1
99 301 1
100 125 1
100 387 1
101 316 1
102 392 1
102 397 1
102 175 1
103 458 1
103 288 1
103 288 1
105 436 1
105 436 1
105 180 1
105 157 1
106 385 1
106 385 1
106 385 1
106 385 1
106 145 1
106 117 1
106 255 1
107 445 1
107 399 1
107 341 1
108 257 1
108 357 1
108 147 1
109 315 1
110 454 1
110 420 1
110 473 1
111 111 2
111 205 1
112 214 1
112 396 1
112 396 1
112 396 1
112 396 1
112 396 1
113 193 1
113 264 1
114 170 1
114 171 1
115 250 1
115 250 1
115 388 1
116 375 1
116 305 1
116 243 1
116 373 1
117 248 1
117 248 1
117 248 1
118 195 1
118 322 1
119 306 1
119 386 1
119 244 1
119 367 1
120 292 1
120 287 1
121 179 1
121 402 1
121 402 1
122 365 1
122 342 1
122 213 1
122 213 1
122 213 1
122 213 1
122 213 1
123 332 1
123 346 1
123 411 1
123 417 1
124 330 1
124 330 1
124 330 1
124 201 1
125 387 1
125 237 1
126 131 1
126 131 1
126 171 1
126 171 1
127 162 1
127 259 1
127 259 1
127 259 1
128 177 1
128 428 1
128 279 1
129 429 1
130 361 1
131 184 1
132 360 1
132 426 1
133 211 1
133 395 1
134 235 1
135 300 1
135 415 1
135 355 1
136 239 1
136 343 1
136 425 1
136 422 1
137 272 1
137 365 1
137 342 1
137 342 1
138 290 1
138 290 1
138 355 1
139 333 1
139 312 1
140 472 1
141 260 1
141 384 1
142 405 1
142 360 1
142 303 1
143 356 1
143 211 1
144 181 1
144 181 1
144 430 1
144 420 1
145 443 1
145 191 1
146 228 1
147 297 1
148 245 1
148 408 1
149 394 1
149 437 1
150 438 1
150 438 1
150 438 1
151 196 1
152 258 1
153 418 1
153 378 1
153 363 1
153 363 1
154 169 1
155 220 1
155 174 1
156 240 1
156 237 1
156 224 1
157 230 1
157 216 1
158 318 1
158 318 1
158 366 1
158 366 1
158 366 1
159 235 1
159 250 1
159 250 1
159 159 2
160 381 1
160 382 1
160 429 1
161 256 1
161 286 1
161 383 1
162 368 1
162 368 1
162 368 1
163 444 1
163 281 1
164 207 1
164 369 1
164 369 1
165 352 1
165 352 1
166 370 1
166 196 1
166 185 1
166 316 1
167 414 1
167 449 1
167 449 1
167 244 1
168 227 1
168 169 1
169 227 1
170 238 1
172 464 1
173 226 1
173 191 1
173 270 1
174 253 1
175 454 1
175 465 1
176 319 1
176 434 1
177 302 1
177 221 1
178 345 1
178 275 1
179 251 1
179 322 1
180 436 1
180 436 1
180 405 1
181 313 1
181 430 1
181 383 1
181 383 1
181 353 1
183 209 1
183 393 1
184 217 1
185 332 1
185 456 1
186 270 1
186 237 1
186 224 1
186 224 1
187 451 1
187 451 1
187 199 1
188 360 1
189 263 1
190 464 1
190 392 1
191 337 1
192 269 1
192 293 1
192 467 1
192 416 1
193 441 1
193 466 1
194 194 2
196 249 1
196 370 1
197 273 1
197 314 1
197 379 1
198 326 1
199 252 1
200 200 2
200 349 1
201 296 1
201 278 1
202 448 1
202 233 1
203 465 1
204 215 1
204 388 1
205 256 1
206 239 1
206 242 1
206 443 1
206 343 1
207 280 1
208 279 1
209 282 1
210 210 2
210 380 1
211 434 1
212 236 1
213 307 1
214 236 1
214 219 1
215 421 1
215 421 1
215 421 1
216 230 1
217 446 1
217 446 1
217 371 1
218 442 1
218 331 1
218 321 1
220 406 1
220 458 1
222 312 1
222 369 1
223 406 1
223 334 1
223 275 1
226 387 1
226 469 1
227 393 1
229 450 1
231 254 1
232 332 1
232 456 1
232 311 1
233 447 1
233 447 1
233 443 1
234 445 1
234 422 1
235 246 1
236 277 1
238 282 1
238 320 1
239 242 1
239 422 1
239 422 1
241 452 1
241 452 1
241 315 1
241 319 1
242 255 1
243 326 1
243 373 1
244 414 1
244 301 1
245 278 1
247 359 1
247 319 1
247 460 1
248 337 1
249 456 1
252 322 1
253 458 1
254 388 1
255 385 1
255 385 1
256 313 1
256 294 1
257 295 1
257 309 1
258 258 2
259 367 1
260 398 1
260 384 1
261 386 1
261 386 1
261 386 1
261 278 1
263 300 1
263 461 1
263 461 1
265 432 1
265 463 1
265 463 1
265 463 1
266 399 1
267 329 1
267 329 1
267 268 1
268 268 2
269 433 1
269 417 1
271 419 1
271 466 1
273 325 1
274 360 1
274 310 1
276 473 1
276 473 1
279 428 1
279 408 1
281 370 1
281 350 1
281 379 1
283 394 1
283 376 1
283 361 1
284 375 1
284 317 1
284 305 1
285 359 1
285 359 1
286 299 1
287 442 1
287 439 1
289 345 1
289 348 1
289 460 1
290 364 1
291 426 1
291 426 1
292 312 1
292 401 1
293 310 1
293 310 1
295 429 1
295 297 1
297 407 1
298 468 1
298 468 1
300 340 1
302 376 1
303 365 1
306 419 1
308 354 1
308 410 1
308 460 1
309 357 1
311 453 1
313 353 1
314 379 2
315 452 1
315 452 1
320 462 1
321 455 1
321 329 1
323 427 1
324 333 1
324 400 1
327 377 1
327 377 1
327 377 1
330 353 1
331 442 1
332 336 1
335 344 1
335 433 1
336 416 1
336 417 1
337 469 1
338 411 1
339 459 1
340 415 1
340 433 1
341 399 1
341 423 1
343 431 1
344 358 1
344 358 1
344 472 1
347 381 1
347 381 1
347 348 1
347 448 1
348 382 1
349 474 1
351 351 2
353 459 1
355 368 1
355 461 1
357 443 1
357 431 1
358 415 1
358 415 1
359 434 1
363 372 1
364 424 1
364 424 1
367 474 1
367 428 1
374 374 2
374 396 1
374 396 1
376 437 1
383 430 1
384 404 1
384 471 1
385 399 1
389 389 2
389 398 1
391 449 1
392 409 1
400 400 2
403 426 1
406 458 1
408 428 1
410 447 1
410 460 1
412 412 2
413 413 2
418 457 1
420 473 1
421 457 1
422 445 1
422 425 1
422 425 1
435 439 1
435 440 1
441 466 1
454 465 1
