347 500
0 338 1
0 215 1
0 50 1
1 273 1
2 46 1
2 160 1
2 160 1
3 186 1
3 308 1
3 307 1
4 92 1
4 277 1
4 37 1
5 163 1
5 223 1
5 223 1
5 159 1
6 66 1
6 151 1
7 230 1
7 53 1
7 302 1
8 320 1
8 320 1
8 40 1
8 245 1
9 86 1
9 306 1
9 263 1
10 271 1
11 175 1
11 218 1
11 218 1
12 109 1
12 316 1
12 161 1
13 118 1
13 194 1
13 272 1
14 61 1
14 316 1
14 83 1
15 54 1
16 309 1
16 23 1
16 189 1
17 298 1
17 124 1
17 254 1
18 233 1
18 224 1
18 224 1
19 232 1
19 321 1
19 313 1
20 30 1
20 164 1
20 269 1
21 122 1
21 190 1
21 334 1
22 51 1
22 187 1
22 205 1
23 105 1
24 182 1
24 123 1
24 328 1
25 271 1
25 127 1
25 268 1
26 333 1
26 264 1
26 278 1
27 304 1
27 106 1
27 249 1
28 200 1
28 141 1
28 79 1
29 66 1
29 53 1
29 303 1
30 299 1
30 297 1
31 57 1
32 49 1
32 172 1
32 221 1
33 120 1
33 313 1
33 180 1
34 45 1
34 130 1
34 130 1
35 213 1
35 255 1
35 291 1
36 264 1
37 149 1
37 90 1
38 335 1
39 207 1
39 274 1
39 322 1
40 267 1
40 315 1
41 217 1
41 47 1
41 196 1
42 77 1
42 77 1
42 158 1
43 218 1
43 95 1
43 153 1
44 344 1
44 57 1
44 76 1
44 76 1
45 81 1
45 340 1
46 167 1
46 111 1
47 331 1
47 97 1
48 167 1
48 195 1
48 242 1
49 210 1
49 183 1
50 238 1
50 59 1
51 266 1
51 187 1
52 247 1
52 194 1
52 296 1
53 230 1
54 273 1
54 220 1
55 184 1
55 219 1
55 346 1
56 74 1
56 80 1
57 76 1
57 224 1
58 69 1
58 153 1
58 97 1
59 103 1
59 338 1
60 179 1
60 163 1
60 70 1
61 186 1
61 308 1
62 173 1
62 262 1
62 104 1
63 212 1
63 107 1
63 214 1
64 314 1
64 264 1
64 264 1
65 88 1
65 265 1
65 265 1
65 265 1
66 303 1
67 114 1
67 293 1
67 268 1
68 131 1
68 339 1
68 275 1
69 95 1
69 153 1
70 166 1
70 179 1
71 298 1
71 254 1
71 119 1
72 344 1
72 233 1
72 162 1
73 250 1
73 250 1
73 176 1
73 176 1
74 301 1
74 171 1
75 209 1
75 134 1
75 240 1
75 220 1
76 199 1
77 206 1
78 96 1
78 181 1
78 139 1
79 198 1
79 270 1
80 250 1
80 305 1
81 94 1
81 193 1
82 285 2
82 285 1
82 170 1
83 308 1
84 175 4
85 247 1
86 129 1
86 311 1
87 314 1
87 314 1
88 132 1
88 282 1
88 282 1
89 238 1
89 236 1
90 146 1
90 91 1
91 148 1
91 149 1
92 150 1
92 149 1
93 112 1
93 108 1
93 312 1
94 193 1
95 217 1
96 139 1
96 137 1
97 331 1
98 215 1
99 245 1
99 245 1
100 145 1
100 280 1
100 326 1
101 334 1
101 206 1
101 206 1
102 197 1
102 173 1
102 333 1
103 238 1
103 236 1
104 262 1
104 117 1
105 231 1
105 171 1
108 112 1
108 168 1
109 345 1
109 289 1
110 121 1
110 181 1
110 113 1
111 330 1
112 317 1
113 229 1
113 136 1
114 127 1
114 268 1
115 212 1
115 130 1
115 252 1
116 182 1
116 236 1
116 123 1
117 262 1
117 339 1
117 339 1
118 341 1
118 337 1
119 254 1
119 126 1
120 152 1
120 313 1
121 137 1
121 272 1
122 188 1
122 190 1
123 236 1
124 195 1
124 242 1
125 329 1
125 140 1
125 287 1
127 271 1
128 310 1
128 147 1
128 177 1
129 311 1
129 147 1
130 197 1
131 275 1
132 304 1
132 324 1
132 324 1
133 259 1
133 237 1
133 216 1
134 209 1
134 240 1
135 199 1
136 260 1
136 169 1
137 181 1
138 198 1
138 155 1
138 270 1
139 182 1
139 328 1
140 323 1
140 291 1
141 198 1
141 248 1
142 246 1
142 331 1
142 331 1
143 300 1
144 213 1
144 237 1
144 255 1
145 232 1
145 319 1
146 148 1
146 201 1
147 310 1
148 207 1
150 336 1
150 277 1
151 191 1
151 303 1
152 208 1
152 180 1
154 274 1
154 325 1
154 322 1
155 166 1
155 257 1
156 294 1
156 157 1
156 244 1
157 294 1
157 257 1
158 332 1
158 222 1
159 295 1
159 295 1
159 290 1
160 259 1
160 216 1
161 170 1
161 174 1
162 276 1
163 290 1
163 223 1
164 174 1
164 269 1
165 193 1
165 205 1
165 302 1
166 278 2
166 278 1
167 330 1
168 286 1
168 317 1
169 315 1
169 315 1
170 243 1
171 204 1
172 183 1
172 221 1
173 333 1
174 243 1
176 256 1
177 189 1
177 252 1
178 296 1
179 223 1
180 325 1
183 258 1
184 311 1
184 219 1
185 323 1
185 228 1
185 291 1
186 192 1
188 301 1
188 204 1
189 310 1
190 334 1
191 275 1
191 275 1
192 307 1
192 326 1
193 279 1
194 296 1
195 298 1
196 314 1
197 295 1
199 256 1
199 256 1
200 211 1
200 248 1
201 207 1
201 274 1
202 300 1
202 300 1
202 211 1
203 341 1
203 337 1
204 301 1
205 218 1
208 325 1
208 322 1
209 265 1
210 258 1
210 234 1
211 248 1
212 214 1
213 237 1
214 309 1
215 338 1
216 259 1
217 314 1
219 255 1
220 327 1
221 306 1
222 332 1
222 284 1
224 344 1
225 332 1
225 284 1
225 335 1
226 235 1
227 260 1
227 337 1
227 283 1
228 320 1
228 245 1
229 315 1
230 279 1
231 324 1
231 249 1
232 321 1
233 253 1
234 258 1
234 288 1
235 251 1
235 240 1
239 287 1
241 280 1
241 307 1
241 326 1
242 330 1
243 269 1
246 266 1
246 266 1
246 266 1
247 281 1
249 304 1
252 309 1
257 345 1
260 283 1
261 292 1
261 282 1
263 285 1
263 306 1
270 290 1
272 341 1
273 343 1
277 336 2
279 302 1
280 319 1
283 337 1
284 335 1
286 318 1
286 317 1
287 329 1
289 316 1
289 316 1
292 294 1
292 345 1
293 318 1
293 318 1
297 299 1
297 312 1
299 312 1
319 321 1
323 329 1
340 342 1
340 342 1
