44 103
0 40 3
0 2 1
0 32 1
0 28 1
1 12 1
1 38 1
1 38 2
2 40 3
2 4 1
2 28 1
3 40 3
3 24 1
3 35 1
4 40 3
4 8 1
4 32 1
5 27 1
5 6 1
6 12 3
6 17 1
7 40 3
7 29 1
7 27 1
7 14 1
8 23 1
8 40 3
8 12 3
8 22 1
9 40 3
9 37 1
9 31 1
9 36 1
10 40 3
10 41 1
10 36 1
10 20 1
10 21 1
11 18 1
11 35 1
11 35 1
11 40 3
12 19 4
12 17 3
13 40 3
13 25 1
13 42 1
13 42 1
14 40 3
14 26 1
14 33 1
15 40 3
15 25 1
15 25 1
15 17 1
15 39 1
16 18 1
16 24 1
16 40 3
17 22 1
18 40 3
18 43 1
18 43 1
20 40 3
20 35 1
20 21 1
20 21 1
21 40 3
21 41 1
23 40 3
23 29 1
23 29 1
23 29 1
24 40 3
24 39 1
25 40 3
26 40 3
26 37 1
26 31 1
26 34 1
27 35 1
27 40 3
28 40 3
28 30 1
29 40 3
30 40 3
31 40 3
31 41 1
31 41 1
32 40 3
32 42 1
33 40 3
33 34 1
34 40 3
34 42 1
35 40 3
36 40 3
37 40 3
38 40 1
39 40 3
39 43 1
40 41 3
40 42 3
40 43 3
