138 265
0 135 1
0 135 1
0 46 1
1 103 1
1 103 1
1 17 1
2 65 1
2 133 1
2 137 1
2 115 3
3 68 1
3 68 1
3 56 1
3 96 1
4 94 1
4 103 1
4 83 1
4 120 1
5 117 1
5 131 1
5 93 1
5 57 1
6 59 1
6 80 1
6 42 1
6 49 1
7 75 1
7 108 1
7 115 3
8 106 1
8 99 1
8 99 1
8 122 1
9 79 1
9 82 1
10 53 1
10 53 1
11 125 3
11 49 1
12 105 1
12 105 1
12 54 1
12 126 1
12 115 3
13 82 3
13 30 1
13 87 1
13 87 1
13 55 1
13 55 1
13 55 1
13 56 1
14 36 1
14 114 1
14 114 1
14 26 1
15 33 1
15 33 1
15 54 1
15 115 3
15 89 1
16 118 1
16 118 1
16 118 1
16 25 1
17 32 1
17 57 1
17 57 1
18 63 1
18 29 1
19 85 1
19 100 1
20 101 1
20 135 1
20 115 1
21 32 1
22 119 1
22 46 1
22 97 1
23 104 1
23 104 1
23 132 1
24 71 1
24 71 1
24 71 1
24 115 3
24 58 1
25 67 1
25 53 1
26 101 1
26 114 1
26 114 1
27 62 1
27 62 1
27 109 1
27 109 1
27 115 3
28 61 1
28 82 1
28 52 1
29 96 1
30 129 1
30 103 1
31 76 1
31 76 1
32 129 1
33 98 1
33 115 3
33 89 1
34 97 1
35 78 1
35 78 1
35 79 1
35 79 1
36 61 1
36 72 1
37 37 2
37 104 1
37 120 1
38 60 1
38 115 3
38 116 1
39 85 1
39 113 1
39 87 1
39 87 1
39 55 1
40 81 1
40 111 1
41 124 1
41 124 1
41 50 1
41 50 1
41 115 3
42 67 1
42 67 1
42 67 1
43 113 1
43 56 1
43 100 1
43 100 1
44 112 1
44 136 1
44 136 1
45 112 1
45 125 1
45 92 1
46 135 1
46 114 1
47 85 1
47 112 1
47 92 1
47 92 1
48 63 1
48 63 1
48 106 1
49 66 1
49 66 1
50 65 1
50 84 1
50 115 3
51 127 1
51 128 1
51 115 3
51 137 1
52 101 1
53 79 1
55 82 3
55 113 1
55 87 1
58 77 1
58 108 1
58 115 3
59 111 1
59 90 1
59 90 1
60 65 1
60 69 1
60 115 3
61 81 1
62 126 1
62 115 3
64 74 1
64 134 1
64 110 1
64 115 3
65 115 3
65 123 1
66 72 1
68 129 1
69 110 1
69 115 3
69 116 1
69 116 1
70 109 1
70 137 1
70 115 3
71 95 1
71 115 3
72 81 1
73 106 1
73 93 1
73 122 1
73 99 1
74 124 1
74 75 1
74 115 3
75 121 1
75 115 3
76 130 1
77 77 2
77 115 3
82 91 1
83 94 1
84 128 1
84 115 3
85 94 1
86 98 1
86 98 1
86 95 1
86 95 1
86 115 3
88 102 4
89 127 1
89 127 1
89 115 3
91 101 1
91 115 1
93 117 1
95 115 3
97 119 1
98 115 3
99 122 1
100 113 1
102 111 1
103 120 1
104 125 1
105 115 3
105 123 1
107 134 1
107 121 1
107 108 1
107 115 3
108 115 3
109 115 3
110 115 3
115 116 3
115 123 3
115 121 3
115 137 3
115 126 3
115 127 3
115 128 3
115 133 3
115 134 3
115 124 3
118 118 2
119 130 1
121 134 1
123 126 1
125 136 1
128 133 1
131 132 1
131 132 1
131 132 1
