126 193
0 31 1
0 83 1
1 20 1
1 111 1
1 82 1
1 71 1
2 107 1
2 84 1
2 65 1
3 105 1
3 62 1
3 119 1
4 19 1
4 95 1
4 56 1
5 122 1
5 122 1
6 15 1
6 124 1
6 13 1
7 19 1
7 53 1
7 53 1
7 96 1
8 77 1
8 85 1
8 44 1
9 32 1
9 13 1
9 87 1
10 40 1
10 27 1
10 100 1
11 55 1
11 61 1
11 54 1
12 121 1
12 108 1
12 91 1
13 15 1
14 90 1
14 43 1
14 34 1
15 90 1
16 20 1
16 97 1
16 100 1
17 98 1
17 58 1
17 79 1
18 49 1
18 49 1
18 124 1
18 125 1
19 75 1
20 97 1
21 80 1
21 112 1
21 125 1
22 110 1
22 69 1
22 71 1
23 41 3
23 113 1
24 86 1
24 57 1
24 125 1
24 76 1
25 47 1
25 119 1
26 37 1
26 78 1
26 54 1
27 99 1
27 70 1
27 115 1
28 79 1
28 79 1
28 86 1
29 58 1
29 92 1
29 57 1
30 60 1
31 55 1
31 112 1
32 34 1
32 87 1
33 111 1
33 117 1
35 99 1
35 93 1
35 115 1
36 46 1
36 61 1
38 125 1
38 48 1
38 48 1
39 51 1
39 53 1
39 53 1
39 72 4
40 97 1
40 93 1
41 105 1
41 105 1
41 119 1
42 42 2
42 56 1
43 78 1
43 78 1
43 78 1
44 66 1
44 62 1
45 63 1
45 88 1
45 88 1
45 70 1
47 73 1
48 94 1
48 113 1
49 112 1
50 59 1
50 59 1
50 59 1
50 88 1
51 103 1
52 81 1
52 82 1
52 82 1
54 64 1
54 89 1
55 74 1
55 74 1
56 77 1
56 77 1
56 95 1
56 56 2
56 101 3
57 123 1
58 118 1
59 70 1
60 62 1
60 122 1
61 89 1
61 89 1
63 88 1
63 117 1
63 117 1
64 74 1
64 116 1
64 116 1
64 118 1
65 84 1
65 114 1
66 109 1
66 109 1
67 94 1
67 102 1
68 81 1
68 108 1
69 110 1
69 71 1
70 100 1
73 96 1
73 75 1
75 95 1
76 86 1
76 113 1
77 85 1
80 83 1
80 123 1
80 123 1
81 93 1
83 92 1
83 104 1
84 121 1
84 106 1
85 109 1
87 102 1
88 111 1
91 103 3
92 118 1
94 102 1
96 96 2
98 116 1
99 107 1
99 106 1
101 103 3
101 120 1
103 122 1
107 117 1
114 121 1
114 120 1
