69 107
0 21 1
0 30 1
0 59 1
0 59 1
1 4 1
1 67 1
1 31 1
2 7 1
2 27 1
2 33 1
3 9 1
3 21 1
3 47 1
3 63 1
4 43 1
4 9 1
5 54 1
5 54 1
6 19 1
7 35 1
8 34 1
8 27 1
8 27 1
9 51 1
10 60 4
11 25 1
11 45 1
11 32 1
12 20 1
12 57 1
12 38 1
13 22 1
13 58 1
13 17 1
14 66 1
14 66 1
14 28 1
14 61 1
15 18 1
15 49 1
15 52 1
16 68 1
16 28 1
16 28 1
17 18 1
17 33 1
18 58 1
19 42 1
19 26 1
20 56 1
20 56 1
20 53 1
20 53 1
21 63 1
21 50 1
22 58 1
22 46 1
23 51 1
23 51 1
23 47 1
23 40 1
23 50 1
24 39 1
24 39 1
25 30 1
25 45 1
26 42 1
26 48 1
27 34 1
28 68 1
29 44 1
29 44 1
30 59 1
31 43 1
31 46 1
32 52 1
32 67 1
34 64 1
36 65 1
37 55 1
37 55 1
38 56 1
38 56 1
38 60 1
39 44 1
39 54 1
40 57 1
40 53 1
40 53 1
41 61 1
41 61 1
42 62 1
43 46 1
44 55 1
45 67 1
47 51 1
47 50 1
48 62 1
48 62 1
48 64 1
49 68 1
49 52 1
50 57 1
53 57 1
54 65 1
55 61 1
60 60 2
