59 119
1
1
1
1
1
1
1
1
1
1
1
1
1
1
1
1
1
1
1
1
1
1
1
1
1
1
1
1
1
1
1
1
1
1
1
1
1
1
1
1
1
1
1
1
1
1
1
1
1
1
1
1
1
1
1
1
2
1
4
0 1 2
0 2 3
0 3 5
0 58 8
1 2 6
1 2 1
1 3 5
1 3 3
1 4 3
2 3 1
2 3 2
2 4 3
3 4 2
4 5 4
5 6 2
5 7 4
6 8 3
6 9 5
6 7 2
7 9 2
7 10 5
8 9 2
8 11 3
8 12 5
9 10 3
10 12 2
10 13 5
11 12 2
11 14 3
11 15 5
12 13 3
13 16 5
13 15 2
14 17 3
14 18 5
14 15 2
15 16 3
16 18 2
16 19 5
17 18 2
17 20 3
17 21 5
18 19 3
19 21 2
19 22 5
20 24 5
20 21 2
20 23 3
21 22 3
22 24 2
22 25 4
23 24 2
23 26 4
23 27 6
24 25 2
25 27 2
25 28 5
26 27 2
26 29 3
26 30 5
27 28 3
28 30 2
28 31 4
29 32 4
29 33 6
29 30 2
30 31 2
31 33 2
31 34 5
32 33 2
32 35 3
32 36 5
33 34 3
34 36 2
34 37 4
35 36 2
35 38 4
35 39 6
36 37 2
37 40 5
37 39 2
38 41 3
38 42 5
38 39 2
39 40 3
40 42 2
40 43 4
41 42 2
41 44 4
41 45 6
42 43 2
43 45 2
43 46 4
44 48 6
44 45 2
44 47 4
45 46 2
46 48 2
46 49 5
47 48 2
47 50 3
47 51 5
48 49 3
49 51 2
49 52 4
50 51 2
50 53 4
50 54 6
51 52 2
52 54 2
52 55 4
53 56 3
53 57 6
53 54 2
54 55 2
55 56 5
55 57 3
56 57 3
56 57 2
