40 67
1
1
1
1
1
1
1
1
1
1
1
1
1
1
1
1
1
2
1
1
1
1
1
1
1
1
1
1
1
1
1
1
4
3
3
3
3
3
3
3
0 1 2
0 2 4
0 33 8
1 11 5
1 2 2
1 3 2
2 34 8
3 11 3
3 4 3
4 5 5
5 6 5
6 7 5
7 8 5
8 9 3
9 10 3
10 16 2
10 12 2
10 17 4
11 18 2
11 19 4
12 16 4
12 17 6
12 13 3
13 14 4
14 32 8
14 15 3
15 32 8
15 18 6
15 20 4
16 17 6
16 17 2
16 21 2
16 29 4
17 21 4
17 29 2
18 19 2
18 20 2
19 35 8
20 36 8
21 29 2
21 22 3
22 23 3
23 24 5
24 25 5
25 26 5
26 27 5
27 28 3
28 37 8
29 30 4
30 31 4
31 38 8
33 39 0
34 35 0
34 36 0
34 37 0
34 38 0
34 39 0
35 36 0
35 37 0
35 38 0
35 39 0
36 37 0
36 38 0
36 39 0
37 38 0
37 39 0
38 39 0
