61 79
0 4 3
0 39 1
1 48 1
1 23 1
1 23 1
2 42 1
2 36 3
3 45 1
3 30 3
4 37 3
4 36 1
5 15 1
5 34 1
5 30 3
5 57 1
6 53 3
6 15 1
7 10 1
7 10 1
8 53 3
8 27 3
8 52 1
9 24 1
9 46 1
9 13 1
10 43 1
11 22 1
11 59 3
11 16 3
12 35 1
12 31 3
13 27 1
13 26 1
14 48 3
14 55 1
15 58 1
16 59 1
17 54 1
17 57 3
17 56 1
17 49 1
18 50 1
18 52 3
19 25 1
19 43 1
20 33 1
20 47 1
20 44 1
21 43 1
21 59 3
21 32 4
22 25 3
23 35 1
24 29 3
26 53 1
27 34 3
28 60 1
28 31 3
28 51 3
29 50 1
29 46 3
30 54 1
30 45 3
31 41 1
31 60 3
33 50 1
35 38 1
36 42 3
37 39 1
38 60 3
40 54 1
40 49 1
41 51 1
44 51 3
46 47 3
48 60 3
48 55 3
52 53 3
56 58 3
