75 93
0 60 3
0 23 1
0 44 3
0 3 3
0 52 3
1 23 1
1 2 1
1 53 1
2 31 3
3 44 1
4 58 3
4 6 1
4 32 3
4 70 3
5 30 1
5 57 1
5 53 1
6 58 3
7 42 3
7 12 1
7 37 3
8 74 1
8 32 1
9 33 4
10 73 1
10 38 1
11 42 1
11 37 1
12 42 3
13 54 3
13 73 1
14 16 1
14 51 3
14 39 3
15 21 1
15 54 3
15 68 3
16 55 1
17 63 3
17 53 1
18 20 1
18 58 1
19 62 3
19 46 3
19 64 1
20 27 3
20 40 3
21 67 3
21 68 3
22 36 1
22 61 1
22 45 1
24 26 1
24 47 3
25 60 3
25 31 1
26 51 1
27 40 1
28 49 1
28 64 1
28 59 1
29 48 3
29 74 1
29 69 3
30 63 3
30 33 3
33 63 1
34 66 1
34 50 1
34 38 1
35 71 1
35 39 3
36 65 1
39 41 3
39 47 1
41 55 1
43 72 3
43 73 1
45 46 3
46 50 3
46 65 3
46 62 1
48 56 1
49 62 3
52 60 1
54 68 1
55 71 1
56 69 1
57 63 3
59 62 3
61 66 1
67 72 1
70 74 1
