58 70
0 43 3
0 45 1
1 12 1
1 15 3
2 16 1
2 41 3
2 21 3
3 10 1
3 11 3
4 32 1
4 36 1
5 7 3
5 23 1
6 31 1
6 17 1
6 15 1
7 27 3
7 18 1
8 29 3
8 39 1
9 52 1
9 13 3
10 11 3
11 34 3
11 22 1
12 44 1
12 49 1
13 24 1
13 25 3
14 38 1
14 40 1
14 30 1
15 45 3
16 34 1
17 45 3
18 27 3
18 35 3
19 29 3
19 55 3
19 22 1
20 34 3
20 57 1
20 49 3
21 53 3
21 33 3
23 27 3
23 50 3
23 37 3
24 56 3
25 47 3
26 42 3
27 44 1
28 50 4
29 55 1
30 47 3
31 43 1
32 48 3
33 53 1
35 36 1
36 44 1
37 50 1
38 47 3
39 56 1
40 51 1
41 57 1
42 54 3
42 46 1
43 45 3
46 54 3
51 52 3
