65 78
0 37 1
0 49 3
0 48 3
1 40 3
1 26 1
2 3 3
2 29 1
2 21 3
3 38 3
3 47 1
4 63 1
4 39 1
5 7 1
5 35 1
5 32 1
6 14 3
6 46 1
7 11 1
8 59 1
8 31 3
8 53 3
9 59 3
9 44 1
10 24 3
10 17 1
11 31 1
11 33 1
12 57 3
12 60 1
13 44 1
13 58 3
14 46 3
14 36 3
15 20 3
16 41 3
16 61 1
17 24 3
18 19 3
18 39 1
19 30 1
20 43 1
21 47 1
22 57 1
22 41 1
22 49 1
23 29 1
23 36 3
24 34 1
25 34 3
25 30 1
26 40 3
27 48 1
27 64 1
28 34 3
28 30 1
28 63 3
29 38 1
31 59 3
32 47 1
33 53 1
34 62 3
35 42 3
35 52 3
36 60 1
37 55 1
39 39 2
39 43 3
40 58 1
41 50 3
42 52 1
43 54 4
45 64 3
45 51 1
50 61 1
51 62 1
55 57 3
56 57 3
56 60 1
