56 70
0 45 1
0 50 3
1 6 1
1 4 3
1 54 3
2 12 1
2 46 3
3 28 1
3 29 1
4 24 1
5 22 1
5 23 3
6 44 1
6 28 1
7 48 1
7 23 3
8 37 1
8 29 3
9 20 1
9 31 1
9 40 1
10 18 1
10 26 3
11 12 1
11 38 1
11 13 1
12 39 1
13 46 3
13 27 4
14 47 1
14 50 3
14 42 3
15 33 1
15 41 1
15 55 1
16 51 1
16 26 1
17 45 1
17 35 1
18 25 3
19 39 1
19 53 3
20 48 1
21 47 1
21 33 1
22 48 1
22 48 1
23 30 3
23 31 3
23 40 3
24 54 1
25 46 3
25 39 1
25 34 3
28 44 2
29 43 3
32 37 1
32 36 1
34 46 1
35 47 1
36 43 1
37 41 1
38 46 3
39 53 3
42 50 1
49 52 1
49 55 1
49 55 1
50 52 3
51 53 1
