35 64
1
1
1
1
1
1
1
1
1
1
1
1
2
1
1
1
1
1
1
1
1
1
1
1
1
1
2
1
1
1
1
1
1
1
4
0 1 2
0 34 8
0 5 5
1 2 3
1 5 3
2 3 5
3 4 4
4 6 6
4 7 2
5 8 3
5 9 6
6 7 4
8 9 3
8 10 3
8 11 5
9 11 2
9 12 5
9 12 6
10 11 2
10 13 3
10 14 5
11 12 3
11 12 4
12 12 1
13 16 4
13 14 2
13 15 2
14 16 3
15 16 2
15 17 3
15 19 6
17 18 4
17 19 3
18 21 3
18 22 5
19 20 4
20 22 3
20 23 6
21 24 3
21 25 2
21 22 2
22 23 3
23 25 2
23 26 5
23 26 6
24 25 5
24 27 3
24 28 5
25 26 3
25 26 4
26 26 1
27 28 2
27 29 3
27 30 3
29 32 2
29 33 3
29 30 6
29 31 2
30 33 5
30 31 3
31 32 4
31 33 1
31 33 2
32 33 5
