34 60
1
1
1
1
1
1
1
1
1
1
1
1
1
1
1
1
1
1
1
1
1
1
1
1
1
1
1
1
1
1
1
1
1
4
0 1 2
0 2 4
1 2 2
1 3 4
1 4 6
2 4 2
2 5 4
3 4 2
3 6 4
3 7 6
4 5 2
5 8 4
5 7 2
6 9 4
6 10 6
6 7 2
7 8 2
8 10 2
8 11 4
9 10 2
9 12 4
9 13 6
10 11 2
11 13 2
11 14 4
12 16 6
12 13 2
12 15 4
13 14 2
14 16 2
14 17 4
15 16 2
15 18 4
15 19 6
16 17 2
17 19 2
17 20 4
18 19 2
18 21 4
18 22 6
19 20 2
20 22 2
20 23 4
21 24 3
21 22 2
21 23 6
22 23 2
23 24 3
24 25 2
24 26 6
25 32 6
25 26 4
25 31 3
26 27 3
27 28 2
28 29 5
29 33 8
29 30 2
30 33 8
31 32 3
