100 249
1
1
1
1
1
1
1
1
1
1
1
1
1
1
1
1
1
1
1
1
1
1
1
1
1
1
1
1
1
1
1
1
1
1
1
1
1
1
1
1
2
1
1
1
1
1
1
1
2
1
1
1
1
1
1
1
1
1
1
1
1
1
1
1
1
1
1
1
1
1
1
1
1
1
1
1
2
1
1
1
1
1
2
1
1
1
1
1
1
1
1
1
1
1
1
1
1
1
2
4
0 1 5
0 99 8
1 2 3
2 3 5
3 4 2
3 5 3
3 6 5
4 5 1
4 5 2
4 6 3
4 6 3
4 7 3
5 6 2
5 6 1
5 7 5
6 7 6
7 8 3
7 9 5
7 10 7
8 9 2
8 10 4
8 11 5
8 12 4
8 13 2
9 10 2
9 10 1
9 14 3
10 14 4
11 12 1
11 12 1
11 13 3
11 15 5
11 16 4
11 17 3
11 18 2
12 13 2
12 15 4
12 16 3
12 17 2
12 18 1
13 19 2
13 20 6
14 21 2
14 22 4
14 23 3
15 16 1
15 16 1
15 17 2
15 17 7
15 18 3
15 18 5
15 24 2
15 25 4
16 17 1
16 17 6
16 18 2
16 18 4
16 24 1
16 25 3
17 18 1
17 18 2
17 24 5
17 25 3
18 24 3
18 25 1
19 26 4
19 27 2
19 20 4
20 28 2
20 30 4
20 29 3
21 31 3
21 22 1
21 22 2
21 23 3
21 23 5
22 31 4
22 23 2
22 23 7
23 31 6
24 25 2
25 26 3
26 27 2
27 32 2
27 33 5
28 34 5
28 29 3
28 29 5
28 30 1
28 30 6
29 34 2
29 30 2
29 30 1
30 34 4
31 35 2
31 36 4
31 37 3
32 33 3
33 38 2
33 39 4
34 40 2
34 40 4
35 41 3
35 36 2
35 36 1
35 37 5
35 37 3
36 41 4
36 37 7
36 37 2
37 41 6
38 42 5
38 43 3
38 44 6
38 39 6
39 45 2
39 47 4
40 40 6
41 48 2
41 49 4
42 50 3
42 43 1
42 43 2
42 44 2
42 44 1
43 44 3
43 44 3
43 50 2
44 50 5
45 47 2
45 46 4
46 51 5
46 52 3
47 52 4
48 49 2
48 53 5
48 54 4
48 55 2
49 56 2
49 57 2
49 58 3
51 52 2
51 59 3
51 60 2
53 61 2
53 54 1
53 54 6
53 55 3
53 55 5
54 61 4
54 55 2
54 55 1
55 61 3
56 58 2
56 58 1
56 62 4
56 57 4
57 58 5
57 64 6
57 63 4
58 62 6
59 65 4
59 60 5
60 66 2
60 63 4
61 65 2
62 68 2
62 69 2
63 64 2
63 66 2
64 67 2
64 70 2
66 67 4
67 70 4
68 72 6
68 69 4
68 71 4
69 73 1
69 74 2
69 75 5
70 76 4
70 76 2
70 77 2
71 80 6
71 72 2
71 78 2
71 79 5
72 81 2
72 82 4
72 82 5
73 83 4
73 75 1
73 75 6
73 74 3
74 75 3
74 84 2
74 85 4
75 83 5
76 76 2
76 77 6
76 77 4
77 88 5
77 86 4
77 87 2
78 80 4
78 89 2
78 90 5
78 79 3
79 80 1
79 91 1
79 92 2
79 93 5
80 81 3
80 91 2
80 93 3
81 82 2
81 82 3
81 91 5
81 93 6
82 82 1
84 88 6
84 85 2
84 86 4
84 87 3
85 94 2
86 88 2
86 88 1
86 87 1
86 87 2
87 88 3
87 88 3
89 96 5
89 97 6
89 90 3
89 95 3
90 92 5
91 92 3
91 93 1
91 93 6
92 93 3
94 98 4
94 98 2
95 96 1
95 96 2
95 97 5
95 97 3
96 97 6
96 97 1
98 98 6
