37 81
1
1
1
1
1
1
1
1
1
1
1
1
1
1
1
1
1
1
1
1
1
1
1
1
1
1
1
1
1
1
1
1
1
1
1
1
4
0 1 2
0 3 4
0 36 8
1 2 2
1 3 2
2 4 3
2 5 5
2 6 6
3 8 5
3 7 3
4 9 2
4 5 1
4 5 2
4 6 5
4 6 3
5 9 3
5 6 6
5 6 1
6 9 3
7 8 2
7 11 4
7 10 2
7 12 5
8 15 5
8 13 2
8 14 4
9 16 3
9 17 5
10 18 3
10 11 1
10 11 2
10 12 5
10 12 3
11 12 6
11 12 1
11 18 4
12 18 2
13 19 3
13 14 1
13 14 2
13 15 5
13 15 3
14 19 4
14 15 6
14 15 1
15 19 2
16 20 3
16 21 5
16 22 6
16 17 2
17 24 2
17 23 2
18 25 4
18 26 6
19 27 3
19 28 2
20 21 2
20 22 3
20 29 4
21 22 1
21 22 2
21 23 5
22 23 3
23 24 4
24 25 2
24 26 3
24 30 2
25 26 1
25 26 2
25 30 4
26 30 5
27 32 6
27 28 5
27 31 4
28 33 3
30 35 2
30 34 2
31 32 2
31 34 4
32 33 2
34 35 4
