38 92
1
1
1
1
1
1
1
1
1
1
1
1
1
1
1
1
1
1
1
1
1
1
1
1
1
1
4
3
3
3
3
3
3
3
3
3
3
3
0 1 5
0 27 8
0 29 8
0 30 8
1 2 5
2 3 3
3 4 3
4 32 8
4 33 8
4 34 8
4 36 8
4 37 8
4 35 8
4 28 8
4 31 8
5 8 6
5 27 8
5 28 8
5 6 2
5 7 4
6 7 2
6 8 4
6 9 6
6 10 4
6 11 2
7 8 2
7 17 2
7 18 4
7 19 6
8 20 2
8 23 2
8 25 4
9 10 2
9 11 4
9 30 8
10 34 8
10 11 2
11 12 3
12 13 4
13 14 5
14 15 3
15 16 3
16 29 8
17 18 2
17 19 4
17 36 8
18 19 2
18 37 8
19 35 8
20 25 6
20 26 8
20 21 3
20 23 4
21 26 8
21 22 4
22 33 8
23 24 4
23 25 2
24 31 8
25 32 8
27 28 0
27 30 0
27 29 0
28 32 0
28 33 0
28 34 0
28 35 0
28 36 0
28 37 0
28 31 0
29 30 0
31 32 0
31 33 0
31 34 0
31 35 0
31 36 0
31 37 0
32 33 0
32 34 0
32 35 0
32 36 0
32 37 0
33 34 0
33 35 0
33 36 0
33 37 0
34 35 0
34 36 0
34 37 0
35 36 0
35 37 0
36 37 0
