483 1268
1
1
1
1
1
1
1
1
1
1
1
1
1
1
1
1
1
1
1
1
1
1
2
1
1
1
1
1
1
1
1
1
1
1
1
1
1
1
1
1
1
2
1
1
1
1
1
1
1
1
1
1
1
1
1
1
1
1
1
1
1
1
1
1
1
1
1
1
1
1
1
1
1
1
1
1
1
1
1
1
1
1
1
1
1
1
1
1
1
1
1
1
1
1
1
1
1
1
1
1
1
1
1
1
1
1
1
1
1
1
1
1
1
1
1
1
1
1
1
1
1
1
1
1
1
1
1
1
1
1
1
1
1
1
1
1
1
1
1
1
1
1
1
1
1
1
1
1
1
1
1
1
1
1
1
1
1
1
1
1
1
1
1
1
1
1
1
1
1
1
1
1
1
1
1
1
1
1
1
1
1
1
1
1
1
1
1
1
1
1
1
1
1
1
1
2
1
1
1
1
1
1
1
1
1
1
1
1
1
1
1
1
1
1
1
1
1
1
1
1
1
1
1
1
1
1
1
1
1
1
1
1
1
1
1
1
1
1
1
1
1
1
1
1
1
1
1
1
1
1
1
1
1
1
1
2
1
1
1
1
1
1
1
1
1
1
1
1
1
1
1
1
1
1
1
1
1
1
1
1
1
1
1
1
1
1
1
1
1
1
1
1
1
1
1
1
2
1
1
1
2
1
1
1
1
1
1
1
1
1
1
1
1
1
1
1
1
1
1
1
1
1
1
1
1
1
1
1
1
1
1
1
1
1
1
1
1
1
1
1
1
1
1
1
1
1
1
1
1
1
1
1
1
1
1
1
1
1
1
1
1
1
1
1
1
1
1
1
1
1
1
1
1
1
1
1
1
1
1
1
1
1
1
1
1
1
1
1
1
1
1
1
1
1
1
1
2
1
1
1
1
1
1
1
1
1
1
1
1
1
1
1
1
1
1
1
1
1
1
1
1
1
1
1
1
1
1
1
1
1
1
1
1
1
1
1
1
1
1
1
1
1
1
1
1
1
1
1
1
1
1
1
1
1
1
1
2
1
1
1
1
1
1
1
1
1
1
1
1
1
1
1
1
1
1
1
1
1
1
1
1
1
4
0 1 2
0 1 1
0 2 2
1 2 4
2 3 2
2 4 4
2 5 6
3 4 2
3 5 4
4 5 2
4 6 3
4 7 5
4 8 6
5 9 3
5 10 5
6 7 2
6 8 3
6 11 2
6 12 3
6 13 5
7 8 2
7 8 1
7 14 2
8 14 4
9 16 4
9 10 2
9 15 2
10 18 3
10 19 4
10 17 2
11 20 2
11 12 6
11 12 1
11 13 5
11 13 3
12 20 4
12 13 1
12 13 2
13 20 3
14 23 3
14 21 3
14 22 1
14 22 1
15 24 3
15 25 5
15 16 2
16 26 2
16 27 4
17 19 6
17 19 1
17 28 5
17 18 5
17 18 3
18 19 1
18 19 2
18 28 2
19 28 4
20 29 6
20 30 4
20 31 2
21 22 2
21 22 4
21 23 6
22 22 2
22 23 4
22 23 2
23 32 2
23 33 3
23 24 4
24 32 6
24 33 1
24 25 2
25 34 3
25 35 5
26 27 2
26 36 3
26 37 4
26 38 6
27 40 6
27 38 2
27 39 5
28 41 2
28 41 4
28 42 2
29 43 3
29 30 2
29 31 4
30 44 6
30 45 3
30 46 2
30 31 2
31 48 5
31 47 2
32 33 5
33 49 3
33 50 5
33 51 2
34 35 2
34 52 2
34 53 4
34 54 5
35 56 5
35 55 3
36 57 3
36 58 5
36 37 7
36 37 1
36 38 3
37 57 4
37 58 2
37 38 2
38 39 3
38 40 4
39 40 2
39 40 1
39 59 2
40 59 4
41 41 6
41 42 4
41 42 2
42 61 5
42 60 3
43 62 4
43 63 2
44 64 3
44 46 4
44 45 3
44 63 2
45 46 1
45 46 2
45 47 2
46 47 4
47 48 3
48 65 2
48 66 4
48 67 6
49 50 2
49 50 1
49 51 5
49 51 3
49 68 2
50 51 7
50 51 2
50 68 3
51 68 5
52 53 2
52 53 1
52 54 3
52 54 5
52 69 3
53 69 4
53 54 1
53 54 6
54 69 2
55 56 2
55 72 6
55 70 2
55 71 4
56 72 2
56 57 6
56 58 5
57 72 4
57 58 2
57 58 1
58 72 3
59 73 2
59 74 3
59 75 4
60 73 2
60 74 5
60 75 3
60 76 7
60 61 2
61 77 2
61 78 5
62 63 2
62 79 4
63 64 5
64 80 2
64 79 2
65 66 2
65 67 4
65 81 6
65 82 3
65 83 2
66 67 2
66 84 2
66 85 3
66 86 4
66 87 6
67 88 2
67 89 4
68 90 2
68 91 4
68 92 5
69 93 2
69 94 4
69 95 6
70 96 4
70 72 4
70 71 2
71 97 2
71 98 4
71 99 5
71 100 6
71 72 2
73 76 5
73 74 3
73 74 5
73 75 1
73 75 6
74 76 2
74 75 2
74 75 1
75 76 4
76 77 4
77 78 3
78 101 2
78 102 2
79 80 4
80 104 3
80 103 5
81 82 3
81 83 4
82 105 3
82 83 2
82 83 1
83 105 5
84 106 1
84 107 3
84 108 4
84 109 5
84 110 6
84 85 1
84 85 1
84 86 2
84 87 4
85 106 2
85 107 4
85 108 5
85 109 6
85 110 7
85 86 1
85 87 3
86 110 2
86 111 4
86 112 5
86 87 1
86 87 2
87 110 3
87 111 5
87 112 6
88 89 6
89 113 2
89 114 2
89 115 4
90 116 2
90 91 1
90 91 2
90 92 5
90 92 3
90 117 3
91 116 3
91 92 6
91 92 1
91 117 4
92 116 3
92 117 2
93 118 5
93 119 4
93 120 2
93 94 2
93 95 4
94 121 2
94 122 4
94 123 6
94 95 2
95 96 2
95 124 3
95 125 4
96 124 5
96 125 6
97 98 2
97 99 3
97 100 4
97 124 2
97 125 4
98 99 1
98 100 2
98 126 2
99 128 3
99 100 1
99 100 1
99 127 3
100 128 4
100 127 2
101 129 4
101 102 4
102 130 2
102 131 4
103 104 2
103 104 2
103 132 4
104 132 2
105 133 2
105 134 6
106 135 3
106 136 4
106 137 6
106 107 2
106 108 3
106 109 4
106 110 5
107 139 5
107 108 7
107 108 1
107 109 2
107 110 3
107 138 3
108 139 2
108 109 1
108 110 2
108 138 4
109 140 3
109 110 1
109 111 1
109 112 5
110 111 2
110 112 3
111 140 4
111 112 1
111 112 6
112 140 2
113 114 4
113 115 6
114 115 2
114 141 2
114 142 2
115 141 2
115 143 2
115 144 3
116 117 1
116 117 2
116 118 2
117 118 4
118 120 3
118 119 1
119 120 2
119 120 1
119 145 4
120 145 3
121 122 2
121 123 4
122 146 2
122 147 4
122 148 6
122 123 2
123 149 2
123 150 2
124 125 1
124 125 2
126 149 3
126 151 5
127 128 6
127 152 2
128 152 2
128 153 3
129 154 2
129 155 2
130 131 2
130 156 5
130 157 3
130 158 1
131 160 3
131 159 6
133 134 4
134 136 3
134 135 5
135 136 1
135 136 2
135 137 3
136 137 2
137 161 2
137 138 5
138 139 2
138 161 3
139 162 2
139 163 4
139 164 5
140 165 2
140 166 4
140 167 6
141 144 5
141 142 4
141 143 4
142 168 3
142 169 4
142 170 6
143 144 2
143 144 1
145 171 3
146 147 2
146 148 4
147 172 3
147 173 4
147 174 6
147 148 2
148 175 2
149 150 4
149 151 2
150 176 6
150 175 2
151 176 2
151 177 5
151 178 6
152 153 5
153 179 3
153 180 5
154 155 4
154 181 5
154 182 3
154 183 1
155 482 8
156 184 4
156 185 2
156 186 2
156 157 2
156 158 4
157 187 3
157 158 1
157 158 2
158 187 4
159 160 3
159 187 4
159 188 2
160 188 2
160 189 2
162 192 2
162 163 2
162 164 3
162 190 5
162 191 3
163 192 6
163 193 5
163 194 2
163 164 1
164 194 6
164 195 4
164 196 2
164 197 1
165 198 2
165 166 2
165 167 4
165 200 6
165 199 5
166 167 2
167 201 3
167 202 2
167 203 3
168 169 2
168 169 1
168 170 3
168 170 3
168 204 2
169 170 1
169 170 2
169 204 4
170 204 5
171 205 5
171 206 4
171 207 2
172 208 2
172 173 2
172 173 1
172 174 3
172 174 3
173 208 4
173 174 1
173 174 2
174 208 5
175 176 4
176 177 3
176 178 4
177 209 2
177 178 1
177 178 2
178 209 4
179 210 3
179 211 2
179 180 2
180 211 2
180 212 1
180 213 4
180 214 2
181 182 2
181 183 4
182 183 1
182 183 2
184 217 2
184 186 6
184 185 2
184 215 4
185 186 4
185 219 4
185 220 2
185 218 6
187 188 2
188 189 4
189 221 6
189 222 4
190 192 3
190 193 5
190 195 2
190 191 2
190 191 7
191 192 1
191 193 2
191 195 5
192 193 1
192 194 4
193 194 3
193 195 3
194 196 4
194 197 5
194 195 2
195 196 2
195 197 3
196 224 2
196 197 2
196 197 1
197 224 4
198 200 4
198 225 4
198 226 2
198 199 3
199 200 1
199 200 2
199 227 2
200 227 4
201 202 5
201 202 3
201 203 6
201 203 1
201 228 5
202 203 1
202 203 2
202 228 2
203 228 4
205 206 1
205 206 6
205 207 3
205 207 5
206 207 2
206 207 1
208 229 2
208 230 6
209 232 3
209 233 3
209 231 2
210 213 1
210 211 5
211 212 3
211 213 2
211 214 4
212 213 5
212 214 1
212 214 2
213 214 6
215 217 2
215 216 3
216 234 5
216 235 3
217 236 6
217 237 4
217 238 2
218 219 2
218 220 4
218 238 4
218 239 2
219 240 5
219 241 3
219 220 2
220 242 2
220 243 4
221 244 4
221 222 2
221 245 6
222 223 5
223 248 2
223 246 4
223 247 2
224 225 6
224 226 5
224 249 2
225 249 4
225 226 1
225 226 2
226 249 3
227 250 2
227 251 3
227 252 4
228 253 2
228 254 2
228 255 3
228 255 4
229 256 6
229 230 4
229 257 2
230 258 2
230 259 3
230 260 4
231 232 5
231 233 2
231 233 1
232 261 2
232 262 4
232 263 6
232 233 6
234 264 3
234 265 5
234 235 2
236 266 5
236 267 2
236 237 2
236 238 4
237 267 6
237 238 2
237 268 3
238 239 2
239 269 5
239 270 3
240 272 4
240 241 2
240 273 2
240 271 6
241 273 2
241 242 5
242 243 2
242 273 3
243 275 5
243 274 2
244 276 4
244 277 2
244 278 2
244 279 5
244 245 2
245 280 3
245 278 2
246 248 6
246 281 4
246 247 2
246 284 2
247 248 4
248 286 3
248 285 3
249 289 2
249 288 4
249 287 6
250 290 5
250 251 3
250 251 5
250 252 1
250 252 6
251 252 2
251 252 1
251 290 2
252 290 4
253 291 4
253 293 2
253 292 3
253 254 4
253 255 5
253 255 6
254 294 2
254 295 4
254 296 6
254 255 1
254 255 2
255 255 1
256 297 6
256 298 4
256 299 2
256 257 4
257 299 2
257 300 5
257 300 6
258 259 5
258 259 3
258 260 6
258 260 1
258 261 5
259 260 1
259 260 2
259 261 2
260 261 4
261 262 2
261 263 4
262 263 2
262 301 2
262 302 5
262 303 6
263 304 1
263 305 2
263 306 5
264 265 2
264 307 3
264 308 2
265 308 2
266 267 3
266 309 3
266 310 2
266 311 2
267 268 3
268 312 6
268 313 3
268 314 2
269 315 6
269 316 4
269 317 2
269 270 2
270 320 1
270 317 6
270 318 4
270 319 2
271 320 5
271 272 2
271 273 4
272 321 4
272 322 2
272 273 2
272 319 6
274 275 3
274 323 6
274 324 4
274 325 2
275 325 6
275 326 4
275 327 2
276 328 5
276 329 2
276 277 2
276 278 6
276 279 1
277 329 6
277 278 4
277 279 3
277 285 4
278 279 7
278 280 5
279 280 2
281 282 2
281 284 6
282 283 3
284 330 5
284 286 2
285 329 2
285 286 6
286 330 3
287 288 2
287 331 4
287 332 2
287 289 4
288 289 2
289 333 3
289 334 4
289 335 6
290 294 4
291 336 4
291 337 5
291 292 2
291 292 1
291 293 1
291 293 6
292 336 2
292 337 3
292 293 3
292 293 5
293 336 5
293 337 6
294 296 4
294 295 2
295 296 2
296 338 3
296 339 2
296 340 2
297 298 2
297 299 4
297 341 2
298 299 2
298 342 5
298 343 4
298 344 2
299 300 3
299 300 4
300 300 1
301 302 3
301 303 4
301 345 5
301 346 4
301 347 2
302 348 2
302 303 1
302 303 2
303 348 4
304 305 3
304 306 6
304 306 1
304 349 4
305 306 3
305 312 4
305 348 2
305 350 6
306 349 5
307 308 5
309 311 5
309 310 1
309 351 4
310 350 4
310 311 4
312 313 3
312 314 4
312 348 2
312 350 2
313 352 5
313 353 4
313 354 2
313 314 1
314 355 4
315 355 4
315 316 2
315 317 4
316 356 6
316 357 4
316 358 2
316 317 2
317 320 5
317 318 2
317 319 4
318 320 3
318 359 4
318 360 2
318 319 2
319 320 1
319 321 2
319 322 4
321 361 5
321 322 2
321 362 2
322 362 2
322 363 4
323 324 2
323 325 4
323 364 4
323 365 3
323 366 2
323 367 2
324 368 4
324 369 2
324 325 2
325 326 2
325 327 4
326 370 4
326 327 2
326 327 2
327 370 2
328 329 3
328 330 3
328 371 6
330 371 3
331 332 2
333 334 1
333 335 3
333 372 1
333 373 3
333 374 5
334 372 4
334 374 5
334 335 1
334 335 2
335 372 5
335 374 6
336 337 1
336 337 2
336 375 4
337 375 6
338 339 1
338 339 1
338 340 5
338 376 5
338 377 4
338 378 3
338 379 2
338 380 6
339 340 4
339 376 4
339 377 3
339 378 2
339 379 1
339 380 5
340 381 2
340 382 2
340 383 4
342 344 3
342 344 5
342 384 2
342 385 3
342 343 1
342 343 6
343 344 2
343 344 1
343 384 4
343 385 3
344 384 3
344 385 2
345 346 6
345 346 1
345 347 5
345 347 3
345 386 2
346 386 4
346 347 1
346 347 2
347 386 3
348 350 4
349 387 4
349 351 2
351 387 6
352 354 3
352 353 1
353 354 1
353 354 2
353 388 5
353 389 3
354 388 4
354 389 2
356 357 2
356 358 4
356 391 2
356 390 4
356 389 2
357 358 2
357 392 5
357 393 3
357 394 1
358 359 6
358 360 5
358 395 2
359 360 2
359 360 1
359 395 4
360 395 3
361 362 3
361 396 5
361 396 3
362 363 2
364 397 4
364 398 3
364 365 1
364 399 2
364 366 2
364 367 6
364 367 1
365 398 5
365 399 1
365 400 4
365 401 2
365 402 6
365 366 1
365 366 1
365 367 5
366 398 4
366 399 2
366 400 3
366 401 1
366 402 5
366 367 4
367 398 4
367 397 5
367 399 3
368 403 6
368 404 4
368 369 2
369 370 6
369 371 2
370 371 4
372 373 4
372 374 1
372 374 6
373 374 2
373 405 2
373 406 5
375 408 2
375 407 3
376 377 1
376 409 2
376 378 7
376 378 2
376 379 5
376 379 3
376 380 1
377 409 1
377 378 1
377 379 2
377 380 2
378 409 5
378 379 2
378 379 1
378 380 3
379 409 3
379 380 4
380 410 2
380 411 2
380 412 4
381 411 3
381 413 5
381 382 4
381 383 6
382 416 6
382 383 2
382 414 2
382 415 4
383 417 2
383 418 1
383 419 2
383 420 4
384 385 1
384 407 2
385 408 6
386 421 6
386 422 2
387 423 2
388 389 2
388 390 2
389 390 6
389 391 4
390 391 2
391 392 2
391 425 5
391 426 4
391 424 6
392 424 4
392 425 3
392 426 2
392 393 2
392 394 4
393 394 2
393 427 5
393 428 4
393 429 3
393 430 2
393 431 1
393 432 6
394 433 4
395 397 2
395 434 6
395 402 3
396 396 2
397 434 4
397 398 1
397 402 1
397 399 2
398 399 1
398 399 6
398 400 1
398 401 3
398 402 1
399 400 5
399 401 3
399 402 7
400 401 2
400 402 2
400 435 6
400 436 4
400 437 2
401 402 4
401 438 4
401 437 6
402 434 3
403 440 2
403 404 2
403 439 5
404 440 6
404 441 4
405 406 3
406 442 3
406 443 3
407 408 5
410 412 6
410 411 4
411 412 2
411 413 2
412 418 4
412 444 1
412 445 2
412 413 2
413 418 2
413 445 4
413 444 3
414 416 4
414 415 2
414 446 4
414 447 2
415 416 2
415 448 5
415 449 6
415 447 2
416 450 2
416 451 4
416 427 2
416 428 1
416 429 5
416 430 3
417 418 1
417 419 4
417 420 6
417 421 5
418 419 3
418 420 5
418 445 6
418 444 5
419 452 1
419 453 3
419 454 2
419 424 5
419 425 4
419 420 2
420 422 2
420 454 2
421 422 4
422 454 4
424 452 4
424 453 2
424 454 7
424 425 1
424 425 1
424 426 2
425 452 3
425 453 1
425 454 6
425 426 1
426 452 5
426 453 6
426 432 3
427 450 4
427 451 6
427 428 1
427 428 1
427 429 7
427 429 2
427 430 5
427 430 3
427 431 4
427 432 1
428 450 3
428 451 5
428 429 6
428 429 1
428 430 4
428 430 2
428 431 3
428 432 2
429 450 3
429 451 1
429 430 2
429 430 1
429 431 2
429 432 3
430 450 1
430 451 1
430 431 1
430 432 4
431 451 1
431 455 4
431 432 5
432 452 2
432 453 3
433 434 4
433 455 2
434 455 2
435 456 5
435 456 3
435 436 2
435 437 4
436 457 6
436 458 4
436 459 3
436 437 2
437 438 2
438 460 3
439 440 3
439 461 4
439 462 2
440 441 2
441 442 4
441 463 6
442 443 6
442 463 2
443 464 3
443 465 3
444 445 2
444 445 1
446 466 4
446 467 6
446 447 2
447 448 3
447 449 4
448 449 1
448 449 2
448 450 5
449 450 3
450 451 2
451 455 3
452 453 2
452 453 1
452 454 3
453 454 5
456 456 2
457 468 3
457 458 2
457 458 7
457 459 3
457 459 5
458 459 1
458 459 2
458 468 4
459 468 2
460 469 6
460 470 4
460 471 2
461 472 3
461 473 2
461 474 2
461 462 2
462 464 5
462 465 4
462 463 2
463 464 3
463 465 2
464 465 1
464 465 6
466 467 2
466 476 6
466 469 4
466 475 2
467 476 2
467 468 6
468 476 4
469 470 2
469 471 4
469 475 2
469 476 2
470 474 4
470 471 2
470 471 2
471 474 2
472 473 1
472 474 5
472 477 2
472 478 5
473 474 4
473 479 4
475 476 4
475 478 3
477 480 4
477 478 3
477 479 2
479 480 2
480 481 2
