269 644
1
1
1
1
1
1
1
1
1
1
1
1
1
1
1
1
1
1
1
1
1
1
1
1
1
1
1
1
1
1
1
1
1
1
1
1
1
1
1
1
1
1
1
1
1
1
1
1
1
1
1
1
1
1
1
1
1
1
1
1
1
1
1
1
1
1
1
1
1
1
1
1
1
1
1
1
1
1
1
1
1
1
1
1
1
1
1
1
1
1
1
1
1
1
1
1
1
1
1
1
1
1
1
1
1
1
1
1
1
1
1
1
1
1
1
1
1
1
1
1
1
1
1
1
1
1
1
1
1
1
1
1
1
1
1
1
1
1
1
1
1
1
1
1
1
1
1
1
1
1
1
1
1
1
1
1
1
1
1
1
1
1
1
1
1
1
1
1
1
1
1
1
1
1
1
1
1
1
1
1
1
1
1
1
1
1
1
1
1
1
1
1
1
1
1
1
1
1
1
1
1
1
1
1
1
1
1
1
1
1
1
1
1
1
1
1
1
1
1
1
1
1
1
1
1
1
1
1
1
1
1
1
1
1
1
1
1
1
1
1
1
1
1
1
1
1
1
1
1
1
1
1
1
1
1
1
1
1
1
1
1
1
2
1
1
1
1
2
4
0 1 4
0 2 6
0 268 8
1 2 2
1 3 2
1 4 4
2 5 2
2 6 4
2 7 5
3 8 6
3 4 2
3 9 2
4 5 6
4 6 4
5 6 2
5 6 2
5 7 3
6 7 1
7 10 2
7 11 4
7 12 5
8 9 4
8 13 4
8 14 2
9 16 5
9 15 3
10 17 3
10 11 1
10 11 2
10 12 5
10 12 3
11 17 4
11 12 6
11 12 1
12 17 2
13 18 3
13 19 2
13 20 5
13 14 2
14 21 4
14 22 6
15 24 4
15 16 2
15 23 2
16 26 4
16 25 2
17 27 2
17 28 4
17 29 5
18 19 6
18 19 1
18 20 2
18 22 3
19 20 3
19 22 3
20 30 5
21 33 6
21 34 2
21 22 2
23 24 2
23 35 5
23 36 2
24 37 2
24 38 4
25 40 2
25 26 2
25 38 5
25 39 3
26 27 6
26 28 4
27 28 2
27 28 2
27 29 3
28 29 1
29 41 2
29 42 4
29 43 5
29 44 1
30 31 3
31 32 5
32 47 4
32 45 2
33 34 4
34 48 4
34 35 6
35 48 2
35 36 3
36 49 2
36 50 5
37 51 5
37 38 2
37 39 2
38 40 3
38 39 2
39 40 1
39 51 3
40 52 2
40 53 4
41 42 2
41 43 3
41 44 3
41 54 4
41 55 2
42 56 4
42 43 6
42 43 1
42 44 5
43 56 2
43 44 6
44 57 4
45 46 6
45 47 2
46 58 2
46 59 4
47 58 3
47 60 1
47 61 5
48 49 5
48 62 3
49 50 3
49 62 2
50 64 4
50 65 7
50 63 2
51 65 3
52 66 2
52 67 5
52 68 6
52 53 2
53 68 2
53 69 4
53 70 5
53 71 6
53 72 7
54 73 5
54 74 2
54 55 2
55 75 2
55 76 4
55 77 6
55 78 7
56 80 4
56 81 5
56 79 2
57 82 3
57 83 5
58 59 6
58 60 4
58 61 2
59 84 2
59 85 4
60 87 5
60 61 6
60 61 1
60 86 4
61 87 6
61 86 5
62 88 3
62 89 5
63 64 2
63 65 5
63 90 5
63 91 4
63 92 2
64 65 3
64 93 2
66 68 4
66 67 3
66 93 5
66 94 3
67 96 4
67 68 1
67 69 1
67 70 1
67 71 5
67 72 2
67 95 2
68 69 2
68 70 3
68 71 4
68 72 5
69 96 3
69 70 2
69 70 1
69 71 4
69 71 2
69 72 3
69 72 3
69 95 1
70 96 5
70 71 6
70 71 1
70 72 1
70 72 2
70 95 3
71 96 1
71 72 7
71 72 1
71 95 3
72 96 6
72 95 4
73 96 4
73 97 2
73 74 3
74 98 2
74 99 5
74 100 6
75 99 2
75 100 4
75 76 2
75 77 4
75 78 5
76 101 5
76 77 2
76 78 3
77 78 2
77 78 1
77 79 2
78 79 4
79 80 2
79 81 3
80 81 6
80 81 1
80 102 4
81 102 2
82 104 7
82 83 2
82 103 5
83 105 2
83 106 2
84 107 4
84 108 2
84 85 6
85 109 3
85 110 3
86 111 4
86 87 2
86 87 1
87 111 6
88 89 2
89 112 3
90 113 3
90 91 1
90 91 6
90 92 3
90 92 5
91 113 3
91 92 2
91 92 1
92 113 2
93 94 2
94 115 5
94 114 3
94 116 7
95 96 2
95 97 6
95 117 2
95 118 4
96 97 2
97 117 4
97 118 2
98 120 3
98 99 3
98 100 4
98 119 6
99 100 2
99 100 1
101 121 2
101 122 6
101 108 4
102 123 2
102 124 5
103 104 2
103 104 1
103 125 3
104 125 4
105 106 4
106 125 2
106 110 4
107 108 2
107 122 2
107 126 4
108 121 2
108 122 2
109 124 3
109 110 6
110 125 2
111 128 3
111 127 3
112 129 5
112 113 2
113 129 3
114 130 4
114 115 2
114 116 4
114 131 2
115 132 3
115 116 2
115 133 2
116 133 3
117 118 2
117 134 3
117 135 6
118 135 2
118 119 4
119 120 3
119 135 2
120 136 5
120 137 2
121 138 6
121 139 4
121 140 3
121 122 4
122 126 2
123 124 3
123 126 2
127 128 6
127 141 5
127 142 3
129 144 4
129 143 6
130 131 2
130 145 6
130 146 5
130 147 3
130 148 2
131 151 6
131 150 4
131 149 2
132 152 5
132 133 5
132 151 2
134 152 5
134 153 3
134 135 3
136 137 3
136 154 3
136 153 6
137 138 5
137 155 2
138 140 3
138 155 3
138 139 2
139 156 4
139 140 1
139 140 2
140 156 2
141 142 2
141 157 2
141 158 2
142 160 6
142 159 3
143 144 2
143 161 4
143 162 2
144 162 6
144 163 4
144 164 3
144 165 1
145 166 3
145 167 3
145 146 1
145 147 3
145 148 4
146 168 5
146 169 3
146 170 1
146 147 2
146 148 3
147 171 2
147 172 5
147 148 1
147 148 7
148 171 5
148 172 2
149 173 6
149 174 4
149 175 2
149 150 2
149 151 4
150 176 2
150 154 6
150 151 2
151 152 3
152 153 2
153 154 3
154 176 4
155 156 6
157 160 4
157 177 6
157 158 4
158 176 4
158 175 1
159 160 3
159 178 6
159 179 4
160 177 2
161 162 2
161 163 6
161 164 5
161 166 4
161 180 1
161 181 2
161 182 3
162 163 2
162 164 3
162 165 5
163 164 1
163 164 1
163 165 3
163 166 2
163 180 5
163 181 4
163 182 3
164 165 2
164 166 1
164 180 4
164 181 3
164 182 2
165 183 4
166 167 6
166 180 3
166 181 2
166 182 1
167 183 2
168 169 2
168 170 4
169 184 3
169 185 5
169 170 2
170 186 4
171 172 3
171 186 6
171 187 3
171 188 2
172 189 3
172 190 5
173 191 4
173 190 6
173 174 2
173 175 4
174 192 6
174 193 4
174 175 2
175 176 5
177 194 2
177 195 2
177 196 5
178 194 4
178 179 2
178 197 2
179 200 2
179 198 6
179 199 4
180 201 6
180 202 5
180 203 3
180 204 7
180 181 1
180 181 1
180 182 2
180 182 2
181 201 5
181 202 4
181 203 2
181 204 6
181 182 1
181 182 1
182 201 4
182 202 3
182 203 1
182 204 5
184 205 6
184 206 2
184 185 2
185 187 6
185 207 2
186 188 4
186 187 3
187 188 1
187 207 4
188 208 5
189 208 5
189 209 2
189 190 2
190 191 2
191 209 6
191 210 2
192 193 2
192 210 6
192 211 2
193 195 3
193 196 4
193 211 6
194 195 4
194 196 3
194 197 6
195 211 3
195 196 7
195 196 1
196 211 2
197 212 4
197 213 2
198 200 4
198 217 2
198 214 3
198 199 2
199 200 2
199 218 5
199 219 3
200 220 2
200 221 4
201 202 1
201 203 3
201 204 1
201 204 1
201 222 3
201 223 3
202 224 5
202 225 4
202 203 2
202 203 2
202 204 2
203 224 3
203 225 2
203 204 4
204 222 4
204 223 2
205 206 4
206 212 4
206 207 6
207 212 2
208 209 3
209 210 4
210 211 4
212 213 2
213 217 3
213 226 5
214 217 5
214 215 5
215 216 4
217 226 2
218 227 6
218 228 4
218 229 2
218 219 2
219 229 6
219 230 4
220 232 6
220 221 2
220 231 3
222 233 5
222 234 2
222 223 6
224 225 6
224 225 1
224 235 2
225 235 4
227 228 2
227 236 4
227 237 2
227 229 4
228 229 2
228 230 6
228 238 2
228 239 3
228 240 5
229 230 2
230 238 4
230 239 3
230 240 1
231 232 3
231 241 6
231 242 4
232 240 4
232 243 3
233 234 3
233 244 6
233 245 2
234 245 5
236 237 2
236 246 3
236 247 2
237 248 6
237 249 3
237 250 2
238 239 1
238 239 6
238 240 3
238 243 5
238 251 2
239 240 2
239 243 1
239 251 4
240 243 1
241 242 2
241 252 4
241 253 2
242 254 2
243 251 3
244 245 4
246 248 3
246 247 6
246 247 1
247 248 3
248 249 3
248 250 4
249 256 5
249 250 1
249 250 7
249 255 3
250 256 2
250 255 4
251 257 5
251 258 3
251 259 1
252 258 3
252 259 4
252 253 2
252 253 1
253 258 2
253 259 3
255 256 2
255 260 5
255 261 3
256 257 3
256 262 5
256 262 6
257 259 4
257 258 2
257 262 2
257 262 3
258 259 1
258 259 2
260 261 2
261 264 4
261 263 2
262 262 1
263 264 2
263 265 5
263 266 2
264 267 2
265 266 3
266 267 4
