746 1885
1
1
1
1
1
1
1
1
1
1
1
1
1
1
1
1
1
1
1
1
1
1
1
1
1
1
1
1
1
1
1
1
1
1
1
1
1
1
2
1
1
1
1
1
1
1
1
1
1
1
2
1
1
2
1
1
1
1
1
1
1
1
1
1
1
1
1
1
1
1
1
1
1
1
1
1
1
1
1
1
1
1
1
1
1
1
1
1
1
1
1
1
1
1
1
1
1
1
1
1
1
1
1
1
1
2
1
1
1
1
1
1
1
1
1
1
1
1
1
1
1
1
1
1
1
1
2
1
1
1
1
1
1
1
1
1
1
1
1
1
1
1
1
1
1
1
1
1
1
1
1
1
2
1
2
1
1
1
1
1
1
1
1
1
1
1
1
1
1
1
1
1
1
1
1
1
1
1
1
2
1
1
1
1
1
1
1
1
1
1
1
1
1
1
1
1
1
1
1
1
1
1
1
1
1
1
1
1
1
1
1
1
1
1
1
1
1
1
1
1
1
1
1
1
1
1
1
1
1
1
1
1
1
1
1
1
1
1
1
1
1
1
1
1
2
1
1
1
1
1
1
1
1
1
1
1
2
1
1
1
1
1
1
1
1
1
1
1
1
1
1
1
1
1
1
1
1
1
1
1
1
1
1
1
1
1
1
1
1
1
1
1
1
1
1
1
1
1
1
1
1
1
1
1
1
1
1
1
1
1
1
1
1
1
1
1
1
1
1
1
1
1
1
1
1
1
1
1
1
1
1
1
1
1
1
1
1
1
1
1
1
1
1
1
1
1
1
1
1
1
1
1
1
1
1
1
1
1
1
1
1
1
1
1
1
1
1
1
1
1
1
1
1
1
1
1
1
1
1
2
1
1
1
1
1
1
1
1
1
1
1
1
1
1
1
1
1
1
1
1
1
1
1
1
1
1
1
1
1
1
1
1
1
1
1
1
1
1
1
1
1
1
1
1
1
1
1
1
1
1
1
1
1
1
1
1
1
1
1
1
1
1
1
1
1
1
1
1
1
1
1
1
1
1
1
1
1
1
1
1
1
1
1
1
1
1
1
1
1
2
1
1
1
1
1
1
1
1
1
1
1
1
1
1
1
1
1
1
1
1
1
1
1
1
1
1
1
1
1
2
1
1
1
1
1
1
1
1
1
1
1
1
1
1
1
1
1
1
1
1
1
2
1
1
1
1
1
1
1
1
1
1
1
1
1
1
1
1
1
1
1
1
1
1
1
1
1
1
1
1
1
1
1
1
1
1
1
1
1
1
1
1
1
1
1
1
1
1
1
1
1
1
1
1
1
1
1
1
1
1
1
1
1
1
1
1
1
1
1
2
1
1
1
1
1
1
1
1
1
1
1
1
1
1
1
1
1
1
1
1
1
1
1
1
1
1
1
1
1
1
1
1
1
1
1
1
1
1
1
1
1
1
1
1
1
1
1
1
1
1
1
1
1
1
1
1
1
1
1
1
1
1
1
1
1
1
1
1
1
1
1
1
1
1
1
1
1
1
1
1
1
1
1
1
1
1
1
1
1
1
1
1
1
1
1
1
1
1
1
1
1
1
1
1
1
1
1
1
1
1
1
1
1
1
1
1
1
1
1
1
1
2
1
1
2
1
1
1
1
1
1
1
1
1
1
1
1
1
1
1
1
1
1
1
1
1
1
1
1
1
1
1
1
1
1
4
0 1 2
0 2 5
0 3 6
1 2 3
1 3 4
1 4 4
1 5 2
2 3 1
2 3 2
2 7 2
3 7 4
4 5 2
5 6 4
6 8 2
6 9 4
6 10 3
8 9 1
8 9 2
8 10 3
8 10 5
8 11 3
9 10 2
9 10 7
9 11 4
10 11 6
11 12 2
11 13 3
12 13 5
12 14 2
12 15 2
13 16 2
13 17 3
14 18 5
14 19 3
14 15 4
15 16 3
15 20 3
16 17 5
16 20 6
17 21 3
17 22 3
18 24 5
18 19 2
18 23 2
19 25 3
19 26 6
21 27 4
21 28 2
21 29 5
21 22 6
21 22 2
22 27 2
22 28 4
22 29 3
23 24 3
23 30 3
23 31 6
24 32 2
24 33 4
25 26 3
25 34 4
26 35 2
26 36 2
27 29 1
27 28 6
27 37 4
28 37 3
28 38 4
28 38 5
28 39 1
28 29 1
28 29 7
29 37 2
29 38 3
29 38 4
29 39 2
30 40 5
30 41 2
30 31 3
31 42 2
31 43 2
32 33 2
32 44 2
32 45 5
33 45 2
33 46 4
34 48 4
34 47 6
35 36 4
35 50 6
35 50 4
36 41 2
37 38 1
37 38 2
37 39 4
38 39 5
38 39 6
38 38 1
39 51 3
39 52 3
40 41 3
42 43 4
42 53 6
42 53 4
43 55 4
43 54 2
44 56 2
44 57 6
44 45 3
45 46 2
46 58 2
46 59 3
46 60 3
47 48 2
47 61 2
48 49 5
49 62 4
49 63 2
50 50 2
51 52 6
52 56 2
53 53 2
54 64 2
54 65 4
54 55 6
55 64 2
55 66 3
56 57 4
57 68 3
57 67 2
57 69 4
58 59 5
58 60 2
58 60 1
58 70 4
59 71 2
59 72 3
59 73 4
59 60 6
60 70 6
62 74 2
62 75 4
62 63 6
63 78 5
63 76 1
63 77 3
64 65 6
64 66 5
65 80 2
65 81 5
65 79 2
66 82 2
66 83 2
67 84 5
67 68 3
67 68 5
67 69 1
67 69 6
68 84 2
68 69 2
68 69 1
69 84 4
70 85 3
70 86 2
70 87 2
71 72 5
71 73 6
71 88 5
72 73 1
72 73 2
72 89 2
73 89 4
74 91 2
74 90 2
74 75 6
75 92 3
75 90 2
76 77 4
76 94 5
76 93 4
76 78 1
76 78 6
77 78 2
78 93 5
78 94 6
79 80 4
79 95 4
79 81 3
80 96 4
80 81 7
80 81 2
81 96 6
82 96 1
82 83 4
83 97 3
83 98 3
84 99 2
85 101 3
85 100 5
85 86 1
85 87 5
86 97 4
86 87 4
87 102 2
87 103 4
88 104 3
88 102 2
89 105 2
89 105 4
89 99 2
90 91 4
90 92 5
91 106 1
91 107 3
91 108 5
92 109 2
92 110 2
93 94 1
93 94 2
93 111 4
94 111 6
97 98 6
98 112 3
98 113 3
99 105 4
99 105 2
100 114 5
100 115 3
100 101 2
101 115 5
101 116 2
102 104 5
102 103 2
103 117 2
103 118 2
104 118 2
105 105 6
106 107 4
106 108 6
106 108 1
106 110 4
107 108 2
107 111 4
108 110 5
109 110 4
112 113 2
112 113 6
112 119 2
113 119 4
114 120 4
114 121 2
114 122 5
114 115 2
115 116 3
116 123 5
116 124 3
117 126 2
117 126 3
117 125 3
117 118 4
119 128 3
119 127 3
120 121 2
120 121 1
120 122 1
120 122 2
120 129 4
121 129 3
121 122 3
121 122 3
122 129 6
123 132 6
123 124 2
123 130 3
123 131 1
124 128 4
124 127 2
125 126 5
125 126 6
125 133 4
125 134 2
126 126 1
127 128 6
127 128 2
129 135 4
129 136 2
129 137 2
130 138 2
130 131 1
130 131 2
130 132 3
131 132 5
131 138 3
132 139 2
132 140 2
133 143 5
133 142 2
133 134 2
133 141 2
134 144 6
134 145 2
135 136 2
135 146 4
135 147 2
135 137 6
136 137 4
136 148 3
136 149 6
137 150 4
137 151 2
138 152 6
138 152 4
139 140 4
139 153 6
140 154 2
140 154 4
141 142 4
141 143 3
141 155 6
141 156 4
141 157 2
142 143 7
142 158 4
143 160 2
143 161 2
143 159 4
144 145 4
145 157 5
146 162 3
146 163 2
146 164 2
146 165 5
146 147 2
147 168 2
147 167 2
147 166 3
148 169 4
148 170 2
148 149 3
149 172 3
149 171 5
149 173 1
150 174 4
150 175 3
150 176 2
150 151 2
150 156 2
151 178 2
151 177 4
152 152 2
153 179 5
153 179 3
154 154 6
155 160 2
155 180 4
155 181 2
155 156 2
155 157 4
156 174 6
156 175 5
156 176 4
156 157 2
158 184 4
158 182 2
158 183 2
159 160 2
159 185 3
159 186 2
159 161 6
160 161 4
160 180 6
160 181 4
161 182 2
161 187 2
161 188 4
162 168 2
162 163 1
162 163 6
162 164 5
162 165 2
163 168 4
163 164 4
163 165 3
164 165 7
164 165 2
166 168 5
166 189 2
166 167 6
166 167 1
167 168 4
167 189 4
169 192 2
169 170 2
169 190 5
169 191 4
170 193 2
170 194 5
171 195 4
171 196 2
171 197 2
171 172 2
171 173 4
172 173 1
172 173 2
174 198 4
174 199 2
174 175 1
174 176 2
174 181 2
175 199 2
175 200 2
175 176 1
176 201 5
176 177 2
176 178 3
177 201 3
177 178 1
177 178 2
178 201 2
179 179 2
180 202 4
180 203 2
180 204 2
180 181 2
181 198 6
181 199 4
182 183 4
182 184 6
182 187 4
182 188 2
183 184 2
183 205 3
183 206 5
184 207 2
184 188 2
185 208 3
185 209 2
185 186 5
185 210 2
186 187 2
186 211 3
187 211 5
187 188 6
188 207 4
189 212 5
189 197 2
189 213 4
190 192 3
190 214 3
190 215 5
190 216 7
190 191 1
191 192 2
191 192 1
191 216 4
191 215 3
192 216 3
192 215 2
193 194 3
194 217 2
195 196 2
195 197 6
195 218 3
195 219 2
195 220 2
196 224 2
196 225 1
196 226 6
196 197 4
196 221 5
196 222 4
196 223 3
197 212 3
197 213 2
198 227 4
198 228 2
198 199 2
198 203 2
199 200 4
200 201 2
200 229 6
200 230 4
201 229 4
201 230 2
202 231 4
202 232 2
202 233 2
202 203 2
202 204 6
203 227 6
203 228 4
203 204 4
205 206 5
205 206 2
207 234 2
207 235 2
207 236 4
208 210 5
208 233 2
208 209 1
208 209 6
209 210 4
209 233 4
210 237 2
210 238 4
211 240 5
211 239 3
212 241 4
212 213 1
213 220 4
214 216 4
214 242 5
214 243 3
214 215 2
215 216 2
215 216 1
217 244 6
217 244 4
218 226 2
218 220 5
218 219 1
218 219 6
219 220 4
219 226 4
221 224 3
221 224 5
221 225 4
221 225 6
221 226 1
221 245 2
221 246 4
221 222 1
221 222 1
221 223 2
221 223 7
222 224 2
222 224 4
222 225 3
222 225 5
222 226 2
222 245 1
222 246 3
222 223 1
222 223 6
223 224 1
223 224 2
223 225 2
223 225 1
223 226 3
223 245 5
223 246 3
224 225 1
224 225 1
224 226 4
224 245 3
224 246 1
225 226 5
225 245 4
225 246 2
227 228 2
227 232 2
227 247 4
227 248 2
228 249 5
228 229 2
229 230 2
229 249 3
230 250 4
231 232 2
231 233 6
231 251 4
231 252 2
232 233 4
232 247 6
232 248 4
234 235 4
234 236 6
234 253 4
234 254 2
234 255 2
235 256 2
235 236 2
235 258 5
237 240 4
237 238 2
237 239 2
238 259 2
238 260 2
239 240 2
239 240 2
241 261 4
241 262 2
242 264 4
242 265 6
242 243 2
242 263 3
243 265 2
243 266 4
244 244 2
245 267 5
245 268 4
245 269 2
245 246 2
246 270 3
247 271 4
247 272 2
247 273 5
247 248 2
248 274 6
248 275 4
248 276 2
249 276 5
249 277 3
250 280 1
250 278 5
250 279 3
251 281 4
251 252 6
252 259 4
253 282 4
253 283 2
253 284 2
253 254 2
253 255 6
254 255 4
254 285 4
256 257 4
256 258 3
257 258 2
257 286 2
258 286 4
259 260 4
261 288 2
261 262 6
261 287 4
262 290 4
262 289 2
263 264 2
263 264 1
263 265 3
263 291 5
263 292 4
264 265 2
264 291 3
264 292 2
265 266 2
267 293 3
267 294 2
267 295 5
267 268 1
267 269 3
268 296 4
268 269 2
268 269 1
269 296 3
270 297 4
270 298 2
271 272 2
271 272 1
271 273 1
271 273 2
271 299 4
272 273 3
272 273 3
272 299 3
273 299 6
274 276 4
274 275 2
274 300 4
274 301 2
275 302 5
275 303 3
275 304 1
275 276 2
276 277 2
277 305 6
277 306 4
277 278 2
278 305 4
278 306 2
278 279 2
278 280 4
279 280 2
279 280 1
281 307 4
281 308 2
281 285 2
282 309 4
282 310 2
282 311 2
282 283 2
282 284 6
283 312 3
283 313 6
283 284 4
284 314 2
284 311 2
285 307 6
285 308 4
286 315 2
287 288 2
287 316 4
287 317 2
287 318 1
287 319 2
288 320 4
288 321 1
288 318 6
289 322 3
289 323 3
289 290 6
290 324 2
290 325 3
291 292 6
291 292 1
291 326 2
292 326 4
293 328 2
293 295 2
293 294 1
293 327 2
294 329 4
294 295 3
295 328 2
295 330 5
296 331 6
296 332 4
297 298 2
297 334 3
297 333 5
298 335 3
299 336 4
299 337 2
299 338 5
300 339 3
300 340 2
300 341 2
300 301 2
301 342 6
301 302 2
302 304 4
302 342 4
302 303 2
303 304 1
303 304 2
303 344 3
303 343 2
304 344 4
304 343 3
305 306 2
305 343 5
305 344 2
305 345 2
306 346 4
306 347 2
307 348 4
307 308 2
307 349 2
308 336 4
308 338 3
308 350 6
309 352 2
309 353 5
309 310 2
309 311 6
309 351 2
310 354 3
310 351 6
310 311 4
311 314 4
312 313 3
312 355 5
312 356 3
313 354 3
313 357 2
316 358 4
316 359 2
316 360 2
316 319 6
316 317 2
316 318 3
317 320 6
317 361 3
317 318 1
317 319 4
318 320 2
318 321 5
318 319 3
319 362 2
319 363 3
319 364 4
320 321 3
320 361 3
321 365 4
322 323 6
322 324 2
322 366 5
323 367 3
324 325 5
324 366 3
325 368 2
325 369 4
326 371 3
326 370 5
327 328 4
327 372 5
327 373 3
327 374 1
328 330 3
329 331 2
329 375 6
330 376 3
330 365 2
331 332 2
331 375 4
332 377 5
332 378 3
333 379 4
333 379 2
333 334 2
334 380 3
334 381 5
335 382 4
336 337 2
336 338 1
336 338 1
336 350 2
337 384 4
337 385 2
337 338 3
337 383 5
338 350 3
339 340 1
339 340 6
339 386 2
339 341 5
340 386 4
340 341 4
342 386 2
342 387 4
342 388 2
343 344 7
343 344 1
343 345 3
344 345 4
345 389 3
346 368 2
346 347 2
346 390 4
347 391 2
348 392 4
348 393 2
348 349 6
349 394 3
349 356 2
350 396 2
350 395 4
351 352 4
351 353 3
351 354 3
352 397 4
352 353 7
353 399 2
353 398 3
354 357 5
355 356 2
355 400 5
355 401 4
355 402 3
355 403 2
355 404 1
356 394 5
357 400 1
357 405 5
357 406 4
357 407 3
357 408 6
358 360 6
358 409 4
358 410 2
358 359 2
359 360 4
359 412 4
359 411 6
359 413 2
360 416 4
360 414 2
360 415 3
361 376 2
361 417 4
362 418 2
362 363 5
362 363 3
362 364 6
362 364 1
363 364 1
363 364 2
363 418 5
364 418 3
365 376 5
366 390 4
366 367 2
367 390 6
368 369 6
368 390 2
369 391 4
370 419 3
370 371 2
370 382 2
371 420 5
371 421 2
372 422 4
372 423 2
372 424 2
372 373 2
372 374 4
373 375 3
373 374 2
373 374 1
374 375 4
376 417 2
377 425 4
377 378 2
377 426 2
378 426 6
378 427 4
379 379 2
380 428 4
380 381 1
380 381 2
381 428 3
382 419 5
383 384 1
383 385 3
383 429 3
383 430 5
383 431 7
384 385 1
384 385 2
384 431 4
385 431 3
386 387 6
386 388 4
387 388 2
387 432 3
387 433 2
387 434 1
387 435 2
387 436 4
388 438 4
388 437 6
388 439 3
392 440 3
392 404 4
392 393 2
393 441 6
393 442 3
393 443 2
395 444 2
395 442 5
395 443 2
395 396 2
396 445 6
396 446 3
397 447 2
397 399 2
398 448 5
398 449 3
398 399 5
399 447 4
400 401 1
400 402 2
400 403 3
400 404 4
400 405 4
400 406 3
400 407 2
400 408 5
401 450 3
401 452 5
401 451 1
401 402 1
401 403 2
401 404 3
401 406 4
401 407 2
402 453 3
402 451 5
402 403 1
402 403 2
402 404 2
402 440 1
403 453 1
403 451 3
403 404 1
403 440 1
404 440 1
405 452 1
405 454 4
405 406 1
405 407 2
405 408 2
405 408 1
406 450 1
406 451 3
406 452 1
406 407 6
406 407 1
406 408 2
407 450 5
407 451 3
407 452 7
407 408 3
408 452 3
408 454 6
409 456 2
409 457 2
409 410 6
409 455 4
410 457 2
410 458 4
410 459 2
411 460 4
411 461 2
411 462 2
411 412 2
411 413 4
412 464 2
412 413 2
412 463 5
413 465 2
413 466 4
413 467 5
414 416 1
414 416 6
414 468 5
414 415 3
414 415 5
415 416 2
415 416 1
415 468 2
416 468 4
417 424 4
418 469 3
418 469 3
419 428 2
419 470 2
420 472 2
420 421 3
420 471 6
421 472 6
421 473 3
421 474 2
422 423 2
422 424 6
422 465 3
422 466 4
422 467 2
423 424 4
423 475 6
423 476 3
425 426 2
425 477 2
426 427 2
427 478 5
427 479 3
428 470 4
429 480 5
429 481 4
429 482 2
429 430 2
429 431 4
430 483 2
430 484 6
430 431 2
430 433 5
430 434 4
432 484 2
432 485 2
432 433 1
432 434 2
432 435 5
432 436 1
433 484 1
433 483 3
433 434 1
433 434 1
433 435 4
433 436 2
434 484 2
434 483 2
434 435 3
434 436 3
435 485 2
435 436 1
435 436 6
436 485 1
437 468 3
437 438 7
437 438 2
437 439 5
437 439 3
438 468 4
438 439 2
438 439 1
439 468 2
440 451 4
440 453 2
441 442 3
441 443 4
441 453 5
441 486 2
442 444 3
442 443 7
442 443 1
443 444 4
444 445 5
444 487 3
445 446 3
445 487 2
446 488 5
446 489 4
446 490 2
448 449 2
448 491 4
448 492 2
448 493 2
449 494 5
450 451 2
450 452 2
450 495 4
451 452 4
451 453 2
452 454 3
453 486 3
455 456 2
455 457 6
455 496 4
455 497 2
455 498 5
456 457 4
456 499 6
456 499 4
457 458 2
457 459 4
458 459 6
458 500 3
458 501 2
458 502 3
459 503 2
459 504 3
459 505 4
460 461 2
460 462 6
460 506 3
460 507 2
460 508 2
461 462 4
461 509 5
461 510 4
461 511 2
462 508 2
463 464 3
463 512 3
464 513 2
464 514 5
465 466 1
465 466 2
465 467 5
465 467 3
466 467 6
466 467 1
469 469 6
471 472 4
471 516 2
471 515 4
472 473 3
472 474 4
473 474 1
473 474 2
473 517 2
474 517 4
475 514 3
475 476 3
476 520 2
476 518 5
476 519 4
477 521 6
477 521 4
478 523 4
478 522 6
478 524 2
478 479 2
479 515 2
479 524 6
479 516 3
480 481 6
480 481 1
480 482 5
480 482 3
480 525 2
481 482 1
481 482 2
481 525 4
482 525 3
483 484 4
483 526 4
483 527 3
484 485 4
486 528 6
486 530 2
486 529 4
487 532 3
487 531 6
488 489 6
488 489 1
488 490 5
488 490 3
488 533 2
489 490 1
489 490 2
489 533 4
490 533 3
491 492 2
491 493 6
491 534 4
491 536 2
491 537 2
492 539 6
492 538 3
492 493 4
493 537 2
493 540 2
494 539 5
494 541 3
495 528 2
495 542 6
495 543 4
496 544 4
496 497 2
496 497 1
496 498 1
496 498 2
497 544 3
497 498 3
497 498 3
498 544 6
499 499 2
500 545 4
500 546 5
500 501 1
500 501 2
500 502 6
500 502 1
501 545 2
501 546 3
501 502 5
501 502 3
502 545 5
502 546 6
503 504 3
503 504 5
503 505 1
503 505 6
503 547 5
503 548 2
504 505 2
504 505 1
504 547 2
504 548 5
505 547 4
505 548 3
506 508 5
506 507 1
506 507 6
506 549 2
507 508 4
507 549 4
509 550 2
509 510 6
509 510 1
509 511 5
509 511 3
510 550 4
510 511 1
510 511 2
511 550 3
512 552 4
512 553 3
512 554 2
512 551 6
513 514 3
513 555 5
513 556 2
515 524 4
515 516 2
515 516 1
516 524 3
517 557 2
518 520 3
518 520 5
518 558 2
518 519 1
518 519 6
519 520 2
519 520 1
519 558 4
520 558 3
521 521 2
522 523 2
522 524 4
522 559 4
522 560 3
522 561 2
523 524 2
523 562 6
523 563 4
523 564 2
525 565 2
525 566 6
526 566 4
526 527 1
526 527 2
527 566 2
528 529 2
528 530 4
528 542 4
528 543 2
529 530 2
529 567 2
529 543 5
530 568 2
530 531 5
531 568 3
531 532 3
532 569 3
533 570 3
534 536 2
534 537 6
534 535 6
535 571 3
535 572 5
536 537 4
536 572 3
536 573 6
537 540 4
538 576 2
538 539 3
538 574 5
538 575 3
539 541 2
540 745 8
541 576 4
541 575 2
542 543 2
543 567 3
544 577 4
544 578 2
545 546 2
545 546 1
545 579 4
546 579 6
547 548 7
547 548 2
547 565 4
548 565 6
550 580 5
550 581 4
550 551 2
551 580 3
551 581 2
551 552 2
551 553 3
551 554 4
552 582 5
552 583 4
552 584 3
552 585 2
552 554 1
552 554 2
552 553 1
553 555 6
553 585 1
553 586 2
553 587 4
553 554 1
554 582 4
554 583 3
554 585 1
554 584 2
555 586 4
555 587 2
555 556 3
555 585 5
556 588 3
557 591 2
557 590 4
557 589 6
557 589 5
558 588 6
558 592 4
558 593 2
559 593 7
559 560 1
559 560 1
559 561 2
559 594 5
559 595 4
559 596 3
559 597 2
560 593 6
560 561 1
560 594 4
560 595 3
560 596 2
560 597 1
561 562 3
561 597 6
561 598 5
562 563 2
562 564 4
562 597 3
562 598 2
563 600 3
563 564 2
563 599 6
564 601 4
565 566 4
567 602 4
567 603 2
568 604 3
568 605 5
569 606 4
569 607 2
570 608 5
570 609 3
571 610 3
571 611 6
571 572 2
572 573 3
573 612 2
573 613 6
574 576 3
574 613 3
574 575 2
575 576 1
575 576 2
577 616 2
577 578 2
577 614 4
577 615 2
578 617 3
578 615 6
579 619 2
579 620 2
579 618 3
580 581 1
580 582 5
580 621 3
580 622 7
581 622 4
582 583 1
582 585 3
582 621 2
582 622 2
582 584 2
583 585 2
583 623 4
583 584 1
583 584 2
583 586 1
584 585 1
584 623 2
584 586 1
585 587 3
585 586 1
586 587 2
586 623 3
587 624 2
587 592 6
587 594 4
588 592 2
588 593 4
589 591 4
589 591 3
589 590 2
589 590 1
589 589 1
590 591 2
590 591 6
590 625 1
590 626 2
590 627 3
590 628 4
590 629 5
591 625 5
591 626 4
591 627 3
591 628 2
591 629 1
592 624 4
592 593 2
592 594 2
593 594 2
593 595 3
593 596 4
593 597 5
594 595 1
594 596 2
594 597 3
594 624 2
595 630 4
595 596 1
595 596 2
595 597 2
595 598 1
596 630 2
596 597 1
596 598 1
597 598 1
598 630 3
599 600 3
599 630 2
599 631 3
601 632 5
601 633 3
601 634 2
602 635 5
602 603 1
602 603 2
602 636 3
603 635 4
603 636 2
604 605 2
604 637 5
604 638 3
604 639 1
605 640 2
605 642 6
605 641 5
606 641 2
606 642 4
606 607 2
607 608 6
607 643 3
608 609 2
608 643 3
609 644 4
609 645 2
610 648 2
610 611 3
610 646 5
610 647 4
611 649 2
611 612 4
612 649 2
612 613 4
614 640 2
614 615 2
614 616 6
614 650 4
614 651 2
615 616 4
615 617 3
616 652 3
616 653 3
617 655 2
617 654 4
618 656 2
618 657 2
618 620 5
618 619 1
619 620 4
619 652 4
620 657 2
620 643 2
621 658 5
621 622 4
621 623 2
623 658 3
624 659 6
624 660 4
624 631 2
625 626 1
625 626 1
625 627 7
625 627 2
625 628 5
625 628 3
625 629 6
625 629 4
625 662 4
625 661 2
626 627 6
626 627 1
626 628 4
626 628 2
626 629 5
626 629 3
626 662 3
626 661 1
627 628 2
627 628 1
627 629 1
627 629 2
627 662 3
627 661 5
628 629 1
628 629 1
628 662 1
628 661 3
629 661 4
629 662 2
630 631 5
631 659 4
631 660 2
632 664 2
632 634 3
632 633 2
632 663 6
633 664 6
633 665 3
633 634 1
635 636 2
635 667 4
635 668 2
635 666 6
636 669 3
637 670 2
637 669 2
637 638 2
637 639 4
638 650 3
638 639 2
638 639 1
639 650 4
640 641 3
640 642 4
640 650 6
640 651 4
641 642 2
641 642 1
643 657 4
644 672 5
644 645 2
644 645 6
644 671 3
645 672 1
645 671 3
646 648 5
646 648 3
646 673 2
646 647 6
646 647 1
647 648 1
647 648 2
647 673 4
648 673 3
649 666 2
649 674 4
650 651 2
651 675 6
651 676 4
652 653 6
653 656 3
654 677 3
654 678 6
654 655 2
655 680 4
655 679 6
656 657 4
658 681 2
658 682 3
658 683 3
659 660 2
659 684 5
661 685 2
661 662 2
661 665 5
662 685 6
662 686 4
662 687 2
663 664 4
663 688 4
663 689 2
664 665 3
665 685 3
666 668 4
666 674 2
666 667 2
667 690 6
667 691 4
667 692 2
667 668 2
668 693 2
668 694 4
668 695 6
669 670 4
670 696 2
670 697 6
671 672 1
671 672 2
673 674 6
673 698 1
673 699 2
673 700 3
673 701 4
673 702 5
674 698 5
674 699 4
674 700 3
674 701 2
674 702 1
675 697 2
675 676 2
676 678 2
676 703 4
677 704 6
677 705 3
677 706 2
677 678 3
678 703 2
679 680 2
679 705 2
679 706 4
680 707 2
681 683 1
681 683 2
681 708 4
681 682 5
682 683 6
682 709 3
682 710 2
683 708 6
684 711 4
684 711 2
685 687 4
685 686 2
686 712 5
686 713 3
686 687 2
688 689 2
689 714 4
689 714 2
690 716 2
690 692 4
690 691 2
690 715 5
691 716 6
691 717 4
691 718 3
691 719 2
691 692 2
692 720 2
692 721 6
693 708 2
693 721 5
693 694 2
693 695 4
694 704 4
694 722 6
694 695 2
695 696 4
695 723 2
696 697 4
696 723 2
698 724 2
698 725 4
698 726 5
698 699 1
698 699 1
698 700 2
698 700 7
698 701 3
698 702 4
698 702 6
699 724 1
699 725 3
699 726 4
699 700 1
699 700 6
699 701 2
699 702 3
699 702 5
700 724 5
700 725 3
700 726 2
700 701 1
700 702 2
700 702 1
701 715 5
701 725 3
701 726 1
701 702 1
702 724 4
702 725 2
702 726 1
703 722 4
703 723 6
704 706 4
704 705 3
704 722 2
705 706 2
705 706 1
707 728 2
707 727 5
708 721 3
709 729 4
709 730 2
709 710 1
709 710 5
710 729 3
710 730 3
711 711 2
712 713 2
714 714 2
715 716 3
715 726 4
715 725 2
716 717 2
716 718 3
716 719 4
717 718 1
717 718 1
717 719 2
717 731 1
717 732 3
717 733 4
717 734 5
717 735 6
718 719 1
718 731 2
718 732 4
718 733 5
718 734 6
718 735 7
719 736 4
719 720 5
719 735 2
720 736 1
720 721 4
720 735 3
722 723 2
724 737 6
724 738 4
724 739 2
724 725 2
724 726 3
725 726 2
725 726 1
727 728 3
728 729 5
728 730 6
729 730 1
729 730 6
731 740 6
731 741 4
731 742 2
731 732 2
731 733 3
731 734 4
731 735 5
732 742 6
732 733 1
732 734 2
732 735 3
733 736 2
733 734 1
733 734 1
733 735 2
734 736 1
734 735 1
735 736 2
737 738 2
737 739 4
738 744 2
738 739 2
738 743 4
739 744 2
739 740 4
740 744 2
740 742 4
740 741 2
741 742 2
743 744 2
