500 1023
1
1
1
1
1
1
1
2
1
1
1
1
1
1
1
1
1
1
1
1
1
1
1
1
1
1
1
1
1
1
1
1
1
1
1
1
1
1
1
1
1
1
1
1
1
1
1
1
1
1
1
1
1
1
1
1
1
1
1
1
1
1
1
1
1
1
1
1
1
1
1
1
1
1
1
1
1
1
1
1
1
1
1
1
1
1
1
1
1
1
1
1
1
1
1
1
1
1
1
1
1
1
1
1
1
1
1
1
1
1
1
1
1
1
1
1
1
1
1
1
1
1
1
1
1
1
1
1
1
1
1
1
1
1
1
1
1
1
1
1
1
1
1
1
1
1
1
1
1
1
1
1
1
1
1
1
1
1
1
1
1
1
1
1
1
1
1
1
1
1
1
1
1
1
1
1
1
1
1
1
2
1
1
1
1
1
1
1
1
1
1
1
1
1
1
1
1
1
1
1
1
1
1
1
1
1
1
1
1
1
1
1
1
1
1
1
1
1
1
1
1
1
1
1
1
1
1
1
1
1
1
1
1
1
1
1
1
1
1
1
1
1
1
1
1
1
1
1
1
1
1
1
1
1
1
1
1
1
1
1
1
1
1
1
1
1
1
1
1
1
1
1
1
1
1
1
1
1
1
1
1
1
1
1
1
1
1
1
1
1
1
1
1
1
1
1
1
1
1
1
1
1
1
1
1
1
1
1
1
1
1
1
1
1
1
1
1
1
1
1
1
1
1
1
1
1
1
1
1
1
1
1
1
1
1
1
1
1
1
1
1
1
1
1
1
1
1
1
1
1
1
1
1
1
1
1
1
1
1
1
1
1
1
1
1
1
1
1
1
1
1
1
1
1
1
1
1
1
1
1
1
1
1
1
1
1
1
1
1
1
1
1
1
1
1
1
1
1
1
1
1
1
1
1
1
1
1
1
1
1
1
1
1
1
1
1
1
1
1
1
1
1
1
1
1
1
1
1
1
1
1
1
1
1
1
1
1
1
1
1
1
1
1
1
1
1
1
1
1
1
1
1
1
1
1
1
1
1
1
1
1
1
1
1
1
1
1
1
1
1
2
1
1
1
1
1
1
1
1
1
1
1
1
1
1
1
1
1
1
1
1
1
1
1
1
1
1
1
1
4
0 1 2
0 2 5
0 3 6
1 2 3
1 3 4
1 4 4
1 5 2
2 3 2
2 3 1
2 6 2
3 6 4
4 8 4
4 5 2
4 7 6
5 10 4
5 9 2
6 11 1
6 12 2
6 13 4
6 14 2
7 8 6
7 8 2
7 16 4
7 15 2
8 16 2
8 15 4
9 17 3
9 18 6
9 10 2
10 18 2
10 19 6
11 12 3
11 14 2
11 14 1
11 13 5
12 14 4
12 20 6
12 13 2
13 14 6
13 21 2
13 22 4
15 24 2
15 16 2
15 23 4
16 25 3
16 26 5
17 18 3
17 27 5
17 28 2
18 19 4
19 29 3
19 30 5
20 21 2
20 31 3
21 22 2
21 31 5
22 32 3
22 33 3
23 24 2
23 34 5
23 35 3
24 36 4
24 37 2
25 26 2
25 38 4
25 39 2
26 40 4
26 39 2
27 42 4
27 28 3
27 41 6
28 43 1
28 44 3
28 45 5
29 46 4
29 30 2
29 47 2
30 48 4
30 47 2
31 49 2
31 50 3
32 33 6
32 51 4
32 52 2
33 53 2
33 54 2
34 56 3
34 35 2
34 55 5
35 57 3
35 58 5
36 59 4
36 60 2
36 37 6
37 61 3
37 62 2
38 64 5
38 63 3
38 65 2
38 39 6
39 40 2
40 65 2
40 67 5
40 66 3
41 42 7
41 42 2
41 68 2
41 69 4
42 68 5
42 69 3
43 44 4
43 45 1
43 45 6
43 70 4
44 72 5
44 45 2
44 71 3
45 70 5
46 48 2
46 73 3
46 74 4
46 47 6
47 48 2
48 73 5
48 74 6
49 50 5
49 75 4
49 76 2
50 76 2
50 77 3
50 78 5
51 75 3
51 52 6
51 79 2
52 54 2
52 79 2
53 80 1
53 82 5
53 54 4
53 81 3
54 79 4
55 56 2
55 83 6
55 84 2
56 84 2
56 85 6
57 58 2
57 85 6
57 86 4
58 88 4
58 89 6
59 60 6
59 90 4
59 91 2
60 92 2
60 62 2
61 69 5
61 62 5
61 63 3
62 92 4
63 64 2
63 65 5
63 69 2
64 65 7
64 66 2
64 67 3
64 68 3
65 66 1
65 67 3
66 67 1
66 67 2
66 68 5
67 68 6
68 69 2
70 94 2
70 93 4
71 72 2
71 96 4
71 95 6
72 97 3
72 98 5
73 74 1
73 74 2
73 99 2
74 99 4
75 76 6
75 79 5
76 77 5
76 78 7
77 100 2
77 78 1
77 78 2
78 100 3
80 81 4
80 82 1
80 82 6
80 101 4
81 82 2
81 102 2
81 103 4
82 101 5
83 84 4
84 85 4
85 86 2
86 87 5
87 104 4
87 105 6
88 89 2
88 106 3
88 107 2
89 108 3
89 109 5
90 91 6
90 110 4
90 111 2
91 112 2
91 92 2
92 112 4
93 113 4
93 114 2
93 94 6
94 115 3
94 116 5
95 96 2
95 117 4
95 118 2
96 119 4
96 120 2
97 120 2
97 98 2
97 121 6
98 121 2
98 122 6
99 123 2
99 124 4
100 126 3
100 127 5
100 125 2
101 499 8
102 128 4
102 129 2
102 103 2
103 130 2
103 131 4
104 105 1
104 105 2
104 132 3
104 133 5
105 132 4
105 133 6
106 107 5
106 134 3
106 135 5
107 136 2
107 108 3
107 109 4
108 136 5
108 109 2
108 109 1
109 136 6
110 137 2
110 138 3
110 111 6
111 112 2
111 137 2
112 137 4
113 114 2
113 139 3
114 140 3
114 131 5
114 139 2
115 116 2
115 116 6
117 118 2
117 141 4
117 142 2
118 144 5
118 143 2
119 144 6
119 145 4
119 120 2
120 121 4
121 122 4
123 124 2
123 147 6
124 148 5
124 147 2
124 149 6
125 150 3
125 126 1
125 126 2
125 127 3
125 127 3
126 150 5
126 127 2
126 127 1
127 150 6
128 129 2
128 151 2
129 150 4
129 151 6
130 152 5
130 153 3
130 131 2
131 139 7
131 140 2
132 133 2
132 154 2
132 155 4
132 156 5
133 157 3
133 158 5
133 159 2
134 160 3
134 161 6
134 135 2
135 163 4
135 162 2
136 164 4
136 165 2
137 138 5
138 166 3
138 167 5
139 140 5
140 168 4
140 153 6
141 169 6
141 170 2
141 142 2
142 170 2
142 143 6
143 144 3
143 170 4
144 145 2
145 146 5
146 171 4
146 172 2
147 148 3
147 149 4
148 149 2
148 149 1
148 173 2
149 173 4
150 151 2
152 153 2
152 174 4
152 175 2
153 168 2
154 176 4
154 156 3
154 155 2
154 177 2
155 156 1
155 156 6
155 178 4
156 178 2
157 179 2
157 158 2
157 158 1
157 159 5
157 159 3
158 179 3
158 159 7
158 159 2
159 179 5
160 161 3
160 180 5
160 181 2
161 162 2
161 182 4
162 163 2
162 182 6
163 184 4
163 183 2
164 185 4
164 186 2
164 165 6
165 187 2
166 188 3
166 167 2
166 167 2
167 188 5
168 189 4
168 175 6
169 170 4
169 190 5
169 191 3
171 192 2
171 172 6
171 178 4
172 193 3
172 194 5
173 195 2
173 196 4
174 197 5
174 189 2
174 175 2
175 189 2
176 177 2
176 198 6
176 199 2
177 192 5
177 199 2
178 192 2
179 200 3
179 201 5
180 202 3
180 181 3
180 181 2
181 202 5
182 203 4
182 183 2
183 184 2
183 203 6
184 203 2
184 204 5
185 186 6
185 205 3
185 206 2
186 187 2
186 207 2
187 207 4
189 197 3
190 208 5
190 209 2
190 191 2
191 210 4
191 209 6
192 199 3
193 194 2
193 211 2
193 213 6
194 214 2
194 215 4
195 216 6
195 196 2
196 217 2
196 218 4
197 218 5
197 219 3
198 199 4
200 201 2
200 220 3
200 221 4
200 222 2
201 222 2
201 223 4
202 224 3
202 225 5
203 204 3
204 226 4
204 227 6
205 228 4
205 229 2
205 206 5
206 230 2
206 207 2
207 230 4
208 224 4
208 209 3
208 231 2
209 210 2
210 232 4
210 233 2
211 212 2
211 213 4
212 234 2
212 235 4
213 236 4
213 214 2
214 236 6
214 215 2
215 236 2
215 237 6
216 217 2
216 219 4
217 218 2
217 219 6
218 219 2
220 238 3
220 221 1
220 222 5
220 239 2
221 240 2
221 222 6
221 223 2
222 223 2
223 240 4
224 225 2
224 231 6
225 241 4
225 231 2
226 242 4
226 227 2
226 243 2
227 244 4
227 243 2
228 245 4
228 246 2
228 229 6
229 230 3
229 247 2
230 247 5
231 241 2
232 248 6
232 249 2
232 233 2
233 249 2
233 250 5
234 235 2
235 252 6
235 251 4
236 237 4
237 253 4
237 254 6
238 256 2
238 239 5
238 255 3
240 257 3
240 258 5
241 259 4
241 260 6
242 243 6
242 244 2
242 261 3
243 244 2
244 261 5
245 246 6
245 262 4
245 263 2
246 264 2
246 247 2
247 264 4
248 249 4
249 250 3
250 266 5
250 265 3
251 268 5
251 267 3
251 252 2
251 252 2
252 267 5
252 268 7
253 254 2
253 269 4
253 270 2
254 271 4
254 270 2
255 256 5
255 272 3
255 273 5
257 258 2
259 274 4
259 275 2
259 260 2
260 275 2
260 276 4
261 277 4
261 278 6
262 280 2
262 279 4
262 263 6
263 264 2
263 281 2
264 281 4
265 266 2
265 282 2
265 283 6
266 284 2
266 285 4
267 268 2
267 268 1
267 286 3
268 286 4
269 287 3
269 270 6
269 271 2
270 271 2
271 287 5
272 273 2
274 275 6
274 288 4
274 289 2
275 276 2
276 289 2
276 290 5
277 291 4
277 292 2
277 278 2
278 293 4
278 292 2
279 280 6
279 294 4
279 295 2
280 296 2
280 281 2
281 296 4
282 298 2
282 283 4
282 297 4
283 299 4
283 284 2
284 299 6
284 285 2
285 300 5
285 299 2
286 301 4
286 302 6
287 304 6
287 303 4
288 289 6
288 306 2
288 305 4
289 290 3
290 306 3
290 307 5
291 308 4
291 292 6
291 309 2
292 293 2
293 310 4
293 309 2
294 312 3
294 295 6
294 311 2
295 296 2
295 311 2
296 311 4
297 313 5
297 314 2
297 298 2
298 315 2
298 316 5
299 300 3
300 317 3
300 318 5
301 320 5
301 302 1
301 302 2
301 319 3
302 320 6
302 319 4
303 304 2
303 304 2
303 321 3
304 321 5
305 322 3
305 307 2
305 306 6
306 307 2
307 322 5
308 323 4
308 309 6
308 310 2
309 310 2
310 323 6
311 312 5
312 324 3
312 325 5
313 314 3
313 326 4
313 327 2
314 328 2
314 315 6
315 328 4
315 316 3
316 329 2
316 330 4
317 332 2
317 331 4
317 318 2
318 332 2
318 333 4
319 320 2
320 335 5
320 336 2
320 334 3
321 337 4
321 338 6
323 340 6
323 339 4
324 341 4
324 342 2
324 325 2
325 342 2
325 343 4
326 344 6
326 345 2
326 327 2
327 328 5
327 345 2
328 345 3
329 348 6
329 330 2
329 347 4
329 346 3
330 349 4
330 350 5
331 352 4
331 332 6
331 333 2
331 351 3
332 333 2
333 352 6
333 351 5
334 353 3
334 354 5
334 355 1
334 335 2
334 336 5
335 336 2
335 336 7
335 355 1
335 356 3
336 355 3
336 356 5
337 338 2
337 338 2
337 357 3
338 357 5
339 340 2
339 340 2
339 358 3
340 358 5
341 360 2
341 342 6
341 359 4
342 343 2
343 360 2
343 361 4
344 345 4
346 347 2
346 347 1
346 348 3
347 348 2
348 362 3
348 349 1
348 350 5
349 362 4
349 350 6
349 350 1
350 362 2
351 352 2
351 352 1
351 363 2
352 363 4
353 354 2
353 355 4
354 355 6
354 364 2
354 365 3
354 366 2
355 356 2
356 367 4
356 366 2
357 368 4
357 369 6
358 370 4
358 371 6
359 360 6
359 372 4
359 373 2
360 361 2
361 373 2
361 374 4
362 376 5
362 375 3
363 377 2
363 378 4
364 379 3
364 365 2
364 365 1
364 366 4
365 379 5
365 366 5
366 367 2
367 380 3
367 381 5
368 384 2
368 369 2
368 383 4
369 384 2
369 385 4
370 386 3
370 371 2
370 387 2
371 387 3
371 388 5
372 389 4
372 373 6
372 390 2
373 374 2
374 390 2
374 391 4
375 376 2
376 392 2
376 393 3
376 394 2
377 378 2
377 395 6
378 396 2
378 397 4
379 380 2
379 398 3
380 381 2
380 398 5
381 382 3
383 384 6
383 400 2
383 399 3
384 385 2
385 400 2
385 401 4
386 402 4
386 403 2
386 387 5
387 388 2
388 404 5
388 403 3
389 405 4
389 406 2
389 390 6
390 391 2
391 407 4
391 406 2
392 408 3
392 393 2
392 393 1
392 394 4
393 408 5
393 394 5
394 409 2
395 410 4
395 396 2
396 397 2
396 410 6
397 411 2
397 412 4
399 400 5
399 401 2
399 413 2
400 401 2
401 413 4
402 403 6
402 404 2
402 414 3
403 404 2
404 414 5
405 416 2
405 406 6
405 415 4
406 407 2
407 416 2
407 417 4
408 418 3
408 419 2
409 419 3
409 420 5
410 411 2
410 421 4
411 412 2
411 421 6
412 422 2
412 423 5
415 424 4
415 425 2
415 416 6
416 417 2
417 425 2
417 426 4
418 419 5
418 428 6
418 427 4
419 420 2
420 429 3
420 430 5
421 422 2
421 431 4
422 423 3
422 431 6
423 432 3
423 433 5
424 425 6
424 434 4
424 435 2
425 426 2
426 435 2
426 436 4
427 428 2
427 437 4
427 438 2
428 438 2
428 439 4
429 440 2
429 441 6
429 430 2
430 442 2
430 443 4
431 432 2
431 444 4
432 433 2
432 444 6
433 445 2
433 446 4
434 448 2
434 435 6
434 447 4
435 436 2
436 448 2
436 449 4
437 450 3
437 451 5
437 438 6
437 439 2
438 439 2
439 450 5
439 451 7
440 441 4
440 452 4
440 453 2
441 442 2
441 454 4
442 443 2
442 454 6
443 456 4
443 455 2
444 457 4
444 445 2
445 446 2
445 457 6
446 458 5
446 457 2
447 448 6
447 459 4
447 460 2
448 449 2
449 460 2
449 461 4
450 451 2
450 462 4
450 463 2
451 464 3
452 464 4
452 453 2
452 463 2
453 465 5
453 462 2
454 466 4
454 455 2
455 456 2
455 466 6
456 466 2
456 468 7
456 467 5
457 458 3
459 471 2
459 460 6
459 469 3
460 461 2
461 470 4
461 471 2
462 465 3
462 463 6
463 464 2
465 472 3
465 473 5
466 467 3
466 468 5
467 475 2
467 468 2
467 474 4
468 476 3
469 470 5
469 471 5
470 471 2
472 477 2
472 478 6
472 473 2
473 478 2
473 479 5
474 480 4
474 481 2
474 475 6
475 482 2
475 476 2
476 482 4
477 483 4
477 484 2
477 478 4
478 479 3
480 481 6
480 485 3
480 486 5
480 487 2
481 482 2
481 487 2
482 487 4
483 484 2
485 488 4
485 489 2
485 486 2
485 487 5
486 490 3
486 487 7
488 489 6
488 491 4
488 492 2
489 490 2
489 493 2
490 493 4
491 492 6
491 494 4
491 495 2
492 496 2
492 493 2
493 496 4
494 497 2
494 498 3
494 495 6
495 496 2
495 497 2
496 497 4
497 498 5
