32 64
1
1
1
1
1
1
1
1
1
1
1
1
1
1
1
1
1
1
1
1
1
1
1
1
1
1
1
1
1
1
1
4
0 1 3
0 2 5
1 2 2
1 3 4
1 4 6
2 5 2
2 6 2
3 8 3
3 9 2
3 4 2
3 7 4
4 5 2
5 6 4
6 11 2
6 10 4
7 8 1
7 9 6
7 9 1
7 12 4
8 9 5
8 13 4
8 14 6
9 12 5
10 16 4
10 11 2
10 15 2
11 17 2
11 19 6
11 18 4
12 20 4
12 14 2
13 22 6
13 21 4
13 14 2
14 20 2
15 16 2
15 16 2
15 23 4
16 23 6
17 19 4
17 18 2
18 19 2
20 24 4
20 22 2
21 25 4
21 26 6
21 22 2
22 24 2
23 27 2
23 28 4
24 26 2
24 29 4
24 31 8
25 26 2
25 29 2
25 30 3
26 31 8
26 29 2
27 28 2
27 28 2
27 30 3
28 30 5
29 30 5
29 31 8
