50 53
1
1
1
1
1
1
1
1
1
1
1
1
1
1
1
1
1
1
1
1
1
1
1
1
1
1
1
1
1
1
1
1
1
1
1
1
1
1
1
1
1
1
1
1
1
1
1
1
1
4
0 1 3
1 2 2
1 14 6
2 3 4
2 14 4
3 4 4
4 5 4
5 6 4
6 7 3
7 8 5
8 9 4
9 10 4
10 11 4
11 12 4
12 13 4
14 29 4
14 15 2
15 16 5
15 29 2
16 17 4
17 18 4
18 19 5
19 20 5
20 21 3
21 22 5
22 23 3
23 24 3
24 25 3
25 26 3
26 27 5
27 28 5
28 30 5
28 31 2
29 49 8
30 36 2
30 46 5
30 31 3
31 32 3
32 33 5
33 34 3
34 35 3
36 46 3
36 37 4
37 38 3
38 39 5
39 40 5
40 41 3
41 42 5
42 43 5
43 44 3
44 45 3
46 47 4
47 48 3
