34 68
1
1
1
1
1
1
1
1
1
1
1
1
1
1
1
1
1
1
1
1
1
1
4
3
3
3
3
3
3
3
3
3
3
3
0 1 4
0 3 2
0 22 8
0 23 8
1 2 5
1 3 2
2 4 3
2 5 3
3 6 2
3 7 6
4 8 2
4 9 4
4 5 6
5 8 2
5 10 2
6 29 8
6 7 4
7 11 2
7 12 4
8 9 6
8 10 4
9 13 2
9 14 4
10 25 8
11 24 8
11 12 6
12 28 8
13 26 8
13 14 2
14 27 8
15 16 2
15 17 6
15 27 8
15 24 8
15 23 8
16 17 4
16 18 6
16 19 4
16 20 2
17 28 8
17 29 8
17 30 8
18 19 2
18 20 4
18 31 8
19 32 8
19 20 2
20 33 8
21 32 8
21 33 8
21 25 8
21 26 8
21 30 8
21 31 8
22 23 0
23 24 0
23 27 0
24 27 0
25 26 0
28 29 0
28 30 0
29 30 0
30 32 0
30 33 0
30 31 0
31 32 0
31 33 0
32 33 0
