37 77
1
1
1
1
1
1
1
1
1
1
1
1
1
1
1
1
1
1
1
1
1
1
1
1
1
1
1
1
1
1
1
1
1
1
1
1
4
0 1 2
0 2 4
0 3 5
1 2 1
1 2 2
1 3 5
1 3 3
1 4 3
2 3 6
2 3 1
2 4 4
3 4 2
4 5 2
4 6 4
5 8 4
5 9 2
5 6 2
5 7 5
6 10 2
6 11 4
7 8 6
7 8 1
7 9 5
7 9 3
8 9 1
8 9 2
10 11 2
10 12 3
12 13 6
12 14 3
13 16 3
13 14 3
13 15 5
14 17 5
14 18 2
15 16 2
15 19 5
15 20 2
16 21 5
16 20 2
17 18 3
17 21 5
17 22 3
18 24 6
18 23 4
19 26 6
19 27 4
19 20 3
20 21 3
21 22 2
22 28 4
22 29 3
22 30 2
23 24 2
24 25 5
25 36 8
26 27 2
26 32 3
26 33 2
26 31 5
27 33 5
28 30 6
28 30 1
28 34 4
28 29 1
28 29 2
29 34 2
29 30 5
29 30 3
30 34 5
31 32 2
31 33 3
31 35 2
31 34 4
32 33 1
32 35 6
34 35 2
