103 904
1
1
2
1
1
1
1
1
1
1
1
1
1
1
1
1
1
1
1
1
1
1
1
1
1
1
1
1
1
1
1
1
1
1
1
1
1
1
1
1
1
1
1
1
1
1
1
1
1
1
1
1
1
1
1
1
1
1
1
1
1
1
1
1
4
3
3
3
3
3
3
3
3
3
3
3
3
3
3
3
3
3
3
3
3
3
3
3
3
3
3
3
3
3
3
3
3
3
3
3
3
3
3
0 64 8
0 1 3
0 2 6
0 65 8
0 78 8
0 89 8
1 2 3
1 2 5
1 3 3
2 3 2
3 66 8
3 67 8
3 68 8
3 69 8
3 70 8
3 71 8
3 72 8
3 73 8
3 74 8
3 75 8
3 76 8
3 77 8
3 79 8
3 80 8
3 81 8
3 82 8
3 83 8
3 84 8
3 85 8
3 86 8
3 87 8
3 88 8
3 90 8
3 91 8
3 92 8
3 93 8
3 94 8
3 95 8
3 96 8
3 97 8
3 98 8
3 99 8
3 100 8
3 101 8
3 102 8
4 65 8
4 66 8
4 5 2
4 6 4
4 8 3
4 9 5
4 10 2
4 85 8
5 65 8
5 66 8
5 67 8
5 6 6
5 11 3
5 12 5
6 65 8
6 66 8
6 7 3
7 78 8
7 13 2
7 14 5
8 9 2
8 9 1
8 10 5
8 10 3
8 15 2
8 84 8
8 85 8
9 10 7
9 10 2
9 15 3
9 84 8
9 85 8
10 15 5
10 84 8
10 85 8
11 67 8
11 12 2
11 16 3
11 17 5
11 69 8
12 67 8
12 68 8
12 18 2
12 19 5
13 78 8
13 14 3
13 79 8
13 20 6
13 21 4
13 22 2
14 89 8
14 78 8
14 23 4
15 84 8
15 88 8
15 25 2
15 26 2
16 69 8
16 71 8
16 17 2
16 27 4
16 28 6
17 69 8
17 70 8
17 18 2
17 28 2
18 68 8
18 70 8
18 19 3
18 28 4
19 68 8
19 73 8
19 29 2
19 30 5
19 31 6
20 32 4
20 74 8
20 79 8
20 21 2
20 21 2
20 22 4
21 32 2
21 74 8
21 79 8
21 22 2
22 33 2
22 34 4
22 79 8
22 93 8
23 24 3
23 89 8
24 26 3
24 35 6
24 102 8
25 36 3
25 37 2
25 80 8
25 88 8
25 26 4
26 35 3
26 102 8
26 88 8
27 75 8
27 28 2
27 71 8
28 70 8
28 71 8
29 38 2
29 39 4
29 73 8
29 76 8
29 30 3
29 31 4
30 32 2
30 72 8
30 73 8
30 31 2
30 31 1
31 32 4
31 72 8
31 73 8
32 72 8
32 74 8
33 34 2
33 40 6
33 41 2
33 93 8
33 95 8
34 98 8
34 42 3
34 43 5
34 93 8
35 100 8
35 102 8
35 44 4
35 45 2
35 46 1
35 47 2
36 80 8
36 37 5
36 38 5
36 77 8
37 80 8
37 39 2
37 48 3
37 49 5
37 83 8
38 76 8
38 77 8
38 39 2
39 76 8
39 48 5
39 49 7
39 83 8
40 95 8
40 44 2
40 86 8
40 41 4
41 50 5
41 95 8
41 97 8
42 99 8
42 43 1
42 43 2
42 98 8
42 50 5
42 51 3
43 99 8
43 98 8
43 50 4
43 51 2
44 100 8
44 45 2
44 46 5
44 47 6
44 86 8
45 96 8
45 100 8
45 46 3
45 47 4
45 52 5
45 53 3
45 54 6
46 100 8
46 101 8
46 47 1
46 47 1
46 51 3
47 100 8
47 101 8
47 51 2
48 49 2
48 83 8
48 55 3
48 56 5
48 57 2
48 92 8
49 82 8
49 83 8
49 58 4
50 97 8
50 99 8
50 51 2
51 99 8
51 101 8
52 96 8
52 53 2
52 53 1
52 54 1
52 59 4
52 60 3
52 94 8
53 96 8
53 54 3
53 59 3
53 60 2
53 94 8
54 96 8
54 90 8
54 59 1
54 61 3
54 62 6
55 92 8
55 56 2
55 56 1
55 57 5
55 91 8
55 60 2
55 61 3
56 92 8
56 57 7
56 91 8
56 60 3
56 61 4
57 81 8
57 58 2
57 92 8
57 63 5
58 82 8
58 81 8
58 63 3
59 94 8
59 90 8
59 60 1
59 61 2
59 62 5
60 91 8
60 61 1
60 94 8
61 91 8
61 90 8
61 62 3
62 87 8
62 90 8
62 63 3
63 87 8
63 81 8
64 65 0
64 78 0
64 89 0
65 66 0
65 78 0
65 89 0
66 67 0
66 68 0
66 69 0
66 70 0
66 71 0
66 72 0
66 73 0
66 74 0
66 75 0
66 76 0
66 77 0
66 79 0
66 80 0
66 81 0
66 82 0
66 83 0
66 84 0
66 85 0
66 86 0
66 87 0
66 88 0
66 90 0
66 91 0
66 92 0
66 93 0
66 94 0
66 95 0
66 96 0
66 97 0
66 98 0
66 99 0
66 100 0
66 101 0
66 102 0
67 68 0
67 69 0
67 70 0
67 71 0
67 72 0
67 73 0
67 74 0
67 75 0
67 76 0
67 77 0
67 79 0
67 80 0
67 81 0
67 82 0
67 83 0
67 84 0
67 85 0
67 86 0
67 87 0
67 88 0
67 90 0
67 91 0
67 92 0
67 93 0
67 94 0
67 95 0
67 96 0
67 97 0
67 98 0
67 99 0
67 100 0
67 101 0
67 102 0
68 69 0
68 70 0
68 71 0
68 72 0
68 73 0
68 74 0
68 75 0
68 76 0
68 77 0
68 79 0
68 80 0
68 81 0
68 82 0
68 83 0
68 84 0
68 85 0
68 86 0
68 87 0
68 88 0
68 90 0
68 91 0
68 92 0
68 93 0
68 94 0
68 95 0
68 96 0
68 97 0
68 98 0
68 99 0
68 100 0
68 101 0
68 102 0
69 70 0
69 71 0
69 72 0
69 73 0
69 74 0
69 75 0
69 76 0
69 77 0
69 79 0
69 80 0
69 81 0
69 82 0
69 83 0
69 84 0
69 85 0
69 86 0
69 87 0
69 88 0
69 90 0
69 91 0
69 92 0
69 93 0
69 94 0
69 95 0
69 96 0
69 97 0
69 98 0
69 99 0
69 100 0
69 101 0
69 102 0
70 71 0
70 72 0
70 73 0
70 74 0
70 75 0
70 76 0
70 77 0
70 79 0
70 80 0
70 81 0
70 82 0
70 83 0
70 84 0
70 85 0
70 86 0
70 87 0
70 88 0
70 90 0
70 91 0
70 92 0
70 93 0
70 94 0
70 95 0
70 96 0
70 97 0
70 98 0
70 99 0
70 100 0
70 101 0
70 102 0
71 72 0
71 73 0
71 74 0
71 75 0
71 76 0
71 77 0
71 79 0
71 80 0
71 81 0
71 82 0
71 83 0
71 84 0
71 85 0
71 86 0
71 87 0
71 88 0
71 90 0
71 91 0
71 92 0
71 93 0
71 94 0
71 95 0
71 96 0
71 97 0
71 98 0
71 99 0
71 100 0
71 101 0
71 102 0
72 73 0
72 74 0
72 75 0
72 76 0
72 77 0
72 79 0
72 80 0
72 81 0
72 82 0
72 83 0
72 84 0
72 85 0
72 86 0
72 87 0
72 88 0
72 90 0
72 91 0
72 92 0
72 93 0
72 94 0
72 95 0
72 96 0
72 97 0
72 98 0
72 99 0
72 100 0
72 101 0
72 102 0
73 74 0
73 75 0
73 76 0
73 77 0
73 79 0
73 80 0
73 81 0
73 82 0
73 83 0
73 84 0
73 85 0
73 86 0
73 87 0
73 88 0
73 90 0
73 91 0
73 92 0
73 93 0
73 94 0
73 95 0
73 96 0
73 97 0
73 98 0
73 99 0
73 100 0
73 101 0
73 102 0
74 75 0
74 76 0
74 77 0
74 79 0
74 80 0
74 81 0
74 82 0
74 83 0
74 84 0
74 85 0
74 86 0
74 87 0
74 88 0
74 90 0
74 91 0
74 92 0
74 93 0
74 94 0
74 95 0
74 96 0
74 97 0
74 98 0
74 99 0
74 100 0
74 101 0
74 102 0
75 76 0
75 77 0
75 79 0
75 80 0
75 81 0
75 82 0
75 83 0
75 84 0
75 85 0
75 86 0
75 87 0
75 88 0
75 90 0
75 91 0
75 92 0
75 93 0
75 94 0
75 95 0
75 96 0
75 97 0
75 98 0
75 99 0
75 100 0
75 101 0
75 102 0
76 77 0
76 79 0
76 80 0
76 81 0
76 82 0
76 83 0
76 84 0
76 85 0
76 86 0
76 87 0
76 88 0
76 90 0
76 91 0
76 92 0
76 93 0
76 94 0
76 95 0
76 96 0
76 97 0
76 98 0
76 99 0
76 100 0
76 101 0
76 102 0
77 79 0
77 80 0
77 81 0
77 82 0
77 83 0
77 84 0
77 85 0
77 86 0
77 87 0
77 88 0
77 90 0
77 91 0
77 92 0
77 93 0
77 94 0
77 95 0
77 96 0
77 97 0
77 98 0
77 99 0
77 100 0
77 101 0
77 102 0
78 89 0
79 80 0
79 81 0
79 82 0
79 83 0
79 84 0
79 85 0
79 86 0
79 87 0
79 88 0
79 90 0
79 91 0
79 92 0
79 93 0
79 94 0
79 95 0
79 96 0
79 97 0
79 98 0
79 99 0
79 100 0
79 101 0
79 102 0
80 81 0
80 82 0
80 83 0
80 84 0
80 85 0
80 86 0
80 87 0
80 88 0
80 90 0
80 91 0
80 92 0
80 93 0
80 94 0
80 95 0
80 96 0
80 97 0
80 98 0
80 99 0
80 100 0
80 101 0
80 102 0
81 82 0
81 83 0
81 84 0
81 85 0
81 86 0
81 87 0
81 88 0
81 90 0
81 91 0
81 92 0
81 93 0
81 94 0
81 95 0
81 96 0
81 97 0
81 98 0
81 99 0
81 100 0
81 101 0
81 102 0
82 83 0
82 84 0
82 85 0
82 86 0
82 87 0
82 88 0
82 90 0
82 91 0
82 92 0
82 93 0
82 94 0
82 95 0
82 96 0
82 97 0
82 98 0
82 99 0
82 100 0
82 101 0
82 102 0
83 84 0
83 85 0
83 86 0
83 87 0
83 88 0
83 90 0
83 91 0
83 92 0
83 93 0
83 94 0
83 95 0
83 96 0
83 97 0
83 98 0
83 99 0
83 100 0
83 101 0
83 102 0
84 85 0
84 86 0
84 87 0
84 88 0
84 90 0
84 91 0
84 92 0
84 93 0
84 94 0
84 95 0
84 96 0
84 97 0
84 98 0
84 99 0
84 100 0
84 101 0
84 102 0
85 86 0
85 87 0
85 88 0
85 90 0
85 91 0
85 92 0
85 93 0
85 94 0
85 95 0
85 96 0
85 97 0
85 98 0
85 99 0
85 100 0
85 101 0
85 102 0
86 87 0
86 88 0
86 90 0
86 91 0
86 92 0
86 93 0
86 94 0
86 95 0
86 96 0
86 97 0
86 98 0
86 99 0
86 100 0
86 101 0
86 102 0
87 88 0
87 90 0
87 91 0
87 92 0
87 93 0
87 94 0
87 95 0
87 96 0
87 97 0
87 98 0
87 99 0
87 100 0
87 101 0
87 102 0
88 90 0
88 91 0
88 92 0
88 93 0
88 94 0
88 95 0
88 96 0
88 97 0
88 98 0
88 99 0
88 100 0
88 101 0
88 102 0
90 91 0
90 92 0
90 93 0
90 94 0
90 95 0
90 96 0
90 97 0
90 98 0
90 99 0
90 100 0
90 101 0
90 102 0
91 92 0
91 93 0
91 94 0
91 95 0
91 96 0
91 97 0
91 98 0
91 99 0
91 100 0
91 101 0
91 102 0
92 93 0
92 94 0
92 95 0
92 96 0
92 97 0
92 98 0
92 99 0
92 100 0
92 101 0
92 102 0
93 94 0
93 95 0
93 96 0
93 97 0
93 98 0
93 99 0
93 100 0
93 101 0
93 102 0
94 95 0
94 96 0
94 97 0
94 98 0
94 99 0
94 100 0
94 101 0
94 102 0
95 96 0
95 97 0
95 98 0
95 99 0
95 100 0
95 101 0
95 102 0
96 97 0
96 98 0
96 99 0
96 100 0
96 101 0
96 102 0
97 98 0
97 99 0
97 100 0
97 101 0
97 102 0
98 99 0
98 100 0
98 101 0
98 102 0
99 100 0
99 101 0
99 102 0
100 101 0
100 102 0
101 102 0
