43 83
1
1
1
1
1
1
1
1
1
1
1
1
1
1
1
1
1
1
1
1
1
1
1
1
1
1
1
1
2
4
3
3
3
3
3
3
3
3
3
3
3
3
3
0 1 2
0 1 7
0 2 4
0 30 8
1 2 6
1 30 8
2 3 3
3 4 3
3 29 8
4 34 8
4 36 8
4 38 8
4 40 8
4 29 8
5 32 8
5 33 8
5 35 8
5 6 2
5 6 1
5 7 3
6 32 8
6 33 8
6 35 8
6 7 5
7 8 4
8 9 4
9 10 3
10 11 2
10 12 2
11 12 4
11 37 8
12 13 3
13 14 4
14 15 3
15 16 3
16 17 4
16 19 2
16 30 8
17 18 5
17 19 2
17 30 8
18 34 8
18 20 2
18 21 4
19 36 8
19 30 8
19 31 8
20 34 8
20 21 2
20 21 2
20 22 4
21 34 8
21 22 6
22 23 4
23 24 3
23 25 4
24 25 1
24 25 6
24 26 4
25 26 2
26 27 7
26 38 8
27 28 3
27 28 4
27 38 8
28 28 1
31 36 0
31 37 0
32 33 0
32 35 0
33 35 0
33 39 0
33 41 0
33 42 0
34 36 0
34 38 0
34 40 0
36 38 0
36 40 0
38 40 0
39 42 0
39 41 0
41 42 0
