265 1645
1
1
1
1
1
1
1
1
1
1
1
1
1
1
1
1
1
1
1
1
1
1
1
1
1
1
1
1
1
1
1
1
1
1
1
1
1
1
1
1
1
1
1
1
1
2
1
1
1
1
1
1
1
1
1
1
1
1
1
1
1
1
1
1
1
1
1
1
1
1
1
1
1
1
1
1
1
1
1
1
1
1
1
1
1
1
1
1
1
1
1
1
1
1
1
1
1
1
1
1
1
1
1
1
1
1
1
1
1
1
1
1
1
1
1
1
1
1
2
1
1
1
1
1
1
1
1
1
1
1
1
1
1
1
1
1
1
1
1
1
1
1
1
1
1
1
1
1
1
1
1
1
1
1
1
1
1
1
1
1
1
1
1
1
1
1
1
1
1
1
1
1
1
1
1
1
1
1
1
1
1
1
1
1
1
1
1
1
1
1
1
1
1
1
1
1
1
1
1
1
1
1
1
1
1
1
1
1
1
1
1
1
1
2
1
1
1
1
1
4
3
3
3
3
3
3
3
3
3
3
3
3
3
3
3
3
3
3
3
3
3
3
3
3
3
3
3
3
3
3
3
3
3
3
3
3
3
3
3
3
3
3
3
3
3
0 1 5
0 2 3
0 3 1
0 220 8
1 2 2
1 3 4
1 4 4
1 5 3
1 6 2
2 3 2
2 3 1
2 7 3
3 7 4
4 5 1
4 6 6
4 8 5
4 9 3
4 10 6
5 6 5
6 11 2
6 12 2
6 13 3
7 14 3
7 15 5
8 16 3
8 9 2
8 9 1
8 10 1
8 10 2
9 16 2
9 10 3
9 10 3
10 16 5
11 12 4
11 13 1
11 13 2
12 17 2
12 18 2
12 13 5
14 15 2
14 19 2
14 20 5
15 22 2
15 21 2
16 24 6
16 23 4
17 18 4
17 219 8
18 21 4
19 25 6
19 26 4
19 27 3
19 20 3
20 28 2
20 22 3
21 22 4
22 28 5
23 24 2
23 29 2
23 30 5
23 31 6
24 32 2
24 33 4
24 34 3
25 35 2
25 36 4
25 37 5
25 26 2
25 26 7
25 27 3
26 35 5
26 36 3
26 37 2
26 27 1
27 36 3
27 37 1
27 38 5
28 40 2
28 39 4
29 41 2
29 43 5
29 44 6
29 30 3
29 31 4
30 31 2
30 31 1
32 33 2
32 33 1
32 34 5
32 34 3
32 45 2
32 45 3
33 34 7
33 34 2
33 45 3
33 45 4
34 45 5
34 45 6
35 36 2
35 37 3
35 46 6
35 47 3
35 48 2
36 37 2
36 37 1
36 38 2
37 38 4
38 49 3
38 50 5
38 51 7
39 40 2
39 51 3
40 42 2
40 52 4
40 221 8
40 222 8
41 42 5
41 43 3
41 44 4
42 52 2
42 221 8
42 222 8
43 44 2
43 44 1
43 53 2
43 54 5
44 53 4
44 54 3
45 45 1
46 56 2
46 47 3
46 48 4
46 55 4
47 48 1
47 57 1
47 58 3
47 59 5
48 57 4
48 59 5
49 58 6
49 51 4
49 60 2
49 50 2
50 51 2
50 52 5
50 61 2
52 61 3
52 221 8
52 222 8
53 54 7
53 54 2
55 56 6
55 62 3
55 63 2
56 64 5
56 63 3
57 58 4
57 59 1
57 59 6
58 59 2
58 60 4
60 256 8
60 257 8
60 258 8
60 259 8
60 260 8
60 261 8
60 262 8
60 263 8
60 264 8
60 61 6
60 223 8
60 224 8
60 225 8
60 226 8
60 227 8
60 228 8
60 229 8
60 230 8
60 231 8
60 232 8
60 233 8
60 234 8
60 235 8
60 236 8
60 237 8
60 238 8
60 239 8
60 240 8
60 241 8
60 242 8
60 243 8
60 244 8
60 245 8
60 246 8
60 247 8
60 248 8
60 249 8
60 250 8
60 251 8
60 252 8
60 253 8
60 254 8
60 255 8
61 256 8
61 257 8
61 258 8
61 259 8
61 260 8
61 261 8
61 262 8
61 263 8
61 264 8
61 223 8
61 224 8
61 225 8
61 226 8
61 227 8
61 228 8
61 229 8
61 230 8
61 231 8
61 232 8
61 233 8
61 234 8
61 235 8
61 236 8
61 237 8
61 238 8
61 239 8
61 240 8
61 241 8
61 242 8
61 243 8
61 244 8
61 245 8
61 246 8
61 247 8
61 248 8
61 249 8
61 250 8
61 251 8
61 252 8
61 253 8
61 254 8
61 255 8
62 63 5
63 64 2
64 65 2
65 66 3
65 67 2
66 67 6
66 67 1
68 69 1
68 69 1
68 70 2
68 71 3
68 72 4
68 73 5
68 74 1
68 75 6
68 76 4
68 77 2
68 221 8
69 70 1
69 71 2
69 72 3
69 73 4
69 74 2
69 75 5
69 76 3
69 77 1
69 221 8
70 71 1
70 71 2
70 72 2
70 72 1
70 73 3
70 74 3
70 77 6
70 78 5
70 79 3
70 221 8
70 222 8
71 72 1
71 72 1
71 73 2
71 74 4
71 77 4
71 78 3
71 79 1
71 221 8
71 222 8
72 73 1
72 74 5
72 77 5
72 78 4
72 79 2
72 221 8
72 222 8
73 74 6
73 80 2
73 81 6
73 221 8
74 82 3
74 83 3
74 221 8
75 76 7
75 76 2
75 77 4
75 78 6
75 84 2
75 85 4
76 77 2
76 78 1
76 84 5
76 85 3
77 78 1
77 79 3
77 222 8
78 79 2
78 84 4
78 85 2
78 222 8
79 85 6
79 86 4
79 87 3
79 222 8
80 88 4
80 89 3
80 81 4
80 87 2
81 90 2
81 91 2
81 92 3
82 96 5
82 83 6
82 93 3
82 94 1
82 95 2
83 97 2
83 98 4
84 99 4
84 100 1
84 101 6
84 85 2
85 86 2
85 87 3
86 102 5
86 87 1
86 88 1
86 89 3
87 88 6
87 89 5
88 89 1
88 89 2
88 102 4
89 102 2
90 91 4
90 92 1
90 92 2
90 97 3
91 92 5
91 103 3
92 97 5
93 96 2
93 105 5
93 106 2
93 94 2
93 95 5
94 96 4
94 106 6
94 107 3
94 108 1
94 95 3
95 96 2
95 96 7
95 109 4
96 109 6
97 98 2
98 110 2
98 111 4
99 100 3
99 101 2
99 112 5
99 113 4
99 114 2
100 101 5
100 102 4
101 107 4
101 115 2
103 104 3
104 116 4
105 106 3
105 117 2
105 118 2
105 118 4
106 107 3
106 108 5
107 115 6
107 108 2
108 115 2
109 120 5
109 119 1
109 110 3
110 120 2
110 111 6
110 119 4
112 113 1
112 114 3
112 122 2
112 121 4
113 123 4
113 114 2
113 114 1
114 123 3
116 124 4
116 125 2
117 128 5
117 126 2
117 118 4
117 118 6
117 127 2
118 118 2
119 120 6
119 120 1
119 129 4
120 129 5
121 130 3
121 131 5
121 122 2
122 123 6
122 132 2
123 132 4
124 125 1
124 125 2
124 133 3
125 133 2
126 128 3
126 132 4
126 134 2
126 220 8
126 127 4
127 128 2
127 128 7
127 135 4
128 135 6
129 136 4
129 137 2
129 138 2
130 131 2
130 131 2
130 134 3
131 134 5
132 220 8
132 134 2
133 140 3
133 139 5
134 220 8
135 143 6
135 141 3
135 142 4
136 144 2
136 138 6
136 137 2
137 138 4
137 141 3
137 142 5
137 143 6
138 144 2
138 145 3
139 145 6
139 146 3
139 147 2
139 140 2
140 148 2
140 149 3
140 150 4
141 142 2
141 142 1
141 143 3
141 143 3
142 143 1
142 143 2
144 145 5
145 146 3
145 147 4
146 147 1
146 149 5
146 150 3
146 151 1
147 148 5
147 151 4
148 149 1
148 150 2
148 151 1
149 150 1
149 150 2
149 151 6
150 151 4
152 153 4
152 154 2
152 155 3
152 156 5
152 223 8
153 251 8
153 157 6
153 158 4
153 159 3
154 160 2
154 161 5
154 224 8
154 155 1
154 155 1
154 156 3
154 223 8
155 160 3
155 161 6
155 224 8
155 156 2
155 223 8
156 161 2
156 162 5
156 163 6
156 228 8
156 223 8
157 164 4
157 165 2
157 244 8
157 251 8
157 158 2
157 159 3
158 166 5
158 251 8
158 252 8
158 159 1
158 159 2
159 166 3
159 251 8
159 252 8
160 224 8
160 161 3
160 231 8
160 168 6
160 167 4
161 224 8
161 162 3
161 163 4
161 228 8
162 227 8
162 228 8
162 169 2
162 163 1
162 163 2
163 227 8
163 228 8
163 169 4
164 165 2
164 170 4
164 171 2
164 236 8
164 244 8
165 166 6
165 172 3
165 244 8
165 247 8
166 172 3
166 247 8
166 252 8
167 230 8
167 231 8
167 168 1
167 168 2
167 173 2
167 174 4
168 230 8
168 231 8
168 173 3
168 174 3
169 226 8
169 175 2
169 176 4
169 227 8
170 171 7
170 171 2
170 236 8
170 237 8
170 177 2
170 178 4
171 236 8
171 237 8
171 177 5
171 178 3
172 179 6
172 180 4
172 181 2
172 247 8
172 248 8
173 230 8
173 235 8
173 174 6
173 174 2
173 182 3
174 230 8
174 235 8
174 182 5
175 226 8
175 234 8
175 176 2
175 183 4
175 184 6
176 225 8
176 226 8
176 185 2
176 186 4
177 232 8
177 237 8
177 178 2
177 178 2
177 187 5
178 232 8
178 237 8
178 187 3
179 233 8
179 180 2
179 181 4
179 248 8
179 185 5
179 188 1
180 245 8
180 181 2
180 248 8
180 189 5
180 190 3
180 191 1
181 192 3
181 193 5
181 248 8
181 254 8
182 194 2
182 195 3
182 196 5
182 235 8
182 240 8
183 184 2
183 234 8
183 239 8
183 189 4
184 234 8
184 188 1
184 238 8
185 225 8
185 233 8
185 186 2
185 188 4
186 187 3
186 229 8
186 225 8
187 232 8
187 229 8
188 238 8
188 233 8
189 239 8
189 245 8
189 190 2
189 191 4
190 197 2
190 198 3
190 245 8
190 249 8
190 191 1
190 191 2
191 197 3
191 198 4
191 245 8
191 249 8
192 193 2
192 259 8
192 199 3
192 200 5
192 201 6
192 254 8
193 256 8
193 202 2
193 254 8
194 195 6
194 195 1
194 196 5
194 196 3
194 203 3
194 240 8
194 241 8
195 196 1
195 196 2
195 203 3
195 240 8
195 241 8
196 203 2
196 240 8
196 241 8
197 198 1
197 198 2
197 204 2
197 249 8
197 253 8
198 204 4
198 249 8
198 253 8
199 259 8
199 263 8
199 200 2
199 201 3
199 205 2
200 258 8
200 259 8
200 201 1
200 201 2
200 202 5
201 258 8
201 259 8
201 202 3
202 258 8
202 256 8
203 206 4
203 207 6
203 241 8
203 243 8
204 262 8
204 208 3
204 209 6
204 253 8
205 264 8
205 209 5
205 210 3
205 263 8
206 211 4
206 207 2
206 243 8
206 212 6
206 246 8
207 242 8
207 213 3
207 213 3
207 243 8
208 260 8
208 262 8
208 209 3
208 214 6
208 215 4
209 262 8
209 264 8
209 210 2
210 261 8
210 264 8
210 216 4
210 217 6
211 212 2
211 246 8
211 216 4
211 218 6
211 255 8
212 246 8
212 250 8
212 214 2
213 242 8
213 242 8
213 213 6
214 260 8
214 250 8
214 215 2
215 257 8
215 260 8
215 217 3
215 218 5
216 261 8
216 217 2
216 218 2
216 255 8
217 257 8
217 261 8
217 218 2
218 257 8
218 255 8
221 222 0
223 256 0
223 257 0
223 258 0
223 259 0
223 260 0
223 261 0
223 262 0
223 263 0
223 264 0
223 224 0
223 225 0
223 226 0
223 227 0
223 228 0
223 229 0
223 230 0
223 231 0
223 232 0
223 233 0
223 234 0
223 235 0
223 236 0
223 237 0
223 238 0
223 239 0
223 240 0
223 241 0
223 242 0
223 243 0
223 244 0
223 245 0
223 246 0
223 247 0
223 248 0
223 249 0
223 250 0
223 251 0
223 252 0
223 253 0
223 254 0
223 255 0
224 256 0
224 257 0
224 258 0
224 259 0
224 260 0
224 261 0
224 262 0
224 263 0
224 264 0
224 225 0
224 226 0
224 227 0
224 228 0
224 229 0
224 230 0
224 231 0
224 232 0
224 233 0
224 234 0
224 235 0
224 236 0
224 237 0
224 238 0
224 239 0
224 240 0
224 241 0
224 242 0
224 243 0
224 244 0
224 245 0
224 246 0
224 247 0
224 248 0
224 249 0
224 250 0
224 251 0
224 252 0
224 253 0
224 254 0
224 255 0
225 256 0
225 257 0
225 258 0
225 259 0
225 260 0
225 261 0
225 262 0
225 263 0
225 264 0
225 226 0
225 227 0
225 228 0
225 229 0
225 230 0
225 231 0
225 232 0
225 233 0
225 234 0
225 235 0
225 236 0
225 237 0
225 238 0
225 239 0
225 240 0
225 241 0
225 242 0
225 243 0
225 244 0
225 245 0
225 246 0
225 247 0
225 248 0
225 249 0
225 250 0
225 251 0
225 252 0
225 253 0
225 254 0
225 255 0
226 256 0
226 257 0
226 258 0
226 259 0
226 260 0
226 261 0
226 262 0
226 263 0
226 264 0
226 227 0
226 228 0
226 229 0
226 230 0
226 231 0
226 232 0
226 233 0
226 234 0
226 235 0
226 236 0
226 237 0
226 238 0
226 239 0
226 240 0
226 241 0
226 242 0
226 243 0
226 244 0
226 245 0
226 246 0
226 247 0
226 248 0
226 249 0
226 250 0
226 251 0
226 252 0
226 253 0
226 254 0
226 255 0
227 256 0
227 257 0
227 258 0
227 259 0
227 260 0
227 261 0
227 262 0
227 263 0
227 264 0
227 228 0
227 229 0
227 230 0
227 231 0
227 232 0
227 233 0
227 234 0
227 235 0
227 236 0
227 237 0
227 238 0
227 239 0
227 240 0
227 241 0
227 242 0
227 243 0
227 244 0
227 245 0
227 246 0
227 247 0
227 248 0
227 249 0
227 250 0
227 251 0
227 252 0
227 253 0
227 254 0
227 255 0
228 256 0
228 257 0
228 258 0
228 259 0
228 260 0
228 261 0
228 262 0
228 263 0
228 264 0
228 229 0
228 230 0
228 231 0
228 232 0
228 233 0
228 234 0
228 235 0
228 236 0
228 237 0
228 238 0
228 239 0
228 240 0
228 241 0
228 242 0
228 243 0
228 244 0
228 245 0
228 246 0
228 247 0
228 248 0
228 249 0
228 250 0
228 251 0
228 252 0
228 253 0
228 254 0
228 255 0
229 256 0
229 257 0
229 258 0
229 259 0
229 260 0
229 261 0
229 262 0
229 263 0
229 264 0
229 230 0
229 231 0
229 232 0
229 233 0
229 234 0
229 235 0
229 236 0
229 237 0
229 238 0
229 239 0
229 240 0
229 241 0
229 242 0
229 243 0
229 244 0
229 245 0
229 246 0
229 247 0
229 248 0
229 249 0
229 250 0
229 251 0
229 252 0
229 253 0
229 254 0
229 255 0
230 256 0
230 257 0
230 258 0
230 259 0
230 260 0
230 261 0
230 262 0
230 263 0
230 264 0
230 231 0
230 232 0
230 233 0
230 234 0
230 235 0
230 236 0
230 237 0
230 238 0
230 239 0
230 240 0
230 241 0
230 242 0
230 243 0
230 244 0
230 245 0
230 246 0
230 247 0
230 248 0
230 249 0
230 250 0
230 251 0
230 252 0
230 253 0
230 254 0
230 255 0
231 256 0
231 257 0
231 258 0
231 259 0
231 260 0
231 261 0
231 262 0
231 263 0
231 264 0
231 232 0
231 233 0
231 234 0
231 235 0
231 236 0
231 237 0
231 238 0
231 239 0
231 240 0
231 241 0
231 242 0
231 243 0
231 244 0
231 245 0
231 246 0
231 247 0
231 248 0
231 249 0
231 250 0
231 251 0
231 252 0
231 253 0
231 254 0
231 255 0
232 256 0
232 257 0
232 258 0
232 259 0
232 260 0
232 261 0
232 262 0
232 263 0
232 264 0
232 233 0
232 234 0
232 235 0
232 236 0
232 237 0
232 238 0
232 239 0
232 240 0
232 241 0
232 242 0
232 243 0
232 244 0
232 245 0
232 246 0
232 247 0
232 248 0
232 249 0
232 250 0
232 251 0
232 252 0
232 253 0
232 254 0
232 255 0
233 256 0
233 257 0
233 258 0
233 259 0
233 260 0
233 261 0
233 262 0
233 263 0
233 264 0
233 234 0
233 235 0
233 236 0
233 237 0
233 238 0
233 239 0
233 240 0
233 241 0
233 242 0
233 243 0
233 244 0
233 245 0
233 246 0
233 247 0
233 248 0
233 249 0
233 250 0
233 251 0
233 252 0
233 253 0
233 254 0
233 255 0
234 256 0
234 257 0
234 258 0
234 259 0
234 260 0
234 261 0
234 262 0
234 263 0
234 264 0
234 235 0
234 236 0
234 237 0
234 238 0
234 239 0
234 240 0
234 241 0
234 242 0
234 243 0
234 244 0
234 245 0
234 246 0
234 247 0
234 248 0
234 249 0
234 250 0
234 251 0
234 252 0
234 253 0
234 254 0
234 255 0
235 256 0
235 257 0
235 258 0
235 259 0
235 260 0
235 261 0
235 262 0
235 263 0
235 264 0
235 236 0
235 237 0
235 238 0
235 239 0
235 240 0
235 241 0
235 242 0
235 243 0
235 244 0
235 245 0
235 246 0
235 247 0
235 248 0
235 249 0
235 250 0
235 251 0
235 252 0
235 253 0
235 254 0
235 255 0
236 256 0
236 257 0
236 258 0
236 259 0
236 260 0
236 261 0
236 262 0
236 263 0
236 264 0
236 237 0
236 238 0
236 239 0
236 240 0
236 241 0
236 242 0
236 243 0
236 244 0
236 245 0
236 246 0
236 247 0
236 248 0
236 249 0
236 250 0
236 251 0
236 252 0
236 253 0
236 254 0
236 255 0
237 256 0
237 257 0
237 258 0
237 259 0
237 260 0
237 261 0
237 262 0
237 263 0
237 264 0
237 238 0
237 239 0
237 240 0
237 241 0
237 242 0
237 243 0
237 244 0
237 245 0
237 246 0
237 247 0
237 248 0
237 249 0
237 250 0
237 251 0
237 252 0
237 253 0
237 254 0
237 255 0
238 256 0
238 257 0
238 258 0
238 259 0
238 260 0
238 261 0
238 262 0
238 263 0
238 264 0
238 239 0
238 240 0
238 241 0
238 242 0
238 243 0
238 244 0
238 245 0
238 246 0
238 247 0
238 248 0
238 249 0
238 250 0
238 251 0
238 252 0
238 253 0
238 254 0
238 255 0
239 256 0
239 257 0
239 258 0
239 259 0
239 260 0
239 261 0
239 262 0
239 263 0
239 264 0
239 240 0
239 241 0
239 242 0
239 243 0
239 244 0
239 245 0
239 246 0
239 247 0
239 248 0
239 249 0
239 250 0
239 251 0
239 252 0
239 253 0
239 254 0
239 255 0
240 256 0
240 257 0
240 258 0
240 259 0
240 260 0
240 261 0
240 262 0
240 263 0
240 264 0
240 241 0
240 242 0
240 243 0
240 244 0
240 245 0
240 246 0
240 247 0
240 248 0
240 249 0
240 250 0
240 251 0
240 252 0
240 253 0
240 254 0
240 255 0
241 256 0
241 257 0
241 258 0
241 259 0
241 260 0
241 261 0
241 262 0
241 263 0
241 264 0
241 242 0
241 243 0
241 244 0
241 245 0
241 246 0
241 247 0
241 248 0
241 249 0
241 250 0
241 251 0
241 252 0
241 253 0
241 254 0
241 255 0
242 256 0
242 257 0
242 258 0
242 259 0
242 260 0
242 261 0
242 262 0
242 263 0
242 264 0
242 243 0
242 244 0
242 245 0
242 246 0
242 247 0
242 248 0
242 249 0
242 250 0
242 251 0
242 252 0
242 253 0
242 254 0
242 255 0
243 256 0
243 257 0
243 258 0
243 259 0
243 260 0
243 261 0
243 262 0
243 263 0
243 264 0
243 244 0
243 245 0
243 246 0
243 247 0
243 248 0
243 249 0
243 250 0
243 251 0
243 252 0
243 253 0
243 254 0
243 255 0
244 256 0
244 257 0
244 258 0
244 259 0
244 260 0
244 261 0
244 262 0
244 263 0
244 264 0
244 245 0
244 246 0
244 247 0
244 248 0
244 249 0
244 250 0
244 251 0
244 252 0
244 253 0
244 254 0
244 255 0
245 256 0
245 257 0
245 258 0
245 259 0
245 260 0
245 261 0
245 262 0
245 263 0
245 264 0
245 246 0
245 247 0
245 248 0
245 249 0
245 250 0
245 251 0
245 252 0
245 253 0
245 254 0
245 255 0
246 256 0
246 257 0
246 258 0
246 259 0
246 260 0
246 261 0
246 262 0
246 263 0
246 264 0
246 247 0
246 248 0
246 249 0
246 250 0
246 251 0
246 252 0
246 253 0
246 254 0
246 255 0
247 256 0
247 257 0
247 258 0
247 259 0
247 260 0
247 261 0
247 262 0
247 263 0
247 264 0
247 248 0
247 249 0
247 250 0
247 251 0
247 252 0
247 253 0
247 254 0
247 255 0
248 256 0
248 257 0
248 258 0
248 259 0
248 260 0
248 261 0
248 262 0
248 263 0
248 264 0
248 249 0
248 250 0
248 251 0
248 252 0
248 253 0
248 254 0
248 255 0
249 256 0
249 257 0
249 258 0
249 259 0
249 260 0
249 261 0
249 262 0
249 263 0
249 264 0
249 250 0
249 251 0
249 252 0
249 253 0
249 254 0
249 255 0
250 256 0
250 257 0
250 258 0
250 259 0
250 260 0
250 261 0
250 262 0
250 263 0
250 264 0
250 251 0
250 252 0
250 253 0
250 254 0
250 255 0
251 256 0
251 257 0
251 258 0
251 259 0
251 260 0
251 261 0
251 262 0
251 263 0
251 264 0
251 252 0
251 253 0
251 254 0
251 255 0
252 256 0
252 257 0
252 258 0
252 259 0
252 260 0
252 261 0
252 262 0
252 263 0
252 264 0
252 253 0
252 254 0
252 255 0
253 256 0
253 257 0
253 258 0
253 259 0
253 260 0
253 261 0
253 262 0
253 263 0
253 264 0
253 254 0
253 255 0
254 256 0
254 257 0
254 258 0
254 259 0
254 260 0
254 261 0
254 262 0
254 263 0
254 264 0
254 255 0
255 256 0
255 257 0
255 258 0
255 259 0
255 260 0
255 261 0
255 262 0
255 263 0
255 264 0
256 257 0
256 258 0
256 259 0
256 260 0
256 261 0
256 262 0
256 263 0
256 264 0
257 258 0
257 259 0
257 260 0
257 261 0
257 262 0
257 263 0
257 264 0
258 259 0
258 260 0
258 261 0
258 262 0
258 263 0
258 264 0
259 260 0
259 261 0
259 262 0
259 263 0
259 264 0
260 261 0
260 262 0
260 263 0
260 264 0
261 262 0
261 263 0
261 264 0
262 263 0
262 264 0
263 264 0
