193 449
1
1
1
1
2
1
1
1
2
1
1
1
1
1
1
1
1
1
1
1
1
1
1
1
1
1
1
1
2
1
1
1
1
1
1
1
1
1
1
1
1
1
1
1
1
1
1
1
1
1
1
1
1
1
1
1
1
1
1
1
1
1
1
1
1
1
1
1
1
1
1
1
1
1
1
1
1
1
1
1
1
1
1
1
1
1
1
1
1
1
1
1
1
1
1
1
1
1
1
1
1
1
1
1
1
1
1
1
1
1
1
1
1
1
1
1
1
1
1
1
1
1
1
1
1
1
1
1
1
1
1
1
1
1
1
1
1
1
1
1
1
1
1
1
1
1
1
1
1
1
1
1
1
1
1
1
1
1
1
1
1
1
1
1
1
1
1
1
1
1
1
1
1
1
1
1
1
1
1
1
1
1
1
1
1
1
1
1
4
3
3
3
3
0 1 1
0 2 2
0 3 3
0 4 5
0 4 6
0 5 1
0 6 2
0 7 4
0 189 8
1 2 1
1 3 2
1 4 4
1 4 5
1 5 2
1 8 6
1 8 4
1 189 8
2 3 1
2 3 1
2 4 3
2 4 4
2 5 3
2 9 2
2 10 4
2 189 8
3 4 2
3 4 3
3 5 4
3 9 3
3 10 5
3 189 8
4 4 1
4 5 6
4 5 7
4 189 8
4 189 8
5 6 2
5 11 4
5 189 8
6 11 2
6 7 6
7 12 2
7 13 4
8 8 2
9 10 2
9 14 3
9 15 5
10 16 2
10 15 6
11 17 3
11 12 2
12 17 5
12 13 6
13 18 3
13 19 2
14 20 5
14 21 1
14 15 2
15 16 4
16 23 2
16 22 6
17 24 3
17 25 2
17 26 3
18 19 5
18 27 4
19 24 2
19 28 2
19 28 4
20 21 1
20 21 4
20 22 3
21 22 4
22 23 4
23 30 5
23 29 2
24 26 6
24 28 4
24 28 2
24 25 5
25 26 1
25 26 2
25 32 5
25 31 2
26 31 4
26 32 3
27 33 4
28 28 6
29 34 4
29 35 2
29 30 3
30 36 4
30 37 6
31 32 1
31 32 7
31 188 8
31 38 2
32 188 8
32 38 3
33 40 4
33 34 6
34 40 2
34 35 2
35 41 4
35 42 5
36 37 2
37 44 5
37 43 3
37 45 2
38 39 4
38 188 8
39 192 8
39 43 4
39 191 8
40 41 1
40 42 5
40 190 8
41 42 6
41 42 1
41 190 8
42 190 8
43 192 8
43 44 2
43 45 5
43 191 8
44 45 2
44 45 7
46 48 4
46 190 8
46 47 2
47 48 2
47 49 5
47 50 3
47 51 1
48 52 4
48 53 6
49 56 2
49 50 2
49 51 4
49 54 4
50 57 3
50 51 1
50 51 2
51 57 4
52 58 2
52 59 4
52 60 6
52 53 2
53 60 2
53 61 6
54 56 2
54 55 4
55 56 6
55 62 3
56 62 3
57 64 4
57 58 6
57 63 2
58 64 2
58 59 2
58 60 4
58 63 4
59 60 2
59 66 4
59 65 2
60 61 4
61 67 3
61 68 5
62 69 2
62 70 4
63 64 2
63 71 6
63 73 3
63 74 2
64 75 2
64 76 4
65 66 2
65 77 3
65 78 5
66 80 4
66 79 2
67 81 4
67 68 2
67 68 6
68 81 2
69 82 3
69 84 5
69 70 2
70 84 2
70 85 5
71 72 3
71 73 3
71 74 4
72 86 2
72 87 5
73 88 2
73 74 1
73 74 2
74 88 4
75 88 6
75 76 2
75 89 2
76 90 3
76 77 6
76 78 5
77 90 3
77 78 1
77 78 2
78 90 2
79 80 2
79 91 4
79 92 2
80 93 2
80 94 5
81 94 5
81 95 3
82 83 4
82 84 2
83 97 2
83 98 2
84 85 3
85 99 3
85 86 5
86 99 2
86 87 3
87 99 2
87 100 5
88 89 4
89 101 2
89 102 4
90 103 3
90 104 7
90 91 5
91 104 2
91 92 2
91 103 2
92 105 2
92 93 5
93 105 3
93 94 3
94 95 2
95 96 5
96 106 4
96 107 2
97 98 4
97 100 4
98 108 3
98 109 4
98 110 6
99 100 3
101 112 4
101 113 5
101 102 2
101 111 2
102 103 6
103 104 4
105 106 1
105 107 2
105 114 4
105 115 6
106 115 5
106 114 3
106 107 1
106 107 2
107 115 4
107 114 2
108 116 2
108 109 1
108 109 2
108 110 3
108 110 3
109 116 4
109 110 2
109 110 1
110 116 5
111 112 2
111 113 3
111 117 4
111 118 2
112 113 1
112 113 6
112 115 4
113 115 2
114 115 2
114 118 6
114 119 4
114 120 2
116 120 5
116 121 3
117 122 5
117 123 3
117 124 1
117 118 2
118 120 4
118 119 2
119 120 2
119 123 3
119 124 4
120 121 2
122 123 2
122 124 4
122 125 2
123 124 2
123 124 1
126 128 2
126 191 8
126 127 4
127 128 2
127 131 4
127 132 2
128 129 3
129 130 3
130 133 3
130 134 6
131 137 2
131 132 2
131 135 4
132 138 2
132 139 4
132 140 5
133 141 6
133 142 4
133 134 3
134 144 5
134 143 2
135 136 5
135 137 2
136 192 8
136 189 8
137 145 3
137 138 5
138 140 3
138 139 2
138 145 2
139 145 6
139 146 2
139 140 1
140 147 4
141 148 5
141 142 2
141 142 2
142 148 3
143 144 3
143 149 5
143 150 3
144 152 2
144 151 4
145 146 4
146 154 6
146 153 2
147 154 2
147 155 4
147 151 6
148 156 4
148 157 2
148 158 2
149 160 2
149 150 2
149 159 4
150 161 2
150 162 4
151 152 2
151 154 4
151 155 2
152 163 4
153 164 6
153 154 4
153 166 3
153 167 2
154 155 2
155 163 7
155 168 3
155 159 5
156 169 3
156 170 5
156 157 2
156 158 6
157 171 5
157 165 3
157 158 4
158 162 3
158 172 3
159 160 2
159 168 2
159 163 2
160 173 5
160 174 2
161 162 2
161 172 2
161 174 5
162 172 6
163 168 4
164 165 1
164 166 3
164 167 4
165 171 2
166 176 5
166 175 3
166 167 7
166 167 1
167 176 2
167 175 4
168 173 2
168 177 6
168 178 4
169 170 2
169 179 2
169 180 4
170 179 3
170 181 5
171 175 2
171 182 2
171 183 3
171 184 4
172 174 3
173 177 4
173 178 2
173 174 3
175 176 2
175 182 4
175 183 5
175 184 6
176 177 6
176 183 3
176 184 2
177 178 2
177 183 3
177 184 4
178 185 5
178 186 3
178 187 2
179 180 6
179 181 2
180 181 2
182 183 1
182 184 2
182 185 2
182 186 5
182 187 3
183 184 1
183 184 1
185 186 7
185 186 2
185 187 5
185 187 3
186 187 2
186 187 1
189 192 0
191 192 0
