48 81
1
1
1
1
1
1
1
1
1
1
1
1
1
1
1
1
1
1
1
1
1
1
1
1
1
1
1
1
1
1
4
3
3
3
3
3
3
3
3
3
3
3
3
3
3
3
3
3
0 1 3
0 2 5
0 36 8
0 37 8
0 31 8
1 33 8
1 2 2
2 3 2
2 5 3
3 4 3
3 5 5
4 5 4
4 6 6
5 6 2
6 32 8
7 34 8
7 35 8
8 9 2
8 10 4
8 36 8
8 31 8
9 10 2
9 37 8
9 31 8
10 11 2
10 13 4
10 31 8
11 12 4
11 13 2
12 35 8
12 34 8
13 33 8
14 16 6
14 38 8
14 15 4
15 16 2
15 47 8
15 39 8
16 17 3
16 19 3
17 18 4
17 19 6
18 19 4
20 40 8
20 21 2
20 22 4
21 41 8
21 45 8
21 22 2
22 42 8
23 43 8
23 44 8
23 30 8
23 46 8
24 25 3
24 41 8
25 45 8
26 27 2
26 28 6
26 46 8
27 40 8
27 28 4
27 42 8
28 43 8
28 44 8
29 32 8
29 39 8
29 38 8
29 47 8
30 44 0
31 36 0
31 37 0
32 47 0
34 35 0
36 37 0
38 39 0
39 47 0
40 42 0
41 45 0
43 44 0
43 46 0
