41 71
1
1
1
1
1
1
1
1
1
1
1
1
1
1
1
1
1
1
1
1
1
1
1
1
1
1
1
4
3
3
3
3
3
3
3
3
3
3
3
3
3
0 1 4
0 28 8
0 38 8
0 39 8
1 2 3
1 3 6
2 3 3
2 29 8
3 4 3
4 40 8
4 5 5
4 6 3
5 40 8
5 30 8
5 6 2
6 40 8
6 31 8
7 8 3
7 32 8
7 11 2
7 36 8
8 9 3
8 11 5
8 36 8
9 10 3
9 27 8
10 34 8
10 27 8
11 33 8
11 36 8
12 35 8
12 13 2
12 15 3
13 14 3
13 15 5
14 37 8
15 16 3
16 17 3
17 36 8
18 19 3
18 21 6
18 38 8
19 20 3
19 21 3
20 39 8
21 22 3
22 31 8
22 28 8
22 30 8
22 29 8
23 24 2
23 25 3
23 35 8
23 40 8
24 25 5
24 25 3
24 35 8
25 35 8
26 32 8
26 33 8
26 34 8
28 38 0
28 39 0
28 29 0
28 30 0
28 31 0
29 30 0
29 31 0
30 31 0
32 33 0
38 39 0
