41 63
1
1
1
1
1
1
1
1
1
1
1
1
1
1
1
1
1
1
1
1
1
1
1
1
1
1
1
4
3
3
3
3
3
3
3
3
3
3
3
3
3
0 1 2
0 2 3
0 28 8
0 31 8
1 2 5
1 4 6
1 5 4
1 39 8
2 3 3
3 4 3
4 5 2
4 39 8
5 6 3
5 39 8
6 29 8
7 8 5
7 9 3
7 27 8
7 30 8
8 9 4
9 27 8
9 30 8
10 28 8
10 31 8
11 32 8
11 12 3
12 13 5
13 14 5
14 33 8
15 16 3
15 34 8
16 17 2
17 35 8
18 35 8
18 34 8
18 19 4
18 36 8
19 20 4
20 32 8
20 33 8
21 40 8
21 38 8
21 37 8
21 30 8
22 37 8
22 38 8
22 23 5
23 24 4
23 26 6
24 25 4
24 26 2
25 39 8
26 40 8
27 30 0
28 31 0
30 37 0
30 40 0
32 33 0
34 35 0
34 36 0
35 36 0
37 40 0
37 38 0
