36 78
1
1
1
1
1
1
1
1
1
1
1
1
1
1
1
1
1
2
4
3
3
3
3
3
3
3
3
3
3
3
3
3
3
3
3
3
0 19 8
0 20 8
1 21 8
1 22 8
2 24 8
2 25 8
2 21 8
2 22 8
2 23 8
3 24 8
3 25 8
3 18 8
3 26 8
3 23 8
4 32 8
4 5 2
4 7 4
4 19 8
4 20 8
4 31 8
5 6 4
5 7 6
6 8 2
6 7 4
7 8 2
8 26 8
9 10 3
9 27 8
10 29 8
11 32 8
11 31 8
12 33 8
12 13 3
12 14 2
13 16 6
13 14 5
13 15 3
14 17 2
14 17 4
15 16 3
15 35 8
16 34 8
17 17 6
18 24 0
18 23 0
19 32 0
19 20 0
19 31 0
20 32 0
20 31 0
21 24 0
21 22 0
22 24 0
23 24 0
23 25 0
25 26 0
27 33 0
27 34 0
27 35 0
27 28 0
27 29 0
27 30 0
28 33 0
28 34 0
28 35 0
28 29 0
28 30 0
29 33 0
29 34 0
29 35 0
29 30 0
30 33 0
30 34 0
30 35 0
31 32 0
33 34 0
33 35 0
34 35 0
