49 91
1
1
1
1
1
1
1
1
1
1
1
1
1
1
1
1
1
1
1
1
1
1
1
1
1
1
4
3
3
3
3
3
3
3
3
3
3
3
3
3
3
3
3
3
3
3
3
3
3
0 27 8
0 28 8
1 29 8
1 30 8
2 3 3
2 4 6
2 30 8
2 31 8
3 32 8
3 44 8
3 4 3
4 5 3
5 33 8
6 34 8
6 36 8
6 29 8
6 7 3
7 35 8
8 36 8
8 34 8
8 27 8
8 28 8
8 35 8
9 10 3
9 37 8
10 38 8
10 39 8
11 39 8
11 12 2
11 13 4
11 37 8
12 43 8
12 40 8
12 41 8
12 42 8
12 13 2
13 38 8
14 16 5
14 41 8
14 15 3
15 16 2
15 17 4
15 18 6
16 40 8
17 18 2
17 43 8
18 42 8
19 32 8
19 20 3
19 21 5
19 31 8
20 44 8
20 21 2
21 33 8
22 48 8
22 26 8
22 45 8
22 46 8
22 47 8
23 24 3
23 25 6
23 45 8
24 48 8
24 25 3
25 47 8
25 46 8
26 48 0
26 45 0
26 47 0
27 36 0
27 28 0
28 36 0
29 34 0
29 36 0
30 31 0
31 32 0
32 44 0
34 35 0
34 36 0
37 39 0
38 39 0
40 41 0
40 42 0
40 43 0
41 42 0
41 43 0
42 43 0
45 48 0
45 47 0
46 47 0
47 48 0
