38 58
1
1
1
1
1
1
1
1
1
1
1
1
1
1
1
1
1
1
1
1
1
4
3
3
3
3
3
3
3
3
3
3
3
3
3
3
3
3
0 22 8
0 23 8
1 2 4
1 21 8
1 22 8
2 24 8
2 21 8
3 25 8
3 37 8
3 23 8
4 26 8
4 5 3
5 6 5
5 7 2
6 27 8
6 7 3
7 28 8
8 32 8
8 9 4
8 29 8
9 33 8
9 30 8
10 27 8
10 11 4
10 12 6
11 35 8
11 12 2
11 34 8
11 31 8
12 28 8
13 32 8
13 36 8
13 29 8
13 30 8
14 26 8
14 15 2
15 33 8
16 17 4
16 34 8
16 19 6
17 18 5
17 19 2
18 35 8
19 31 8
20 24 8
20 25 8
20 36 8
20 37 8
24 37 0
25 36 0
25 37 0
29 32 0
29 30 0
30 33 0
31 35 0
31 34 0
32 36 0
34 35 0
