59 106
1
1
1
1
1
1
1
1
1
1
1
1
1
1
1
1
1
1
1
1
1
1
1
1
1
1
1
1
1
1
1
1
1
1
1
1
1
4
3
3
3
3
3
3
3
3
3
3
3
3
3
3
3
3
3
3
3
3
3
0 1 4
0 38 8
1 2 3
1 3 6
1 37 8
2 3 3
2 37 8
2 39 8
3 4 3
3 37 8
4 40 8
4 57 8
4 58 8
4 55 8
5 41 8
5 42 8
5 51 8
5 52 8
5 50 8
6 8 5
6 43 8
6 7 3
7 8 2
7 44 8
8 9 3
9 45 8
10 56 8
10 11 2
10 46 8
10 14 4
11 56 8
11 12 3
11 14 2
12 13 3
13 47 8
14 48 8
14 56 8
15 16 2
15 17 4
15 49 8
16 17 2
16 18 6
16 19 3
17 18 4
18 19 3
19 20 5
20 21 6
20 22 2
21 50 8
21 22 4
22 23 5
23 24 3
24 25 2
24 42 8
24 27 4
24 41 8
25 41 8
25 26 4
25 27 2
25 42 8
26 51 8
27 42 8
27 52 8
27 41 8
28 53 8
28 29 2
28 31 2
29 30 3
29 31 4
30 32 4
30 31 2
31 32 2
32 48 8
32 54 8
33 34 5
33 55 8
33 38 8
33 39 8
34 40 8
35 56 8
35 53 8
35 54 8
36 57 8
36 58 8
38 55 0
38 39 0
39 55 0
40 57 0
40 58 0
40 55 0
41 42 0
41 50 0
41 52 0
42 51 0
43 49 0
43 44 0
44 49 0
45 46 0
45 47 0
46 47 0
48 54 0
50 52 0
53 54 0
55 57 0
55 58 0
57 58 0
