39 69
1
1
1
1
1
1
1
1
1
1
1
1
1
1
1
1
1
1
1
1
1
1
1
1
4
3
3
3
3
3
3
3
3
3
3
3
3
3
3
0 32 8
0 25 8
0 26 8
0 31 8
1 27 8
1 2 3
1 3 2
2 3 5
2 4 4
2 6 6
2 33 8
3 24 8
3 29 8
4 33 8
4 5 4
4 6 2
5 28 8
6 33 8
6 30 8
7 8 3
7 10 5
7 31 8
8 9 4
8 10 2
9 11 6
9 12 2
10 15 2
10 13 2
11 32 8
11 12 4
12 26 8
12 25 8
13 14 4
13 15 4
14 16 3
14 17 6
15 16 5
16 17 3
17 28 8
18 33 8
18 19 2
18 20 4
18 27 8
18 29 8
18 30 8
19 35 8
19 20 2
20 34 8
21 34 8
21 22 3
22 36 8
22 38 8
23 36 8
23 37 8
23 38 8
24 29 0
25 26 0
26 32 0
26 31 0
27 33 0
27 29 0
27 30 0
29 33 0
29 30 0
30 33 0
31 32 0
35 37 0
36 38 0
37 38 0
