40 70
1
1
1
1
1
1
1
1
1
1
1
1
1
1
1
1
1
1
1
1
1
1
1
1
1
1
1
4
3
3
3
3
3
3
3
3
3
3
3
3
0 1 2
0 2 3
0 28 8
1 2 5
1 4 4
1 6 6
2 3 3
3 8 6
3 7 4
4 5 4
4 6 2
5 31 8
6 7 4
7 8 2
8 9 3
9 10 4
10 11 4
10 12 2
11 12 6
11 29 8
12 13 3
13 30 8
14 32 8
14 34 8
14 15 3
15 16 3
16 33 8
16 30 8
17 32 8
17 33 8
17 34 8
17 27 8
17 29 8
18 35 8
18 19 4
18 21 6
19 20 5
19 21 2
20 38 8
21 22 3
22 24 2
22 23 4
23 24 6
23 36 8
24 39 8
24 37 8
25 36 8
25 26 3
25 35 8
25 28 8
25 39 8
26 37 8
26 38 8
26 31 8
27 32 0
27 33 0
28 35 0
28 36 0
28 39 0
29 34 0
30 33 0
31 37 0
31 38 0
32 33 0
32 34 0
35 36 0
35 39 0
36 39 0
37 38 0
37 39 0
