34 81
1
1
1
1
1
1
1
1
1
1
1
1
1
1
1
1
1
1
1
1
1
1
2
4
3
3
3
3
3
3
3
3
3
3
0 24 8
0 1 2
0 2 3
1 2 5
1 3 3
1 4 6
2 5 2
2 7 3
3 8 5
3 9 3
3 4 3
4 28 8
5 6 3
5 7 5
6 10 4
6 7 2
7 10 2
8 9 2
8 25 8
9 11 2
9 12 6
10 32 8
10 33 8
10 29 8
10 30 8
10 31 8
11 26 8
11 12 4
12 13 3
13 27 8
14 15 2
14 16 3
14 24 8
14 25 8
14 26 8
14 27 8
14 28 8
14 29 8
15 16 5
15 17 2
15 18 4
16 19 3
16 20 3
17 18 2
17 18 2
17 21 2
18 21 4
19 20 6
19 22 4
19 22 2
19 23 8
20 32 8
21 33 8
22 22 2
22 23 8
22 23 8
24 25 0
24 26 0
24 27 0
24 28 0
24 29 0
25 26 0
25 27 0
25 28 0
25 29 0
26 27 0
26 28 0
26 29 0
27 28 0
27 29 0
28 29 0
29 32 0
29 33 0
29 30 0
29 31 0
30 32 0
30 33 0
30 31 0
31 32 0
31 33 0
32 33 0
