36 71
1
1
1
1
1
1
1
1
1
1
1
1
1
1
1
1
1
1
1
1
1
1
1
1
1
2
4
3
3
3
3
3
3
3
3
3
0 27 8
0 1 3
0 3 5
1 2 4
1 3 2
2 28 8
3 4 2
3 6 3
4 5 4
4 6 5
5 8 6
5 7 4
6 7 4
7 8 2
8 32 8
8 31 8
8 29 8
9 10 3
9 12 5
9 30 8
10 11 4
10 12 2
11 13 5
11 14 3
11 15 2
12 33 8
12 34 8
12 35 8
12 16 3
12 17 3
13 14 2
13 14 7
13 15 3
13 15 5
14 15 1
14 15 2
16 17 6
16 17 2
16 34 8
16 35 8
16 33 8
17 33 8
17 34 8
17 35 8
18 33 8
18 19 2
18 20 3
19 20 5
19 21 4
19 23 6
20 24 2
20 25 3
20 26 8
21 22 4
21 23 2
22 35 8
22 30 8
23 34 8
24 25 5
24 25 4
24 26 8
25 26 8
27 32 0
28 29 0
29 32 0
29 31 0
30 35 0
31 32 0
33 34 0
33 35 0
34 35 0
