51 88
1
1
1
1
1
1
1
1
1
1
1
1
1
1
1
1
1
1
1
1
1
1
1
1
1
1
1
1
1
1
1
4
3
3
3
3
3
3
3
3
3
3
3
3
3
3
3
3
3
3
3
0 32 8
0 1 3
0 2 2
1 33 8
1 2 5
2 3 2
2 31 8
3 34 8
3 31 8
4 35 8
4 44 8
4 5 2
4 6 4
4 45 8
5 36 8
5 6 2
6 8 5
6 7 2
7 8 3
7 37 8
8 9 2
8 10 3
9 10 5
9 11 4
9 13 6
10 38 8
11 12 4
11 13 2
12 39 8
13 40 8
14 41 8
14 42 8
14 43 8
14 46 8
15 16 3
15 32 8
15 43 8
16 17 3
17 42 8
18 35 8
18 19 4
18 36 8
18 37 8
18 39 8
19 20 4
19 21 2
20 44 8
20 21 2
21 22 3
22 45 8
23 24 3
23 25 5
23 41 8
23 38 8
23 40 8
24 25 3
24 25 2
24 26 3
25 26 6
26 46 8
27 33 8
27 34 8
28 48 8
28 47 8
29 48 8
29 49 8
29 50 8
29 47 8
30 49 8
30 50 8
32 43 0
35 36 0
35 37 0
35 39 0
35 44 0
35 45 0
36 39 0
36 37 0
37 39 0
38 40 0
38 41 0
40 41 0
42 43 0
42 46 0
43 46 0
44 45 0
47 48 0
49 50 0
