41 72
1
1
1
1
1
1
1
1
1
1
1
1
1
1
1
1
1
1
1
1
1
1
1
1
1
1
1
1
1
4
3
3
3
3
3
3
3
3
3
3
3
0 1 4
0 3 2
0 30 8
1 2 3
1 3 6
2 33 8
3 4 5
4 5 4
4 6 2
5 8 6
5 9 4
5 6 6
6 7 3
7 10 4
7 11 2
8 9 5
8 9 2
10 34 8
10 11 6
10 12 2
10 13 5
11 32 8
12 16 6
12 17 3
12 34 8
12 13 3
13 34 8
13 14 3
14 15 4
15 35 8
15 31 8
16 17 4
16 17 3
18 33 8
18 34 8
18 19 3
18 20 5
18 30 8
19 32 8
19 35 8
19 20 2
20 21 4
21 31 8
22 36 8
22 23 5
23 24 3
23 25 6
23 29 8
24 25 3
24 37 8
24 29 8
25 29 8
25 38 8
26 27 4
26 39 8
27 40 8
27 36 8
27 37 8
27 38 8
28 40 8
28 39 8
30 33 0
30 34 0
31 35 0
32 35 0
33 34 0
36 40 0
36 38 0
36 37 0
37 40 0
37 38 0
38 40 0
