45 75
1
1
1
1
1
1
1
1
1
1
1
1
1
1
1
1
1
1
1
1
1
1
1
1
1
1
1
4
3
3
3
3
3
3
3
3
3
3
3
3
3
3
3
3
3
0 1 2
0 28 8
1 29 8
2 28 8
2 3 2
2 4 4
3 4 2
3 29 8
4 43 8
4 5 3
4 6 2
5 43 8
5 6 5
5 31 8
6 43 8
6 30 8
7 8 3
7 9 6
7 27 8
7 32 8
8 9 3
8 33 8
9 10 3
10 34 8
11 32 8
11 33 8
11 42 8
11 35 8
11 30 8
12 36 8
12 13 3
12 14 5
13 14 2
13 39 8
14 16 4
14 15 2
15 16 6
15 37 8
16 38 8
17 40 8
17 18 3
18 19 5
18 21 3
19 20 3
19 21 2
20 21 6
20 22 4
21 22 2
22 23 5
23 41 8
24 34 8
24 35 8
24 42 8
24 31 8
25 43 8
25 38 8
26 40 8
26 41 8
26 44 8
27 32 0
31 35 0
32 33 0
32 35 0
32 42 0
33 42 0
33 35 0
34 42 0
35 42 0
36 44 0
36 37 0
36 39 0
37 44 0
37 39 0
39 44 0
40 41 0
