50 95
1
1
1
1
1
1
1
1
1
1
1
1
1
1
1
1
1
1
1
1
1
1
1
1
1
1
1
1
1
1
1
4
3
3
3
3
3
3
3
3
3
3
3
3
3
3
3
3
3
3
0 32 8
0 1 3
1 2 2
1 3 4
2 3 2
2 4 6
2 5 3
3 8 5
3 7 2
4 34 8
4 5 3
5 6 5
6 33 8
7 8 3
7 9 2
7 10 6
8 11 3
8 12 3
9 10 4
9 35 8
9 44 8
10 36 8
11 12 6
11 37 8
12 38 8
13 32 8
13 41 8
13 31 8
13 14 3
13 15 5
14 40 8
14 31 8
14 15 2
15 39 8
15 31 8
16 41 8
16 34 8
16 36 8
16 42 8
17 43 8
17 18 3
17 19 6
18 19 3
18 45 8
18 49 8
19 20 2
19 21 4
20 21 2
20 46 8
21 22 3
22 24 5
22 23 3
23 24 2
23 44 8
24 33 8
24 35 8
24 25 2
24 27 3
25 33 8
25 26 3
25 27 5
25 35 8
26 27 3
27 35 8
27 33 8
28 48 8
28 42 8
28 37 8
28 47 8
29 40 8
29 48 8
29 47 8
29 38 8
29 39 8
30 49 8
30 43 8
30 45 8
30 46 8
32 41 0
33 35 0
34 41 0
34 36 0
35 44 0
36 41 0
37 48 0
37 47 0
38 47 0
39 40 0
39 48 0
40 48 0
43 45 0
43 46 0
45 49 0
45 46 0
47 48 0
