51 79
1
1
1
1
1
1
1
1
1
1
1
1
1
1
1
1
1
1
1
1
1
1
1
1
1
1
1
1
1
1
1
1
1
1
1
1
2
1
4
3
3
3
3
3
3
3
3
3
3
3
3
0 1 5
0 39 8
1 2 3
2 3 2
2 6 6
3 4 3
3 6 4
4 5 3
5 40 8
6 41 8
7 8 2
7 9 4
7 42 8
8 9 2
8 9 2
8 10 3
9 10 5
10 11 3
10 13 6
11 12 3
11 13 3
12 45 8
13 14 4
14 16 2
14 15 4
15 16 6
15 50 8
15 43 8
16 17 4
17 18 3
17 19 2
18 19 5
18 44 8
19 20 2
19 22 3
20 21 5
20 22 5
21 24 3
21 23 3
22 23 3
23 24 6
24 40 8
24 39 8
25 26 3
25 28 5
25 46 8
26 27 3
26 28 2
27 47 8
28 42 8
28 29 2
28 31 3
29 42 8
29 30 3
29 31 5
30 32 4
30 33 6
31 32 5
31 42 8
32 33 2
33 45 8
34 48 8
34 35 3
34 36 5
34 36 6
34 38 8
35 41 8
35 36 2
35 36 3
36 36 1
37 50 8
37 43 8
37 44 8
38 48 0
39 40 0
43 50 0
43 44 0
46 47 0
48 49 0
