48 95
1
1
1
1
1
1
1
1
1
1
1
1
1
1
1
1
1
1
1
1
1
1
1
1
1
1
1
1
1
4
3
3
3
3
3
3
3
3
3
3
3
3
3
3
3
3
3
3
0 37 8
0 38 8
0 39 8
0 40 8
0 30 8
0 31 8
1 32 8
1 2 4
1 4 6
1 29 8
2 3 3
2 4 2
3 5 4
3 6 2
4 33 8
5 34 8
5 6 2
6 35 8
6 47 8
7 8 3
7 10 5
7 36 8
7 30 8
7 31 8
8 9 4
8 10 2
9 11 6
9 12 2
10 41 8
11 12 4
11 38 8
12 13 3
13 14 5
13 15 2
14 37 8
14 15 3
15 16 6
15 18 3
16 17 3
16 18 3
17 39 8
18 19 4
19 40 8
20 42 8
20 21 3
21 22 4
21 23 6
22 44 8
22 23 2
23 43 8
24 25 2
24 26 4
24 36 8
24 45 8
24 41 8
25 26 2
25 26 2
25 27 4
25 42 8
26 42 8
26 27 6
27 42 8
27 46 8
28 32 8
28 33 8
28 34 8
28 35 8
28 43 8
28 44 8
28 47 8
29 32 0
30 36 0
30 37 0
30 39 0
30 40 0
30 31 0
31 36 0
31 38 0
32 33 0
32 34 0
32 35 0
33 34 0
33 35 0
34 35 0
35 47 0
36 41 0
36 45 0
37 40 0
37 39 0
39 40 0
41 45 0
43 44 0
43 47 0
44 47 0
45 46 0
