45 77
1
1
1
1
1
1
1
1
1
1
1
1
1
1
1
1
1
1
1
1
1
1
1
1
1
1
1
4
3
3
3
3
3
3
3
3
3
3
3
3
3
3
3
3
3
0 1 2
0 3 3
0 28 8
1 2 5
1 3 5
2 29 8
3 4 2
3 5 5
4 5 3
4 30 8
5 8 5
5 33 8
5 6 3
6 8 2
6 33 8
6 7 3
7 32 8
8 33 8
8 31 8
9 33 8
9 10 2
9 11 4
10 11 2
10 35 8
10 31 8
11 12 2
11 13 3
12 36 8
12 13 5
13 27 8
13 44 8
13 34 8
14 17 2
14 37 8
14 15 4
15 16 2
15 17 6
16 17 2
16 18 6
17 18 4
18 38 8
19 39 8
19 20 4
19 21 6
19 29 8
20 40 8
20 21 2
21 32 8
21 30 8
22 24 5
22 41 8
22 28 8
22 23 3
23 24 2
23 43 8
24 42 8
25 40 8
25 41 8
25 42 8
25 39 8
26 36 8
26 34 8
26 35 8
26 44 8
27 34 0
27 44 0
28 41 0
29 39 0
30 32 0
31 35 0
34 35 0
34 36 0
34 44 0
35 36 0
38 43 0
39 40 0
41 42 0
