42 73
1
1
1
1
1
1
1
1
1
1
1
1
1
1
1
1
1
1
1
1
1
1
1
1
1
1
1
1
4
3
3
3
3
3
3
3
3
3
3
3
3
3
0 35 8
0 29 8
0 30 8
1 2 6
1 31 8
2 3 2
2 4 5
3 32 8
3 4 3
4 5 4
4 7 6
5 6 3
5 7 2
6 33 8
7 36 8
7 34 8
8 9 3
8 10 6
8 29 8
8 30 8
9 10 3
9 35 8
10 11 2
10 13 5
11 12 4
11 13 3
12 14 5
12 15 2
13 37 8
13 38 8
13 39 8
13 40 8
13 41 8
14 36 8
14 15 3
15 16 4
16 34 8
17 18 3
17 21 5
17 38 8
18 19 4
18 21 2
19 20 3
20 24 4
20 22 2
21 25 2
21 27 4
22 24 2
22 23 3
23 37 8
24 40 8
25 26 6
25 27 6
26 28 8
26 39 8
27 41 8
28 39 0
29 30 0
30 35 0
31 32 0
31 33 0
32 33 0
34 36 0
37 38 0
37 39 0
37 40 0
37 41 0
38 39 0
38 40 0
38 41 0
39 40 0
39 41 0
40 41 0
