45 76
1
1
1
1
1
1
1
1
1
1
1
1
1
1
1
1
2
1
1
1
1
1
1
1
1
2
1
1
1
1
4
3
3
3
3
3
3
3
3
3
3
3
3
3
3
0 1 3
0 3 5
0 31 8
1 2 3
1 3 2
2 32 8
3 42 8
3 4 4
3 5 2
4 42 8
4 5 6
4 5 4
5 42 8
6 8 5
6 33 8
6 7 3
7 8 2
7 34 8
7 44 8
8 9 3
8 10 3
9 10 6
9 36 8
10 11 3
11 12 3
11 13 6
12 13 3
12 37 8
13 14 4
13 15 2
14 16 4
14 17 2
14 15 6
15 40 8
15 35 8
16 17 5
16 17 2
18 19 4
18 38 8
18 31 8
19 20 3
19 21 5
20 21 2
20 39 8
21 32 8
22 40 8
22 23 4
23 35 8
24 25 2
24 25 4
24 43 8
24 30 8
24 41 8
25 25 6
25 30 8
25 30 8
26 41 8
26 27 2
26 28 4
27 28 2
27 42 8
28 43 8
29 33 8
29 34 8
29 36 8
29 37 8
29 44 8
31 38 0
33 44 0
34 44 0
34 36 0
34 37 0
35 40 0
36 37 0
38 39 0
41 43 0
