35 61
1
1
1
1
1
1
1
1
1
1
1
1
1
1
1
1
1
1
1
2
1
2
1
1
1
1
2
4
3
3
3
3
3
3
3
0 28 8
0 29 8
1 2 3
1 4 5
1 30 8
2 3 5
2 4 2
3 5 5
3 6 3
3 7 2
4 8 2
4 10 3
5 6 7
5 6 2
5 7 5
5 7 3
6 7 2
6 7 1
8 9 4
8 10 5
9 11 3
9 12 5
10 11 5
11 12 2
12 13 4
13 31 8
14 17 5
14 28 8
14 29 8
14 15 2
15 16 4
15 17 3
16 33 8
17 18 2
17 19 3
17 34 8
18 34 8
18 19 5
18 19 5
19 34 8
20 33 8
20 34 8
20 21 3
20 22 2
21 22 3
21 22 5
21 23 5
22 23 2
23 32 8
23 30 8
24 25 4
24 26 2
24 27 8
24 31 8
25 26 6
25 26 4
25 27 8
26 27 8
28 29 0
30 32 0
33 34 0
