51 93
1
1
1
2
1
1
2
1
1
1
1
1
1
1
1
1
1
1
1
1
1
1
1
4
3
3
3
3
3
3
3
3
3
3
3
3
3
3
3
3
3
3
3
3
3
3
3
3
3
3
3
0 24 8
0 25 8
1 2 2
1 3 5
1 3 6
1 26 8
2 27 8
2 3 3
2 3 4
3 3 1
4 5 3
4 6 5
4 6 6
4 45 8
4 46 8
4 26 8
4 29 8
5 30 8
5 46 8
5 45 8
5 6 2
5 6 3
6 46 8
6 46 8
6 6 1
6 45 8
6 45 8
7 32 8
7 33 8
7 23 8
8 32 8
8 33 8
8 34 8
8 35 8
8 38 8
9 10 5
9 36 8
10 37 8
11 34 8
11 35 8
11 12 3
12 38 8
13 24 8
13 25 8
13 40 8
13 39 8
14 16 6
14 29 8
14 15 3
15 16 3
15 42 8
15 36 8
15 37 8
16 41 8
16 44 8
17 40 8
17 50 8
17 43 8
17 39 8
18 41 8
18 42 8
18 44 8
18 30 8
19 48 8
19 43 8
19 47 8
20 48 8
20 47 8
21 49 8
21 31 8
22 50 8
22 28 8
23 32 0
24 25 0
24 39 0
25 39 0
26 29 0
30 44 0
32 33 0
32 34 0
33 34 0
34 35 0
35 38 0
36 42 0
36 37 0
37 42 0
39 40 0
41 42 0
41 44 0
43 50 0
45 46 0
46 49 0
47 48 0
