83 128
1
1
1
1
1
1
1
1
1
1
1
1
1
1
1
1
1
1
1
1
1
1
1
1
1
1
1
1
1
1
1
1
1
1
1
1
1
1
1
1
1
4
3
3
3
3
3
3
3
3
3
3
3
3
3
3
3
3
3
3
3
3
3
3
3
3
3
3
3
3
3
3
3
3
3
3
3
3
3
3
3
3
3
0 42 8
0 43 8
1 44 8
1 45 8
2 46 8
2 47 8
3 48 8
3 41 8
3 4 3
4 41 8
4 5 2
4 6 4
5 64 8
5 49 8
5 6 2
6 50 8
7 8 3
7 51 8
8 48 8
8 52 8
9 52 8
9 53 8
10 54 8
10 55 8
11 56 8
11 12 3
11 47 8
12 57 8
13 58 8
13 46 8
13 14 3
14 59 8
15 49 8
15 53 8
16 17 3
16 45 8
16 61 8
17 68 8
17 62 8
18 64 8
18 63 8
19 65 8
19 20 3
20 67 8
20 66 8
21 67 8
21 22 4
22 23 4
23 24 2
24 68 8
25 71 8
25 73 8
25 74 8
25 75 8
25 44 8
25 26 5
26 72 8
26 80 8
27 73 8
27 28 4
27 29 6
28 75 8
28 29 2
29 74 8
30 32 6
30 56 8
30 76 8
30 31 4
31 32 2
31 78 8
32 57 8
32 77 8
33 50 8
33 60 8
33 79 8
34 65 8
34 66 8
34 63 8
35 78 8
35 76 8
35 77 8
35 54 8
35 55 8
36 72 8
36 61 8
36 62 8
37 81 8
37 69 8
38 40 6
38 70 8
38 39 2
39 40 4
39 81 8
40 82 8
42 51 0
42 43 0
43 51 0
44 71 0
44 73 0
44 74 0
44 75 0
45 61 0
46 58 0
47 56 0
48 52 0
49 64 0
50 79 0
54 76 0
54 55 0
55 76 0
56 76 0
57 77 0
58 59 0
60 79 0
61 72 0
62 68 0
65 66 0
66 67 0
70 82 0
71 73 0
71 74 0
71 75 0
71 80 0
72 80 0
73 74 0
73 75 0
74 75 0
77 78 0
