33 64
1
1
1
1
1
1
1
1
1
1
1
1
1
1
1
1
1
1
1
1
1
1
4
3
3
3
3
3
3
3
3
3
3
0 32 8
0 1 4
0 31 8
0 23 8
1 24 8
1 26 8
1 25 8
2 25 8
2 3 3
2 4 6
2 23 8
3 24 8
3 4 3
4 26 8
4 22 8
5 6 2
5 7 4
5 8 3
5 27 8
5 29 8
5 30 8
6 8 5
6 9 3
6 10 6
6 7 2
7 8 2
7 8 7
7 10 3
8 10 5
9 10 3
11 27 8
11 12 3
11 14 6
12 13 4
12 14 3
13 29 8
14 30 8
15 16 3
15 17 5
15 28 8
15 31 8
16 17 2
16 18 3
16 19 6
17 19 2
17 20 3
18 19 3
18 20 3
18 21 3
19 20 5
20 21 6
21 32 8
22 26 0
23 32 0
23 25 0
23 31 0
24 25 0
24 26 0
25 26 0
27 29 0
27 30 0
28 31 0
29 30 0
31 32 0
