46 82
1
1
1
1
1
1
1
1
1
1
1
1
1
1
1
1
1
1
1
1
1
1
1
1
1
1
4
3
3
3
3
3
3
3
3
3
3
3
3
3
3
3
3
3
3
3
0 1 2
0 2 5
0 27 8
0 39 8
1 2 3
1 28 8
1 34 8
1 39 8
2 29 8
2 39 8
3 4 4
3 37 8
3 30 8
4 26 8
4 5 3
5 26 8
5 31 8
6 8 6
6 27 8
6 7 4
7 8 2
7 9 3
7 11 5
7 28 8
8 34 8
9 10 3
9 11 2
9 28 8
10 12 2
10 13 5
11 35 8
11 28 8
11 44 8
12 33 8
12 13 3
13 32 8
13 36 8
14 32 8
14 33 8
14 36 8
15 38 8
15 37 8
15 30 8
16 17 3
16 18 6
16 38 8
16 31 8
17 18 3
17 31 8
17 39 8
18 45 8
18 19 4
18 20 2
18 31 8
19 20 2
19 20 6
19 21 3
19 45 8
20 21 5
20 45 8
21 40 8
22 41 8
22 42 8
22 43 8
23 40 8
23 41 8
23 42 8
23 43 8
24 35 8
24 44 8
25 45 8
25 29 8
28 34 0
30 37 0
30 38 0
32 33 0
32 36 0
35 44 0
40 41 0
40 42 0
41 42 0
42 43 0
