43 71
1
1
1
1
1
1
1
1
1
1
1
1
1
1
1
1
1
1
1
1
1
1
1
2
1
1
1
1
1
4
3
3
3
3
3
3
3
3
3
3
3
3
3
0 1 3
0 2 6
0 30 8
1 2 3
1 3 4
1 4 2
2 5 2
2 7 3
3 10 2
3 4 2
3 9 4
4 42 8
4 33 8
5 6 5
5 7 5
6 8 3
6 11 3
7 8 3
8 11 6
9 10 2
9 31 8
10 32 8
10 35 8
11 34 8
12 32 8
12 35 8
12 30 8
12 31 8
13 36 8
13 14 3
14 15 3
15 37 8
16 17 5
16 19 3
16 37 8
17 18 3
17 19 2
18 19 6
18 20 4
19 20 2
20 21 4
21 34 8
22 24 3
22 41 8
22 38 8
22 23 2
22 23 4
23 24 5
23 24 1
23 23 6
24 40 8
24 29 8
25 26 2
25 27 5
25 38 8
25 39 8
26 27 3
26 36 8
27 40 8
27 41 8
28 33 8
28 42 8
29 40 0
30 32 0
30 31 0
31 32 0
32 35 0
33 42 0
38 41 0
38 39 0
40 41 0
