34 58
1
1
1
1
1
1
1
1
1
1
1
1
1
1
1
1
1
1
1
1
1
1
4
3
3
3
3
3
3
3
3
3
3
3
0 1 2
0 2 5
0 33 8
0 23 8
1 24 8
1 2 3
1 27 8
1 26 8
2 25 8
3 24 8
3 4 5
3 5 2
4 26 8
4 5 3
5 6 3
5 7 6
6 28 8
6 7 3
7 27 8
8 9 2
8 12 4
8 29 8
9 10 3
9 12 2
10 11 4
11 30 8
12 31 8
13 30 8
13 31 8
13 29 8
13 14 4
13 15 6
14 16 4
14 17 2
14 15 2
15 17 2
15 18 5
16 17 6
16 18 2
16 19 2
17 18 3
18 19 4
19 32 8
20 25 8
20 23 8
20 22 8
20 33 8
21 32 8
21 28 8
22 23 0
23 33 0
24 27 0
24 26 0
25 33 0
26 27 0
29 30 0
29 31 0
30 31 0
