44 76
1
1
1
1
1
1
1
1
1
1
1
1
1
1
1
1
1
1
1
1
1
1
1
1
1
1
1
1
1
1
1
1
1
1
1
4
3
3
3
3
3
3
3
3
0 1 2
0 3 4
0 36 8
1 2 3
1 3 2
2 4 5
2 6 3
3 9 3
3 7 3
4 5 3
4 6 2
5 11 3
5 6 6
6 11 3
7 8 4
7 9 6
8 10 3
8 12 2
9 10 3
10 12 5
11 14 3
11 15 5
12 13 3
13 17 2
13 18 5
14 38 8
14 15 2
15 16 3
16 39 8
17 18 3
17 37 8
18 19 3
18 21 3
19 20 3
19 21 6
20 35 8
20 21 3
21 35 8
22 40 8
22 25 5
22 23 3
23 24 3
23 25 2
24 41 8
25 26 3
25 28 3
26 27 5
26 28 6
27 29 3
27 30 3
28 29 4
29 30 6
30 43 8
30 42 8
31 32 4
31 34 6
31 43 8
32 33 3
32 34 2
33 40 8
33 42 8
33 41 8
34 36 8
34 37 8
34 38 8
34 39 8
36 37 0
36 38 0
36 39 0
37 38 0
37 39 0
38 39 0
40 41 0
40 42 0
41 42 0
42 43 0
