53 92
1
1
1
1
1
1
1
1
1
1
1
1
1
1
1
1
1
1
1
1
1
1
1
1
1
1
1
1
1
1
4
3
3
3
3
3
3
3
3
3
3
3
3
3
3
3
3
3
3
3
3
3
3
0 1 4
0 31 8
1 2 3
1 30 8
2 48 8
2 3 3
2 5 5
2 30 8
3 48 8
3 4 4
3 5 2
4 32 8
4 47 8
5 48 8
5 33 8
6 34 8
6 7 2
7 8 2
7 9 4
7 41 8
8 9 2
8 10 5
8 11 2
8 41 8
9 41 8
9 49 8
9 37 8
10 11 3
10 36 8
11 12 3
12 13 5
13 35 8
13 46 8
14 31 8
14 45 8
14 38 8
14 39 8
15 16 2
15 17 6
15 34 8
15 40 8
16 17 4
16 41 8
17 42 8
17 52 8
18 40 8
18 43 8
18 44 8
19 45 8
19 38 8
19 39 8
20 35 8
20 36 8
20 21 3
21 46 8
22 24 5
22 43 8
22 44 8
22 23 2
23 24 3
23 47 8
24 50 8
24 51 8
24 25 2
24 26 4
25 26 2
25 26 4
25 51 8
25 50 8
26 50 8
26 51 8
27 49 8
27 37 8
28 33 8
28 50 8
28 51 8
29 42 8
29 52 8
31 38 0
32 48 0
32 47 0
33 51 0
34 40 0
35 36 0
35 46 0
37 49 0
38 39 0
39 45 0
40 44 0
42 52 0
43 44 0
50 51 0
