47 87
1
1
1
1
1
1
1
1
2
1
1
1
1
1
1
1
1
1
1
1
1
1
1
1
1
1
1
1
1
4
3
3
3
3
3
3
3
3
3
3
3
3
3
3
3
3
3
0 30 8
0 31 8
1 32 8
1 2 5
1 36 8
1 37 8
1 38 8
1 29 8
2 39 8
2 33 8
3 34 8
3 35 8
3 42 8
3 45 8
4 36 8
4 5 2
4 6 3
5 37 8
5 6 5
6 8 5
6 8 6
6 7 2
7 8 3
7 8 4
7 38 8
8 8 1
9 40 8
9 10 4
10 41 8
11 42 8
11 12 3
12 13 4
12 14 2
13 30 8
13 14 2
13 31 8
14 15 3
15 16 2
16 17 6
16 18 2
17 18 4
17 20 5
17 21 3
18 19 4
19 44 8
19 46 8
20 21 2
20 21 2
20 22 4
21 22 2
22 43 8
23 24 2
23 25 4
23 26 5
23 34 8
24 25 2
24 25 1
24 26 3
24 26 5
24 27 3
25 26 1
25 26 6
25 27 4
26 27 2
27 45 8
28 43 8
28 44 8
28 46 8
29 32 0
29 36 0
29 37 0
29 38 0
30 31 0
32 36 0
32 37 0
32 38 0
32 33 0
33 39 0
35 42 0
35 45 0
36 37 0
36 38 0
37 38 0
40 41 0
42 45 0
43 44 0
44 46 0
