43 75
1
1
1
1
1
1
1
1
1
1
1
1
1
1
1
1
2
1
1
1
1
1
1
1
1
4
3
3
3
3
3
3
3
3
3
3
3
3
3
3
3
3
3
0 1 4
0 26 8
1 27 8
2 26 8
2 28 8
2 29 8
3 35 8
3 28 8
3 29 8
3 30 8
3 31 8
4 27 8
4 30 8
4 31 8
5 32 8
5 25 8
5 6 2
5 7 6
6 33 8
6 7 4
7 34 8
8 9 3
8 35 8
9 32 8
9 10 2
9 12 6
10 32 8
10 11 3
10 12 4
11 36 8
12 32 8
12 34 8
12 33 8
13 37 8
13 14 3
14 17 4
14 15 6
15 16 3
15 17 2
16 17 5
16 18 3
17 18 2
18 38 8
19 20 2
19 21 5
19 39 8
20 21 3
20 22 4
20 23 2
21 36 8
22 40 8
22 23 2
23 41 8
23 42 8
24 37 8
24 38 8
24 39 8
24 40 8
24 41 8
24 42 8
25 32 0
26 29 0
28 29 0
28 30 0
29 30 0
30 31 0
31 35 0
33 34 0
37 42 0
37 38 0
38 42 0
39 40 0
39 41 0
40 41 0
41 42 0
