58 91
1
1
1
1
1
1
1
1
1
1
1
1
1
1
1
1
1
1
1
1
1
1
1
1
1
1
2
1
1
1
1
1
1
1
1
1
1
4
3
3
3
3
3
3
3
3
3
3
3
3
3
3
3
3
3
3
3
3
0 38 8
0 39 8
1 2 3
1 3 5
1 38 8
1 39 8
2 3 2
2 4 4
2 6 6
3 6 2
3 7 4
4 5 3
4 6 2
5 41 8
6 7 2
7 8 4
8 40 8
9 42 8
9 43 8
9 45 8
10 42 8
10 43 8
10 44 8
11 40 8
11 44 8
11 37 8
11 45 8
12 49 8
12 46 8
12 47 8
13 16 5
13 46 8
13 14 3
13 47 8
14 16 2
14 15 4
15 18 6
15 19 2
16 17 5
17 21 4
17 22 2
18 49 8
18 19 4
19 20 5
20 51 8
21 48 8
21 22 6
22 50 8
22 57 8
23 24 3
23 52 8
23 55 8
24 53 8
25 41 8
25 26 5
25 27 3
26 27 6
26 27 2
26 28 4
27 28 2
28 54 8
29 32 5
29 30 3
29 55 8
30 32 2
30 31 4
31 56 8
32 52 8
32 53 8
33 56 8
33 34 4
34 35 6
34 36 3
35 57 8
35 36 3
36 48 8
36 51 8
36 50 8
37 45 0
38 39 0
40 44 0
42 43 0
43 45 0
46 49 0
46 47 0
48 50 0
48 51 0
50 57 0
50 51 0
52 53 0
52 55 0
