61 106
1
1
1
1
1
1
1
1
1
1
1
1
1
1
1
1
1
1
1
1
1
1
1
1
1
1
1
1
1
1
1
1
1
1
1
1
4
3
3
3
3
3
3
3
3
3
3
3
3
3
3
3
3
3
3
3
3
3
3
3
3
0 1 5
0 37 8
0 41 8
1 2 3
1 36 8
2 3 4
2 36 8
3 38 8
4 5 5
4 39 8
5 40 8
5 49 8
5 59 8
6 37 8
6 41 8
6 42 8
6 43 8
6 47 8
6 48 8
6 50 8
7 42 8
7 43 8
7 38 8
8 9 2
8 10 4
8 44 8
9 10 2
9 60 8
9 46 8
10 45 8
11 40 8
11 12 2
11 13 4
11 39 8
12 49 8
12 13 2
13 14 2
13 15 3
14 48 8
14 15 5
15 16 5
16 17 2
16 18 4
17 18 2
17 50 8
18 47 8
19 20 3
19 45 8
19 46 8
20 51 8
21 52 8
21 53 8
21 55 8
22 24 4
22 52 8
22 53 8
22 23 2
23 24 2
23 55 8
24 57 8
24 54 8
25 56 8
25 26 3
25 28 5
26 27 4
26 28 2
27 29 2
27 30 5
28 58 8
29 54 8
29 30 3
30 57 8
31 32 2
31 33 4
31 58 8
31 56 8
32 33 4
32 33 2
32 34 2
33 34 6
34 59 8
35 60 8
35 51 8
35 44 8
37 41 0
37 47 0
37 48 0
37 50 0
38 43 0
39 40 0
40 49 0
40 59 0
41 42 0
41 43 0
42 43 0
44 60 0
45 46 0
46 60 0
47 48 0
47 50 0
48 50 0
49 59 0
52 53 0
53 55 0
54 57 0
56 58 0
