44 69
1
1
1
1
1
1
1
1
1
1
1
1
1
1
1
1
2
1
1
1
1
1
1
1
1
1
1
4
3
3
3
3
3
3
3
3
3
3
3
3
3
3
3
3
0 1 4
0 28 8
1 2 2
1 3 4
2 3 2
2 29 8
3 4 3
3 6 6
4 5 3
4 6 3
5 30 8
6 41 8
6 31 8
7 8 2
7 9 4
7 32 8
8 9 2
8 34 8
9 33 8
10 36 8
10 11 2
10 12 4
11 40 8
11 12 2
11 37 8
12 13 3
12 14 6
13 38 8
13 14 3
14 15 3
15 16 2
15 16 4
16 16 6
17 35 8
17 29 8
17 30 8
18 33 8
18 36 8
18 42 8
18 43 8
18 19 3
18 21 5
19 43 8
19 42 8
19 20 4
19 21 2
20 39 8
21 43 8
21 42 8
21 38 8
22 40 8
22 37 8
23 24 3
23 31 8
24 25 3
25 41 8
25 27 8
26 42 8
26 43 8
26 39 8
27 41 0
28 35 0
29 30 0
31 41 0
32 34 0
33 36 0
37 40 0
39 43 0
42 43 0
