74 136
1
1
1
2
1
1
1
1
1
1
1
1
1
1
1
1
1
1
1
1
1
1
1
1
1
1
1
1
1
1
1
1
1
1
1
1
1
1
1
1
1
1
1
1
1
1
1
1
1
1
4
3
3
3
3
3
3
3
3
3
3
3
3
3
3
3
3
3
3
3
3
3
3
3
0 1 5
0 51 8
1 2 2
1 3 5
1 3 6
2 3 3
2 3 4
2 52 8
3 3 1
4 56 8
4 51 8
5 57 8
5 6 2
5 7 6
6 65 8
6 69 8
6 7 4
6 59 8
6 63 8
7 8 2
7 9 3
8 9 5
8 10 4
8 12 6
9 16 3
9 15 3
10 11 3
10 12 2
11 62 8
12 13 3
13 14 4
14 17 3
14 18 2
15 16 6
15 58 8
16 19 2
16 17 4
17 18 5
17 19 6
18 72 8
18 61 8
18 71 8
19 60 8
20 64 8
20 66 8
20 67 8
20 68 8
20 70 8
20 59 8
20 63 8
21 24 6
21 64 8
21 22 4
22 24 2
22 23 5
23 26 4
23 28 6
24 25 4
25 29 3
25 30 3
26 27 4
26 28 2
27 32 2
27 31 6
28 69 8
29 34 4
29 58 8
29 30 6
29 33 6
30 62 8
31 32 4
31 68 8
32 35 2
32 38 5
33 57 8
33 34 2
33 34 2
33 58 8
33 39 4
34 57 8
34 58 8
34 39 2
35 36 5
35 38 3
36 37 5
37 40 3
37 41 2
38 70 8
39 65 8
39 57 8
40 41 5
40 66 8
41 67 8
42 43 3
42 60 8
42 71 8
43 44 2
43 45 4
43 46 6
44 45 2
44 46 4
44 61 8
45 72 8
45 46 2
46 54 8
47 48 3
47 49 6
47 50 8
47 53 8
48 49 3
48 55 8
49 73 8
50 53 0
52 56 0
55 73 0
59 64 0
59 65 0
59 69 0
59 63 0
60 71 0
61 72 0
61 71 0
63 65 0
63 66 0
63 67 0
63 68 0
63 69 0
63 70 0
65 69 0
66 67 0
66 68 0
66 70 0
67 68 0
67 70 0
68 70 0
71 72 0
