62 106
1
1
1
1
1
1
1
1
1
1
1
1
1
1
1
1
1
2
1
1
2
1
1
1
1
1
1
1
1
1
1
1
1
1
1
1
1
1
1
1
1
1
1
4
3
3
3
3
3
3
3
3
3
3
3
3
3
3
3
3
3
3
0 1 2
0 2 4
0 44 8
1 2 2
1 46 8
2 3 2
2 5 3
3 4 3
3 5 5
4 6 6
4 7 3
5 8 3
5 9 3
6 12 4
6 10 6
6 7 3
7 50 8
8 9 6
8 45 8
9 14 5
9 13 3
10 11 3
10 12 2
11 47 8
12 48 8
13 58 8
13 51 8
13 14 2
14 15 4
15 16 2
15 18 2
16 17 4
16 18 4
17 20 2
17 20 4
18 19 3
19 21 3
19 22 3
20 20 6
21 24 2
21 25 2
21 22 6
22 43 8
22 23 3
23 25 3
23 26 5
23 59 8
23 43 8
24 25 4
24 27 5
24 28 3
25 26 2
25 59 8
26 59 8
26 49 8
27 28 2
27 28 3
29 52 8
29 53 8
30 44 8
30 52 8
30 53 8
30 46 8
31 56 8
31 54 8
31 55 8
32 56 8
32 45 8
32 54 8
32 55 8
33 57 8
33 34 3
33 60 8
33 37 5
34 35 5
34 60 8
34 37 2
35 36 4
36 37 3
36 38 3
36 61 8
37 38 6
37 60 8
37 61 8
38 61 8
38 39 4
39 40 2
40 48 8
40 50 8
40 47 8
41 58 8
41 51 8
42 57 8
42 60 8
42 61 8
44 46 0
45 56 0
47 48 0
47 50 0
48 50 0
49 59 0
51 58 0
52 53 0
54 55 0
55 56 0
57 60 0
