47 74
1
1
1
1
1
1
1
1
1
1
1
1
1
1
1
1
1
1
1
1
1
1
1
1
1
1
1
1
1
1
1
1
1
4
3
3
3
3
3
3
3
3
3
3
3
3
3
0 40 8
0 1 2
0 2 6
0 34 8
0 41 8
1 2 4
1 35 8
2 3 4
2 5 6
3 4 4
3 5 2
4 39 8
5 6 4
5 7 2
6 37 8
6 7 6
7 8 4
8 9 4
8 10 2
9 10 6
9 36 8
10 11 2
10 13 3
11 12 5
11 13 5
12 13 4
12 14 2
13 14 6
14 38 8
15 16 4
15 40 8
15 18 6
16 17 3
16 18 2
17 41 8
18 19 3
18 21 3
19 20 5
19 21 6
20 22 4
20 23 2
21 22 3
22 23 6
23 39 8
24 42 8
24 35 8
24 37 8
25 26 2
25 43 8
25 28 6
26 27 3
26 28 4
27 29 2
27 30 5
28 46 8
29 44 8
29 30 3
30 45 8
31 33 8
31 43 8
31 45 8
31 46 8
32 36 8
32 44 8
32 38 8
33 43 0
33 45 0
34 40 0
34 41 0
34 42 0
35 37 0
36 38 0
40 41 0
43 45 0
