65 113
1
1
1
1
1
1
1
1
1
1
1
1
1
1
1
1
1
1
1
1
1
1
1
1
1
1
1
1
1
1
1
1
1
1
1
1
1
1
1
4
3
3
3
3
3
3
3
3
3
3
3
3
3
3
3
3
3
3
3
3
3
3
3
3
3
0 40 8
0 1 4
1 41 8
2 40 8
2 41 8
2 3 2
2 4 4
3 4 2
3 42 8
4 5 3
4 6 6
4 53 8
5 8 6
5 53 8
5 6 3
5 7 2
6 53 8
6 45 8
7 8 4
7 43 8
8 9 3
9 44 8
10 11 4
10 13 6
10 46 8
11 12 4
11 13 2
12 48 8
13 14 3
14 47 8
15 16 2
15 17 4
15 46 8
15 49 8
16 47 8
16 48 8
16 17 2
16 51 8
16 57 8
17 50 8
18 53 8
18 19 3
18 21 5
18 45 8
19 20 5
19 21 2
19 45 8
20 64 8
20 55 8
21 45 8
21 54 8
22 25 6
22 52 8
22 23 4
23 24 4
23 25 2
24 57 8
25 56 8
26 58 8
26 54 8
27 59 8
27 28 2
27 29 4
28 60 8
28 29 2
29 30 2
29 31 2
30 32 3
30 33 6
30 31 4
31 32 5
32 33 3
33 44 8
34 35 3
34 36 5
34 61 8
35 36 2
35 63 8
36 59 8
36 60 8
36 62 8
37 64 8
37 58 8
37 39 8
37 55 8
38 56 8
38 61 8
38 62 8
38 63 8
39 64 0
40 41 0
42 43 0
46 49 0
47 48 0
47 57 0
47 51 0
48 57 0
48 51 0
49 50 0
49 51 0
49 52 0
50 51 0
50 52 0
51 52 0
51 57 0
55 64 0
55 58 0
59 60 0
59 62 0
60 62 0
61 62 0
61 63 0
62 63 0
