46 84
1
1
1
1
1
1
1
1
1
1
1
1
1
1
1
1
1
1
1
1
1
1
1
1
1
1
4
3
3
3
3
3
3
3
3
3
3
3
3
3
3
3
3
3
3
3
0 1 3
0 27 8
1 2 3
1 26 8
2 26 8
2 3 2
2 5 6
3 4 3
3 5 4
4 6 3
4 7 5
5 43 8
5 29 8
6 40 8
6 28 8
6 7 2
7 8 2
7 9 4
8 9 6
8 30 8
9 31 8
10 32 8
10 11 3
10 12 5
11 12 2
11 13 3
11 14 5
12 33 8
12 38 8
12 39 8
13 34 8
13 37 8
13 14 2
14 35 8
14 45 8
15 16 3
15 32 8
16 41 8
16 42 8
16 44 8
16 17 2
16 20 4
17 41 8
17 42 8
17 44 8
17 18 5
17 20 2
18 19 4
19 36 8
20 37 8
20 41 8
20 42 8
20 44 8
21 27 8
21 38 8
21 39 8
22 40 8
22 33 8
22 28 8
23 41 8
23 42 8
23 34 8
24 43 8
24 29 8
24 31 8
25 35 8
25 45 8
25 30 8
27 38 0
28 40 0
29 43 0
30 45 0
31 43 0
33 40 0
33 38 0
33 39 0
34 41 0
34 37 0
35 45 0
36 44 0
38 39 0
41 42 0
41 44 0
42 44 0
