45 74
1
1
1
1
1
1
1
1
1
1
1
1
1
1
1
1
1
1
1
1
1
1
1
1
1
1
1
1
4
3
3
3
3
3
3
3
3
3
3
3
3
3
3
3
3
0 1 3
0 2 5
0 29 8
1 33 8
1 2 2
2 3 3
2 4 3
3 4 6
3 30 8
4 5 3
5 6 3
5 7 6
6 32 8
6 7 3
7 31 8
8 9 2
8 10 5
8 34 8
9 10 3
9 35 8
9 42 8
10 36 8
11 41 8
11 12 4
11 37 8
11 14 2
12 13 4
12 14 2
13 14 5
13 15 2
14 15 3
15 16 3
16 32 8
16 31 8
17 18 3
17 19 6
17 29 8
17 38 8
18 19 3
18 44 8
18 39 8
19 30 8
19 33 8
20 40 8
20 36 8
20 34 8
20 43 8
20 28 8
21 35 8
21 22 2
21 23 5
22 24 4
22 25 2
22 23 3
23 42 8
24 25 2
24 41 8
25 37 8
26 40 8
26 43 8
27 44 8
27 38 8
27 39 8
28 40 0
28 43 0
29 38 0
30 33 0
31 32 0
34 36 0
35 42 0
37 41 0
38 39 0
39 44 0
40 43 0
