68 127
1
1
1
1
1
1
1
1
1
1
1
1
1
1
1
1
1
1
1
1
1
1
1
1
1
1
1
1
1
1
1
1
1
1
1
1
1
2
1
1
1
2
1
1
1
1
1
1
1
4
3
3
3
3
3
3
3
3
3
3
3
3
3
3
3
3
3
3
0 1 3
0 50 8
0 5 5
0 61 8
1 2 5
1 5 2
2 3 3
3 49 8
3 4 3
4 51 8
4 49 8
5 6 2
5 7 3
6 53 8
6 7 5
7 8 4
8 9 4
8 10 6
9 10 2
9 54 8
10 52 8
11 12 3
11 55 8
12 13 3
12 14 6
13 16 4
13 60 8
13 14 3
13 15 2
14 17 4
14 18 6
15 16 2
15 60 8
15 19 5
15 20 2
16 17 5
16 60 8
17 18 2
18 66 8
18 57 8
19 23 3
19 20 3
19 22 5
20 21 3
21 24 6
21 25 3
22 23 3
22 23 2
24 56 8
24 25 3
25 26 4
25 27 6
26 27 2
26 59 8
27 58 8
28 56 8
28 58 8
28 59 8
28 60 8
28 55 8
29 32 3
29 50 8
29 51 8
29 52 8
29 53 8
29 54 8
29 61 8
29 30 5
30 32 2
30 50 8
30 31 5
31 32 6
31 33 3
32 33 3
32 50 8
33 62 8
34 35 3
34 62 8
35 36 6
35 38 3
36 37 5
36 38 3
37 38 5
37 39 3
38 39 2
39 65 8
39 63 8
40 64 8
40 41 2
40 41 4
40 42 3
40 67 8
41 41 6
41 42 5
41 42 1
42 65 8
43 64 8
43 44 2
43 45 5
44 45 3
44 46 2
44 47 5
45 67 8
46 66 8
46 47 3
47 48 4
48 57 8
50 61 0
51 61 0
51 52 0
51 53 0
51 54 0
52 61 0
52 53 0
52 54 0
53 61 0
53 54 0
54 61 0
55 56 0
55 59 0
55 58 0
56 58 0
56 59 0
57 66 0
58 59 0
63 65 0
64 67 0
