66 116
1
1
2
1
1
1
1
1
1
1
1
1
1
1
1
1
1
1
1
1
1
1
1
1
1
1
1
1
1
1
1
1
1
1
1
1
1
1
1
4
3
3
3
3
3
3
3
3
3
3
3
3
3
3
3
3
3
3
3
3
3
3
3
3
3
3
0 40 8
0 41 8
0 44 8
0 45 8
0 47 8
0 54 8
1 42 8
1 43 8
2 44 8
2 3 2
2 4 4
2 5 6
3 40 8
3 4 2
3 5 4
4 5 2
4 6 3
4 7 6
5 8 4
5 7 2
6 9 3
6 11 5
6 41 8
6 7 3
7 8 2
8 45 8
9 41 8
9 10 4
9 11 2
10 47 8
11 46 8
11 41 8
12 48 8
12 42 8
12 43 8
12 13 3
13 49 8
13 53 8
14 17 6
14 50 8
14 15 4
15 16 3
15 17 2
16 52 8
17 51 8
18 48 8
18 19 4
18 21 6
19 20 5
19 21 2
20 53 8
21 49 8
22 54 8
22 23 5
23 55 8
24 56 8
24 25 2
25 57 8
25 55 8
26 58 8
26 27 4
26 28 6
27 60 8
27 28 2
27 61 8
27 62 8
28 59 8
29 52 8
29 30 4
30 59 8
31 32 4
31 33 6
31 61 8
32 33 2
32 62 8
33 58 8
33 60 8
34 64 8
34 65 8
34 63 8
34 39 8
35 36 2
35 37 4
35 46 8
35 63 8
36 65 8
36 37 2
37 64 8
38 56 8
38 57 8
38 50 8
38 51 8
39 63 0
41 44 0
41 45 0
41 47 0
41 54 0
42 48 0
42 43 0
43 48 0
44 45 0
44 47 0
44 54 0
45 47 0
45 54 0
46 63 0
47 54 0
49 53 0
50 51 0
55 57 0
56 57 0
58 60 0
60 61 0
60 62 0
61 62 0
64 65 0
