73 133
1
1
1
1
1
1
1
1
1
1
1
1
1
1
1
1
1
1
1
1
1
1
1
1
1
1
1
1
1
1
1
1
1
1
1
4
3
3
3
3
3
3
3
3
3
3
3
3
3
3
3
3
3
3
3
3
3
3
3
3
3
3
3
3
3
3
3
3
3
3
3
3
3
0 35 8
0 36 8
0 37 8
1 38 8
1 39 8
2 40 8
2 41 8
3 36 8
3 37 8
3 38 8
3 39 8
3 42 8
3 46 8
4 43 8
4 44 8
5 42 8
5 45 8
5 6 4
5 47 8
6 46 8
7 8 4
7 9 6
7 45 8
8 48 8
8 9 2
9 47 8
10 49 8
10 50 8
11 40 8
11 41 8
11 51 8
11 12 4
12 52 8
13 43 8
13 44 8
13 14 4
13 15 6
14 54 8
14 15 2
15 53 8
16 17 2
16 18 3
16 55 8
17 57 8
17 18 5
18 19 3
19 56 8
20 58 8
20 54 8
20 21 3
20 22 6
20 53 8
21 60 8
21 22 3
22 59 8
23 51 8
23 52 8
23 61 8
23 62 8
24 25 3
24 58 8
24 59 8
24 60 8
25 61 8
25 62 8
26 56 8
26 57 8
26 63 8
26 64 8
26 55 8
27 49 8
27 50 8
28 65 8
28 66 8
29 48 8
29 65 8
29 66 8
29 67 8
29 69 8
30 72 8
30 67 8
30 68 8
31 32 2
31 33 4
31 69 8
32 33 6
32 70 8
33 71 8
34 72 8
34 68 8
34 70 8
34 71 8
35 36 0
36 38 0
36 39 0
37 42 0
37 46 0
38 39 0
40 41 0
40 51 0
41 51 0
42 45 0
42 46 0
42 47 0
43 44 0
45 47 0
48 65 0
48 66 0
48 69 0
51 52 0
51 62 0
52 62 0
53 58 0
53 54 0
54 58 0
55 56 0
55 64 0
55 57 0
56 64 0
56 57 0
57 64 0
58 59 0
58 60 0
59 60 0
61 62 0
63 64 0
65 66 0
65 69 0
66 69 0
68 72 0
70 72 0
70 71 0
71 72 0
