54 85
1
1
1
1
1
1
1
1
1
1
1
1
1
1
1
1
1
1
1
2
1
1
1
1
1
1
1
1
1
1
1
1
4
3
3
3
3
3
3
3
3
3
3
3
3
3
3
3
3
3
3
3
3
3
0 33 8
0 34 8
1 35 8
1 2 4
1 3 6
2 3 2
2 37 8
3 4 4
4 36 8
5 33 8
5 34 8
5 6 3
5 7 6
6 38 8
6 7 3
7 39 8
8 40 8
8 9 3
8 10 5
8 35 8
9 10 2
9 42 8
10 41 8
11 41 8
11 12 2
11 13 6
12 40 8
12 42 8
12 13 4
13 16 6
13 14 4
14 16 2
14 15 4
15 36 8
15 37 8
16 49 8
16 43 8
17 18 5
17 44 8
17 39 8
18 19 5
19 50 8
19 45 8
20 46 8
20 21 2
20 22 3
21 22 5
21 47 8
22 23 3
23 48 8
24 25 3
24 27 5
24 49 8
25 26 4
25 27 2
26 43 8
27 28 4
28 46 8
28 47 8
29 32 8
29 50 8
29 44 8
29 45 8
30 51 8
30 52 8
30 53 8
30 38 8
31 48 8
31 51 8
31 52 8
31 53 8
32 45 0
33 34 0
35 40 0
36 37 0
38 51 0
39 44 0
40 42 0
43 49 0
44 50 0
45 50 0
46 47 0
48 53 0
51 52 0
52 53 0
