38 71
1
1
1
1
1
1
1
1
1
1
1
1
1
1
1
1
1
1
1
1
1
4
3
3
3
3
3
3
3
3
3
3
3
3
3
3
3
3
0 1 3
0 22 8
1 2 2
1 3 5
2 3 3
2 23 8
3 4 3
3 6 6
3 28 8
4 28 8
4 5 3
4 6 3
5 25 8
6 24 8
6 28 8
6 29 8
6 30 8
7 26 8
7 27 8
8 9 2
8 10 4
8 28 8
9 24 8
9 10 2
10 11 2
10 12 3
11 12 5
11 30 8
12 21 8
12 29 8
13 31 8
13 14 4
13 15 6
14 33 8
14 15 2
15 32 8
15 34 8
16 17 2
16 18 5
16 34 8
16 22 8
17 32 8
17 18 3
17 31 8
18 25 8
18 23 8
19 33 8
19 35 8
19 36 8
19 37 8
19 26 8
19 27 8
20 35 8
20 36 8
20 37 8
21 29 0
22 34 0
23 25 0
24 29 0
24 30 0
26 33 0
26 27 0
26 35 0
27 33 0
27 35 0
29 30 0
31 32 0
32 34 0
33 35 0
35 36 0
36 37 0
