43 75
1
1
1
1
1
1
1
1
1
1
1
1
1
1
1
1
1
1
1
1
1
1
4
3
3
3
3
3
3
3
3
3
3
3
3
3
3
3
3
3
3
3
3
0 24 8
0 26 8
0 23 8
1 32 8
1 25 8
1 24 8
1 31 8
2 26 8
2 27 8
2 30 8
2 23 8
3 28 8
3 29 8
4 27 8
4 30 8
5 31 8
5 22 8
5 6 2
5 7 4
6 32 8
6 7 2
7 8 4
8 25 8
9 33 8
9 10 3
9 11 6
10 34 8
10 11 3
11 35 8
11 41 8
12 36 8
12 29 8
12 28 8
12 13 3
12 15 6
13 14 4
13 15 3
14 37 8
15 42 8
15 38 8
16 17 4
16 18 6
16 39 8
17 40 8
17 18 2
18 34 8
18 33 8
19 41 8
19 20 3
20 35 8
21 36 8
21 37 8
21 38 8
21 39 8
21 40 8
21 42 8
22 31 0
23 26 0
24 26 0
25 32 0
25 31 0
27 30 0
28 36 0
28 29 0
29 36 0
31 32 0
33 34 0
35 41 0
36 37 0
36 38 0
37 38 0
38 42 0
39 40 0
39 42 0
40 42 0
