36 89
1
1
1
1
1
1
1
1
1
1
1
2
1
1
1
1
1
4
3
3
3
3
3
3
3
3
3
3
3
3
3
3
3
3
3
3
0 18 8
0 19 8
0 20 8
1 18 8
1 19 8
1 20 8
1 21 8
2 17 8
2 3 2
2 5 5
2 21 8
3 17 8
3 4 3
3 5 3
4 22 8
5 17 8
5 23 8
6 8 6
6 24 8
6 7 3
7 8 3
7 9 3
7 10 6
8 25 8
9 10 3
9 27 8
9 28 8
9 29 8
9 30 8
9 31 8
10 26 8
11 28 8
11 29 8
12 32 8
12 13 3
12 14 5
13 35 8
13 14 2
14 16 4
14 15 2
15 16 6
15 33 8
16 34 8
16 23 8
16 22 8
18 19 0
18 20 0
20 21 0
22 34 0
22 23 0
23 34 0
24 32 0
24 33 0
24 34 0
24 35 0
24 25 0
24 26 0
24 27 0
25 32 0
25 33 0
25 34 0
25 35 0
25 26 0
25 27 0
26 32 0
26 33 0
26 34 0
26 35 0
26 27 0
27 32 0
27 33 0
27 34 0
27 35 0
27 28 0
27 29 0
27 30 0
27 31 0
28 29 0
28 30 0
28 31 0
29 30 0
29 31 0
30 31 0
32 33 0
32 34 0
32 35 0
33 34 0
33 35 0
34 35 0
