36 64
1
1
1
1
1
1
1
1
1
1
1
1
1
1
1
1
1
4
3
3
3
3
3
3
3
3
3
3
3
3
3
3
3
3
3
3
0 18 8
0 19 8
1 18 8
1 19 8
1 20 8
1 21 8
2 30 8
2 29 8
2 22 8
2 23 8
3 24 8
3 17 8
3 4 3
3 5 6
4 25 8
4 5 3
5 26 8
6 8 6
6 23 8
6 22 8
6 7 4
7 8 2
7 28 8
8 31 8
8 27 8
9 10 3
9 29 8
10 30 8
11 12 4
11 13 6
11 31 8
12 27 8
12 28 8
12 13 2
13 32 8
14 33 8
14 34 8
14 35 8
14 20 8
15 24 8
15 25 8
15 26 8
15 21 8
16 32 8
16 33 8
16 34 8
16 35 8
17 24 0
18 19 0
18 20 0
19 20 0
20 33 0
22 30 0
22 29 0
22 23 0
24 25 0
24 26 0
25 26 0
27 28 0
27 31 0
29 30 0
32 35 0
33 34 0
34 35 0
