31 76
1
1
1
1
2
1
1
1
1
1
1
1
1
1
1
1
1
1
2
1
1
1
1
2
1
1
1
1
1
1
4
0 1 2
0 2 4
0 30 8
1 2 2
2 3 2
2 4 6
3 4 6
3 4 4
3 5 3
4 5 3
5 6 3
5 7 5
6 7 2
6 8 6
6 10 4
6 11 3
6 12 2
7 13 2
7 14 4
8 9 3
8 10 2
8 11 3
8 12 4
9 16 4
9 17 3
9 15 6
10 11 1
10 11 1
10 12 2
10 18 1
10 19 4
10 20 5
10 21 6
11 12 1
11 18 2
11 19 5
11 20 6
11 21 7
12 20 4
12 21 2
12 22 3
12 23 5
13 14 2
14 24 2
14 25 4
15 16 2
15 16 7
15 17 3
15 17 5
16 17 1
16 17 2
18 19 2
18 19 3
18 20 4
18 21 5
18 22 3
18 23 2
19 20 1
19 21 2
19 22 1
19 23 4
20 21 2
20 21 1
20 22 1
20 23 1
21 22 1
21 23 3
22 23 5
22 23 2
24 25 2
25 26 4
25 27 6
26 27 2
26 28 4
26 29 6
28 29 2
