90 185
1
1
1
2
1
1
1
1
2
2
1
1
1
1
1
1
1
1
1
1
1
1
1
1
2
1
1
1
1
1
1
1
1
1
1
1
1
1
1
2
1
1
1
1
1
1
1
1
1
1
1
1
1
1
1
2
2
1
1
1
1
1
1
1
1
1
1
1
1
1
2
1
1
1
1
1
2
1
1
1
1
1
1
2
1
1
1
1
1
4
0 1 5
0 2 2
1 2 3
1 3 5
1 3 3
2 4 2
2 5 6
3 3 2
4 5 4
4 6 6
4 7 2
5 8 3
5 8 5
6 9 5
6 9 3
6 7 4
7 12 6
7 10 2
7 11 5
8 8 2
9 9 2
10 11 3
10 12 4
10 13 4
10 14 2
11 12 1
11 12 2
13 17 4
13 14 2
13 15 2
14 18 5
14 19 4
14 20 2
15 16 4
15 17 2
16 21 3
16 22 5
17 18 4
17 23 2
18 19 1
18 20 3
18 23 2
19 20 2
19 20 1
19 23 4
20 23 3
21 24 5
21 24 3
21 22 2
22 25 3
22 26 6
24 24 2
25 26 3
26 27 2
26 28 3
27 28 5
27 29 4
27 31 6
28 32 2
28 33 4
29 30 5
29 31 2
30 34 2
30 35 4
30 36 3
31 32 2
31 37 4
32 33 2
32 37 6
33 38 2
33 39 2
33 39 4
34 35 2
34 35 1
34 36 5
34 36 3
35 36 7
35 36 2
37 40 3
37 41 2
38 42 3
38 43 2
38 39 4
38 39 6
39 39 2
40 41 5
40 44 2
40 45 2
41 46 2
41 47 4
42 48 5
42 49 3
42 43 5
43 50 3
43 51 5
44 52 6
44 53 4
44 45 4
45 54 2
45 55 3
46 56 2
46 56 4
46 57 6
46 47 2
47 89 8
48 49 2
48 49 6
48 58 2
49 58 4
50 59 5
50 51 2
50 51 2
51 59 3
52 60 3
52 53 2
52 53 6
53 60 3
54 61 4
54 55 5
54 55 2
55 61 6
56 56 2
56 57 4
56 57 2
57 62 2
57 63 4
59 64 2
59 65 4
61 66 4
61 67 2
62 68 3
62 69 6
62 63 2
63 70 2
63 70 4
64 72 5
64 65 2
64 65 2
64 71 4
65 72 3
65 71 2
66 75 2
66 73 4
66 74 3
66 67 6
68 76 3
68 76 5
68 69 3
69 77 3
69 78 6
70 70 6
71 72 1
71 72 1
71 80 4
71 79 2
72 80 3
72 79 3
73 81 4
73 75 1
73 75 6
73 74 1
74 81 6
74 82 3
74 75 5
75 81 5
76 76 2
77 83 3
77 83 5
77 78 3
78 84 2
78 85 3
78 86 4
79 80 6
79 80 2
81 82 3
83 83 2
84 88 2
84 86 6
84 85 5
84 87 4
85 88 5
85 86 1
85 86 2
86 88 3
87 88 6
