36 66
1
1
1
1
1
1
1
1
1
1
1
1
1
1
1
2
1
1
1
1
1
1
1
1
2
2
1
1
1
1
1
1
1
1
2
4
0 1 6
0 2 2
1 2 4
1 3 4
1 4 2
2 5 5
2 6 2
3 4 2
3 4 2
3 7 5
4 7 3
5 6 3
6 8 2
6 9 5
8 9 3
8 10 3
8 11 4
9 12 2
9 13 5
10 11 1
11 14 3
11 15 5
11 15 6
12 13 3
13 16 2
13 17 5
14 15 2
14 15 3
15 15 1
16 17 3
17 18 2
17 19 4
18 19 6
18 20 3
18 21 2
19 22 3
19 23 3
20 24 5
20 24 3
20 21 5
21 25 3
21 25 5
21 26 2
21 29 2
22 27 3
22 28 3
22 23 6
23 35 8
24 24 2
25 25 2
25 26 5
25 26 7
25 29 5
25 29 7
26 29 0
26 29 0
26 30 4
27 32 5
27 28 6
27 31 3
29 30 4
30 33 2
31 32 2
33 34 3
33 34 5
34 34 2
