52 122
1
1
1
1
1
1
1
1
1
1
1
1
1
1
1
1
1
2
1
1
1
1
1
2
1
1
1
2
1
1
1
1
1
1
1
1
4
3
3
3
3
3
3
3
3
3
3
3
3
3
3
3
0 1 3
0 2 5
0 37 8
1 2 2
1 38 8
2 3 2
2 4 4
3 47 8
3 4 2
3 46 8
3 39 8
4 5 4
4 6 6
5 41 8
5 6 2
6 8 3
6 7 2
7 8 5
7 9 2
7 10 4
8 40 8
8 36 8
9 10 2
9 48 8
9 49 8
9 50 8
9 51 8
9 42 8
10 11 2
10 12 4
11 12 2
11 13 3
11 14 5
12 43 8
13 16 4
13 14 2
13 15 2
14 17 3
14 17 3
15 16 2
15 44 8
16 45 8
17 17 6
18 37 8
18 38 8
18 39 8
18 40 8
18 19 5
18 20 2
19 20 3
19 46 8
20 21 4
20 22 6
21 24 2
21 42 8
21 22 2
21 23 6
21 23 4
22 41 8
22 47 8
23 24 4
23 24 2
23 42 8
23 42 8
23 23 2
24 42 8
24 25 2
24 26 3
24 27 5
24 27 6
25 26 1
25 26 1
25 27 3
25 27 4
25 28 2
26 27 2
26 27 3
26 28 3
27 27 1
28 29 6
28 30 4
28 31 2
29 48 8
29 30 2
29 31 4
30 32 3
30 31 2
30 31 2
31 32 5
32 33 5
32 34 4
32 35 2
33 34 6
33 34 1
33 35 5
33 35 3
34 35 1
34 35 2
36 40 0
37 40 0
37 38 0
37 39 0
38 40 0
38 39 0
39 40 0
39 46 0
39 47 0
41 47 0
42 48 0
42 49 0
42 50 0
42 51 0
43 44 0
43 45 0
44 45 0
46 47 0
48 49 0
48 50 0
48 51 0
49 51 0
49 50 0
50 51 0
