33 70
1
1
1
2
2
1
1
1
1
1
1
1
1
1
1
1
1
1
1
1
1
1
1
1
1
1
2
2
2
1
1
1
4
0 1 2
0 2 4
1 2 2
1 3 4
1 3 2
2 4 2
2 4 4
2 5 6
3 3 2
4 4 2
4 5 4
4 5 2
5 6 3
5 7 6
6 7 3
7 8 2
7 9 3
8 9 5
9 10 3
9 11 6
10 11 3
10 12 6
10 13 4
11 14 2
11 15 4
12 13 2
12 16 4
12 17 2
12 18 1
12 19 5
13 20 6
13 21 3
14 15 2
14 22 3
14 23 3
15 32 8
16 17 2
16 18 5
16 19 1
16 19 1
16 24 2
16 25 3
17 18 3
17 19 3
18 19 6
18 25 2
19 24 3
19 25 2
20 26 4
20 26 2
20 21 3
21 27 4
21 27 2
22 23 6
24 25 5
24 28 3
24 28 5
24 29 2
24 30 2
26 26 2
27 27 2
28 28 2
28 29 5
28 29 7
28 30 5
28 30 7
29 30 0
29 30 0
29 31 4
30 31 4
