38 65
1
1
1
1
1
1
1
1
1
2
1
2
2
1
1
1
1
2
1
1
1
1
1
1
2
2
1
1
1
1
1
1
2
1
1
1
1
4
0 1 4
0 2 6
0 37 8
1 2 2
1 3 3
1 4 5
3 4 2
3 5 6
3 6 3
5 8 2
5 6 3
5 7 2
6 9 3
6 9 5
7 8 4
7 10 6
7 11 4
7 11 2
8 12 2
8 12 4
9 9 2
10 11 2
10 11 4
10 13 4
10 14 2
11 11 2
12 12 6
13 16 4
13 14 6
13 15 6
15 16 2
15 17 4
15 17 2
16 18 6
16 19 3
17 17 6
18 19 3
19 20 4
19 21 6
20 24 6
20 21 2
20 22 3
21 25 2
21 25 4
22 24 3
22 23 5
23 26 5
23 27 3
24 28 6
24 29 3
25 25 6
26 27 2
26 30 2
26 31 2
27 32 4
27 32 2
28 29 3
30 33 4
30 34 2
30 31 4
32 32 2
33 34 2
34 35 5
34 36 3
35 36 2
