47 102
1
1
1
1
1
1
2
1
1
1
1
1
1
1
1
1
1
1
1
1
2
1
2
1
1
2
1
1
1
1
2
1
1
2
4
3
3
3
3
3
3
3
3
3
3
3
3
0 1 2
0 2 5
0 3 6
0 34 8
0 35 8
1 2 3
1 3 4
1 4 2
1 5 4
2 3 1
2 3 2
4 5 2
4 6 6
4 6 4
5 8 5
5 9 6
5 7 2
6 6 2
7 8 3
7 9 4
7 10 4
7 11 2
8 9 1
8 9 2
10 11 2
10 12 5
10 13 4
10 14 2
11 40 8
12 13 6
12 13 1
12 14 5
12 14 3
13 14 1
13 14 2
15 16 3
15 17 2
15 43 8
15 36 8
15 37 8
16 17 5
16 18 2
16 19 6
17 44 8
18 19 4
18 46 8
19 20 2
19 20 4
19 21 2
20 20 6
20 21 4
20 21 2
21 22 2
21 22 4
21 23 6
22 22 2
22 23 4
22 23 2
23 24 5
24 25 3
24 25 5
24 26 2
24 27 2
25 25 2
25 26 5
25 26 7
25 27 5
25 27 7
26 27 0
26 27 0
26 28 4
27 28 4
28 29 4
28 30 2
29 30 6
29 30 4
29 31 2
30 31 6
31 32 4
32 33 6
32 33 4
32 42 8
33 33 2
33 42 8
33 42 8
34 35 0
35 38 0
35 39 0
35 40 0
35 41 0
36 43 0
36 37 0
37 43 0
38 40 0
38 41 0
38 39 0
39 40 0
39 41 0
40 41 0
41 45 0
42 46 0
43 44 0
