25 62
1
1
1
1
2
1
2
1
2
1
1
2
1
1
1
1
2
1
1
1
1
1
1
1
4
0 24 8
0 1 3
0 2 5
0 3 7
1 2 2
1 3 4
1 4 5
1 5 1
2 3 2
2 3 1
2 6 2
2 6 3
3 6 3
3 6 4
4 5 4
4 5 1
4 7 3
5 7 4
6 6 1
7 8 6
7 8 4
7 9 2
8 8 2
8 9 4
8 9 2
9 10 2
9 11 4
9 11 6
10 11 2
10 11 4
10 12 2
10 13 4
11 11 2
12 13 2
13 14 2
13 15 6
14 15 4
15 16 2
15 16 4
15 17 2
16 16 6
16 17 4
16 17 2
17 18 1
17 19 2
17 20 4
17 21 5
18 19 3
18 20 5
18 21 6
18 22 1
18 23 5
19 20 2
19 21 3
20 21 1
20 21 2
20 22 3
20 23 5
21 22 1
21 23 3
22 23 6
22 23 2
