56 115
1
1
1
1
1
1
1
1
1
1
1
1
2
1
1
2
1
1
1
1
1
1
1
1
1
1
2
1
2
1
2
1
1
1
1
1
2
1
1
1
1
2
1
1
1
1
1
1
1
1
1
1
1
1
1
4
0 1 2
0 2 5
1 2 3
1 3 5
1 4 2
2 8 6
2 5 2
2 7 5
3 9 2
3 10 2
3 11 5
3 4 3
4 12 3
4 12 5
5 8 4
5 6 3
5 7 3
6 14 2
6 13 6
7 8 1
7 8 2
9 16 1
9 11 3
9 10 4
9 15 5
10 11 2
10 11 7
12 12 2
13 17 4
13 18 2
13 14 4
14 19 2
14 20 5
15 16 4
15 16 1
15 21 3
16 21 4
17 18 2
17 22 2
17 21 5
18 24 4
18 25 2
18 23 5
19 26 5
19 26 3
19 20 3
20 27 4
20 28 6
21 22 3
23 24 6
23 24 1
23 25 5
23 25 3
24 25 1
24 25 2
26 26 2
27 28 2
27 28 5
27 29 3
28 29 2
29 32 7
29 30 3
29 30 5
29 31 7
30 32 4
30 32 2
30 30 2
30 31 4
30 31 2
31 32 0
31 32 0
31 33 3
32 33 3
33 34 3
33 35 5
34 35 2
34 36 3
34 36 5
35 37 2
35 38 4
36 36 2
37 40 2
37 38 6
37 39 4
38 41 3
38 41 5
39 40 2
39 42 3
39 43 5
41 41 2
42 43 2
42 43 2
42 44 3
43 44 5
44 45 3
44 46 2
44 47 2
45 46 1
45 46 6
45 47 5
46 47 4
47 48 3
47 49 2
47 50 5
48 49 5
48 50 2
48 50 2
48 51 2
49 50 7
49 52 4
50 51 4
51 53 4
51 54 2
52 55 8
53 54 2
