83 170
1
1
1
1
1
1
1
1
1
1
1
1
1
1
1
1
1
1
1
1
1
1
1
1
2
1
1
1
1
1
1
1
1
1
1
1
1
1
1
1
2
2
1
1
1
2
1
2
2
1
1
1
2
1
1
2
1
1
1
1
1
1
1
1
1
1
1
2
1
1
1
1
2
1
1
1
1
1
1
1
1
1
4
0 1 2
0 2 5
1 2 3
1 3 6
1 4 4
1 5 2
2 6 2
2 7 3
3 4 2
3 5 4
4 8 5
4 9 3
4 5 2
5 11 4
5 10 2
6 12 3
6 13 6
6 7 5
7 16 5
7 15 3
8 9 2
9 17 6
9 18 4
10 11 2
11 19 2
11 20 5
11 21 6
12 13 3
12 22 2
12 23 4
13 14 4
14 24 3
14 25 6
15 16 2
15 26 4
15 27 6
16 28 2
16 29 2
17 18 2
19 20 3
19 21 4
20 21 2
20 21 1
20 30 2
20 31 5
21 30 4
21 31 3
22 23 2
23 32 2
23 33 4
24 25 3
24 34 3
24 35 3
25 34 2
25 36 4
26 27 2
26 37 2
26 38 5
27 40 3
27 40 3
28 82 8
28 29 4
29 41 2
29 41 4
29 42 6
30 31 7
30 31 2
32 33 2
33 43 3
33 44 6
34 35 6
34 36 2
35 45 3
35 46 6
37 38 3
37 47 5
37 47 3
38 39 3
39 48 1
39 48 5
39 49 3
40 40 6
41 41 2
41 42 4
41 42 2
42 50 3
42 51 3
43 44 3
43 53 3
43 52 1
43 52 5
45 54 2
45 46 3
45 46 2
46 54 4
47 47 2
48 48 6
48 49 4
48 49 2
49 56 2
49 55 5
50 57 3
50 58 4
50 59 6
50 51 6
52 52 6
52 53 4
52 53 2
53 60 2
53 61 5
53 62 6
54 64 4
54 63 2
55 56 3
55 56 2
55 65 2
56 65 4
57 59 3
57 59 3
57 66 2
57 58 1
57 58 2
58 59 2
58 59 1
58 66 4
59 66 5
60 67 5
60 68 1
60 62 4
60 61 3
61 62 2
61 62 1
63 64 6
64 71 3
64 70 3
64 69 2
65 72 5
65 73 2
67 74 2
67 68 1
67 68 4
68 74 3
69 75 2
69 76 3
69 70 5
69 71 1
69 71 1
70 71 6
70 77 4
70 78 2
71 75 3
71 76 2
72 73 2
72 73 3
72 75 2
73 75 4
74 80 4
74 81 5
74 79 2
75 76 5
76 77 4
76 78 2
77 78 2
77 78 6
79 80 2
79 80 1
79 81 3
79 81 5
80 81 1
80 81 6
