57 116
1
1
1
1
1
1
1
1
1
1
1
2
1
1
1
1
1
1
1
1
1
1
1
2
1
2
1
1
1
1
1
1
1
1
1
1
1
1
1
1
1
1
1
1
1
1
2
2
1
1
1
1
1
2
1
1
4
0 1 3
0 2 5
1 2 2
1 3 3
1 4 5
2 56 8
3 4 2
3 5 6
3 6 3
4 8 4
4 7 2
5 6 3
6 9 5
6 10 3
7 8 2
7 11 6
7 11 4
8 12 2
8 13 5
8 14 6
9 10 2
10 16 3
10 15 5
11 11 2
12 13 3
12 14 4
12 17 2
12 18 3
12 19 5
13 14 2
13 14 1
15 16 2
16 20 4
16 21 2
17 18 1
17 18 6
17 19 3
17 19 5
18 19 2
18 19 1
20 21 2
20 22 5
20 23 3
21 24 3
21 25 5
22 26 5
22 23 3
22 23 2
23 26 2
24 25 5
24 25 2
24 27 3
25 27 2
26 30 5
26 28 3
26 29 2
27 32 6
27 31 3
28 33 5
28 29 5
28 30 2
29 30 2
29 30 7
31 32 3
31 34 1
31 35 2
31 36 5
32 37 4
32 38 6
33 40 3
33 41 2
33 39 4
34 35 3
34 36 6
34 36 1
34 37 4
35 36 3
36 37 5
37 38 2
38 42 2
38 43 3
39 40 1
39 41 6
39 41 1
40 41 5
40 44 5
40 45 3
42 43 5
42 46 3
42 46 3
43 47 3
43 47 5
44 48 4
44 50 5
44 45 2
44 49 2
46 46 6
47 47 2
48 49 2
48 50 1
48 50 1
48 51 2
48 52 4
49 50 3
49 53 5
49 53 3
50 51 3
50 52 3
51 52 6
51 54 4
51 55 3
52 54 1
52 55 3
53 53 2
54 55 2
54 55 1
