36 68
1
1
1
1
1
1
1
1
1
1
1
1
1
1
1
1
1
1
1
1
1
1
1
1
1
2
1
2
1
1
1
1
1
1
1
4
0 1 3
0 2 5
0 35 8
1 2 2
1 3 6
1 4 3
2 5 2
2 6 3
2 7 5
3 4 3
4 8 5
4 9 3
5 6 1
5 6 6
5 7 3
5 7 5
6 7 2
6 7 1
8 9 2
9 10 5
9 11 2
10 11 3
10 12 3
10 13 2
10 14 5
11 16 4
11 15 2
12 17 5
12 18 3
12 14 2
12 13 5
13 14 2
13 14 7
15 16 2
15 19 2
15 20 4
16 21 2
16 22 5
17 24 3
17 18 2
17 23 5
18 25 5
18 25 3
19 26 4
19 20 6
19 20 2
20 26 2
21 27 6
21 27 4
21 22 3
22 28 3
22 29 2
22 30 3
23 32 5
23 24 2
23 31 2
25 25 2
27 27 2
28 30 6
28 30 1
28 29 5
28 29 3
29 30 1
29 30 2
31 32 3
31 33 6
31 34 4
33 34 2
