44 93
1
1
1
1
1
1
1
1
1
1
2
1
1
1
1
1
1
1
1
1
1
1
1
1
1
1
1
1
1
1
1
1
1
1
1
1
1
1
1
1
1
1
1
4
0 1 2
0 3 5
1 2 3
1 3 3
2 4 2
2 5 4
3 6 3
3 7 6
4 5 2
5 8 4
5 9 2
6 10 3
6 10 5
6 7 3
7 11 2
7 12 4
7 13 3
8 9 6
8 14 3
8 15 6
10 10 2
11 43 8
11 12 1
11 12 2
11 13 3
11 13 5
12 43 8
12 13 2
12 13 7
13 43 8
14 15 3
15 16 4
15 17 6
16 17 2
16 18 3
16 19 5
18 19 2
18 20 4
18 21 2
19 21 2
19 22 6
20 21 2
21 22 4
22 24 5
22 23 2
23 24 3
24 25 2
24 26 3
25 26 5
26 27 3
26 28 3
27 32 5
27 28 6
27 29 1
27 30 2
27 31 4
28 33 5
28 29 4
29 32 6
29 33 1
29 30 3
29 31 5
30 32 3
30 34 2
30 35 3
30 36 5
30 37 6
30 31 2
31 32 2
31 32 1
31 33 3
31 38 2
32 33 1
32 38 4
33 38 5
34 35 6
34 35 1
34 36 3
34 37 4
35 36 2
35 37 3
36 37 6
36 37 1
38 39 5
39 40 2
39 41 3
39 42 5
40 41 2
40 41 1
40 42 3
40 42 3
41 42 1
41 42 2
