44 96
1
1
1
1
1
1
1
1
1
1
1
2
1
1
1
1
1
1
1
1
1
1
1
1
1
1
1
2
1
1
1
1
1
2
1
1
2
1
1
1
1
1
1
4
0 1 1
1 2 4
2 3 4
2 4 6
3 4 2
3 6 2
3 7 4
4 5 3
5 8 3
5 9 6
6 10 3
6 7 2
6 7 6
7 10 3
8 9 3
8 11 3
8 11 5
9 12 3
9 13 5
10 14 2
10 15 3
10 16 5
10 17 6
11 11 2
12 18 3
12 13 2
12 13 2
13 18 5
14 16 3
14 17 4
14 15 6
14 15 1
15 16 2
15 17 3
16 17 6
16 17 1
16 19 4
17 19 2
18 20 3
18 21 6
19 22 3
20 21 2
20 21 3
20 23 3
21 23 5
23 24 3
23 25 5
24 25 2
24 25 2
24 26 3
25 26 5
26 27 3
26 27 5
26 28 7
26 29 7
27 27 2
27 28 4
27 28 2
27 29 4
27 29 2
28 29 0
28 29 0
28 30 4
29 30 4
30 32 5
30 31 3
31 32 2
31 33 3
31 33 5
32 34 3
32 35 2
33 33 2
34 35 5
34 36 3
34 36 5
34 37 7
34 38 7
35 43 8
36 36 2
36 37 4
36 37 2
36 38 4
36 38 2
37 38 0
37 38 0
37 39 4
38 39 4
39 40 3
39 41 5
39 42 2
40 41 1
40 41 2
40 42 3
40 42 5
41 42 2
41 42 7
