33 89
1
1
1
2
1
1
1
2
1
1
1
1
1
1
1
1
1
1
1
4
3
3
3
3
3
3
3
3
3
3
3
3
3
0 1 2
0 2 6
0 20 8
1 2 4
1 3 5
1 3 3
2 4 2
2 5 2
3 3 2
4 5 4
4 21 8
5 6 6
6 8 2
6 7 2
6 7 4
7 8 4
7 8 2
7 7 6
8 9 3
8 10 6
9 24 8
9 10 3
10 11 2
10 12 4
10 13 3
11 19 8
11 12 2
11 12 1
11 13 5
11 13 3
12 19 8
12 13 7
12 13 2
13 19 8
14 15 6
14 16 4
14 20 8
14 21 8
14 22 8
14 23 8
14 24 8
14 25 8
14 29 8
15 16 2
15 30 8
16 17 6
16 18 3
16 26 8
16 27 8
16 28 8
17 18 3
17 26 8
17 27 8
17 28 8
17 31 8
18 32 8
18 26 8
18 27 8
18 28 8
20 21 0
20 22 0
20 23 0
20 24 0
20 25 0
20 29 0
21 22 0
21 23 0
21 24 0
21 25 0
21 29 0
22 23 0
22 24 0
22 25 0
22 29 0
23 24 0
23 25 0
23 29 0
24 25 0
24 29 0
25 29 0
26 32 0
26 27 0
26 28 0
26 30 0
26 31 0
27 28 0
30 32 0
30 31 0
31 32 0
