22 62
1
1
1
1
1
1
1
2
1
1
1
1
1
2
4
3
3
3
3
3
3
3
0 1 2
0 2 5
0 15 8
1 2 3
1 18 8
2 3 2
2 4 3
3 17 8
3 4 5
4 5 3
4 6 3
5 8 5
5 6 6
5 7 2
5 7 4
6 16 8
7 8 3
7 8 1
7 7 2
8 9 4
8 10 2
8 11 5
9 10 1
9 10 2
9 11 2
9 11 1
9 12 4
10 11 3
10 11 3
10 12 3
11 12 6
12 13 3
12 13 2
12 14 8
12 19 8
13 19 8
13 19 8
13 13 1
13 14 8
13 14 8
14 19 0
15 16 0
15 17 0
15 18 0
15 19 0
15 20 0
15 21 0
16 17 0
16 18 0
16 19 0
16 20 0
16 21 0
17 18 0
17 19 0
17 20 0
17 21 0
18 19 0
18 20 0
18 21 0
19 20 0
19 21 0
20 21 0
