56 117
1
1
1
1
1
1
2
1
1
2
1
1
1
1
1
1
1
1
1
1
1
1
1
1
1
1
1
2
1
1
1
2
1
1
1
1
1
2
1
1
1
1
1
1
1
1
1
2
1
1
1
2
1
1
1
4
0 1 2
0 2 3
0 3 5
1 2 1
1 2 7
1 3 3
1 4 3
1 5 5
2 3 2
2 4 4
2 5 2
3 6 2
3 6 4
4 5 2
4 5 2
4 7 3
5 7 5
6 6 6
7 8 2
7 9 6
8 9 6
8 9 4
8 10 3
9 10 3
10 11 3
10 12 5
11 12 2
11 12 2
11 13 3
12 13 5
13 14 4
13 15 6
14 16 3
14 17 5
14 15 2
16 17 2
16 17 2
16 18 3
17 18 5
18 19 3
18 20 4
18 21 6
19 20 1
19 20 7
19 21 3
19 22 3
19 23 5
20 21 2
20 22 4
20 23 2
22 24 3
22 23 2
22 23 2
23 24 5
24 25 3
24 26 5
25 26 2
25 28 4
25 29 2
26 27 4
27 30 3
27 31 5
28 29 2
29 33 3
29 34 5
29 35 6
30 36 5
30 37 3
30 31 2
31 32 6
32 39 6
32 38 2
33 34 2
33 35 3
33 40 2
33 41 3
33 42 5
34 35 2
34 35 1
36 43 6
36 37 4
36 37 2
37 43 2
38 39 4
39 44 3
39 45 2
40 41 6
40 41 1
40 42 5
40 42 3
41 42 1
41 42 2
43 46 5
43 47 3
44 48 3
44 49 5
44 45 5
46 50 6
46 47 4
46 47 2
47 50 2
48 49 2
48 49 2
48 51 3
48 51 4
49 51 5
49 51 6
50 52 3
50 53 5
51 51 1
52 53 2
52 53 2
52 54 3
52 55 8
53 54 5
53 55 8
54 55 8
