29 67
1
1
1
1
1
1
1
1
2
2
1
1
2
2
1
1
1
1
1
1
1
2
1
1
1
2
1
1
4
0 1 3
0 2 5
0 28 8
1 28 8
1 2 2
1 3 3
1 4 6
2 28 8
2 5 2
2 6 4
3 4 3
5 6 2
6 8 4
6 8 6
6 7 2
7 8 2
7 8 4
7 9 6
7 9 4
7 10 2
8 8 2
9 9 2
9 10 4
9 10 2
10 11 2
10 12 4
10 12 6
11 12 2
11 12 4
11 13 5
11 14 1
12 12 2
13 14 4
13 14 1
13 15 3
14 15 4
15 16 3
15 17 5
15 18 7
16 17 2
16 18 4
16 19 6
16 20 3
17 18 2
17 18 1
17 21 2
17 21 3
18 21 3
18 21 4
19 24 2
19 20 3
19 22 4
19 23 3
20 25 3
20 25 5
21 21 1
22 24 1
22 24 6
22 26 5
22 23 2
22 23 1
23 24 3
23 24 5
23 26 3
24 26 6
25 25 2
26 27 6
