67 133
1
1
1
1
1
1
1
1
1
1
2
1
1
1
1
1
2
1
1
1
1
1
1
1
1
1
1
1
1
1
1
1
1
1
1
2
1
1
1
1
1
1
1
2
2
1
1
2
1
1
2
1
1
2
1
1
2
1
1
1
1
2
2
1
1
1
4
0 1 2
0 2 4
1 2 6
1 2 2
1 3 4
2 3 2
3 4 2
3 5 5
4 5 3
4 6 5
4 7 3
5 8 3
5 9 3
6 10 5
6 10 3
6 7 2
7 12 6
7 11 3
8 9 6
8 13 3
8 14 5
9 14 2
9 15 4
10 10 2
11 12 3
12 16 3
12 16 5
13 17 2
13 18 5
13 14 2
14 15 2
15 19 2
15 20 3
15 21 4
16 16 2
17 18 3
18 22 3
18 23 6
19 66 8
19 20 5
19 20 3
19 21 6
19 21 1
20 66 8
20 21 1
20 21 2
21 66 8
22 23 3
23 24 2
23 25 3
24 25 5
24 26 2
24 27 5
26 27 3
26 28 2
26 29 4
27 28 3
27 30 1
27 31 5
28 29 6
28 30 4
28 31 2
29 32 2
30 33 5
30 31 6
30 31 1
31 33 6
32 34 3
32 35 5
34 35 2
34 36 3
34 37 6
35 37 3
35 38 5
36 37 3
37 38 2
38 40 5
38 39 3
39 40 2
39 41 3
39 42 6
40 43 2
40 43 4
41 42 3
41 44 3
41 44 5
42 45 3
42 46 5
43 43 6
44 44 2
45 46 2
45 47 3
45 47 5
46 48 3
46 49 6
47 47 2
48 49 3
48 50 3
48 50 5
49 51 2
49 52 2
50 50 2
51 52 4
51 53 4
51 53 2
52 54 3
52 55 6
53 53 6
54 56 3
54 56 5
54 55 3
55 57 3
55 58 2
56 56 2
57 58 5
57 59 2
57 60 6
58 61 3
58 61 3
59 60 4
59 62 3
59 62 5
60 64 5
60 65 2
60 63 3
61 61 6
62 62 2
63 64 1
63 64 2
63 65 3
63 65 5
64 65 2
64 65 7
