35 71
1
1
1
1
1
1
1
1
1
1
2
1
2
1
1
1
1
2
1
1
1
1
1
2
1
2
1
1
1
1
1
1
1
1
4
0 1 2
0 2 4
1 2 2
2 3 4
2 4 6
3 4 2
3 5 5
3 6 2
4 34 8
5 6 3
6 8 5
6 9 7
6 7 3
7 8 2
7 9 4
7 10 3
7 11 5
8 9 1
8 9 2
8 12 2
8 12 3
9 12 3
9 12 4
10 11 2
10 13 4
10 14 6
11 14 2
11 15 5
12 12 1
13 16 4
13 14 2
13 15 6
14 15 3
15 16 2
16 17 6
16 17 4
16 18 2
17 17 2
17 18 4
17 18 2
18 19 3
18 20 5
19 20 2
20 21 4
20 22 6
21 24 4
21 22 2
21 23 2
22 25 3
22 25 3
23 24 2
23 26 3
23 27 4
23 28 6
24 29 3
24 30 6
25 25 6
26 27 2
26 27 1
26 28 3
26 28 3
26 31 3
27 28 1
27 28 2
27 31 5
28 31 6
29 30 3
29 31 4
30 32 3
30 33 6
32 33 3
