33 73
1
1
1
1
1
1
1
1
1
1
1
1
1
1
1
1
1
1
1
1
1
1
1
1
1
1
2
1
2
1
1
1
4
0 1 3
0 2 4
0 3 6
1 2 1
1 2 2
1 3 3
1 3 3
1 4 2
2 3 2
2 3 1
2 4 4
3 4 5
4 5 3
4 6 5
5 8 4
5 6 2
5 7 2
6 9 2
6 10 4
7 8 2
7 11 6
7 12 4
8 13 3
8 14 4
8 15 6
9 10 6
10 16 2
10 17 4
11 18 4
11 19 2
11 12 2
13 20 2
13 14 2
13 14 1
13 15 3
13 15 3
14 20 4
14 15 1
14 15 2
15 20 5
16 17 6
16 21 4
16 22 6
17 24 5
17 25 6
17 23 2
18 19 2
21 32 8
21 26 4
21 26 2
21 22 2
23 24 3
23 27 2
23 28 4
23 28 6
23 25 4
24 25 2
24 25 1
26 32 8
26 32 8
26 26 2
27 28 2
27 28 4
27 29 2
27 30 4
27 31 5
28 28 2
29 30 2
29 30 1
29 31 3
29 31 5
30 31 1
30 31 6
