28 63
1
1
1
1
1
1
1
1
1
1
1
1
1
2
2
1
1
1
1
1
1
1
1
1
1
1
1
4
0 27 8
0 1 2
0 2 4
0 3 5
1 2 1
1 2 2
1 3 5
1 3 3
1 4 3
2 3 6
2 3 1
2 4 4
3 4 2
4 5 2
4 6 4
4 7 6
5 6 2
5 7 4
6 8 3
6 9 6
6 7 2
8 9 3
8 10 2
8 11 4
9 12 4
9 13 2
10 11 2
12 13 6
12 14 3
12 15 5
13 16 6
13 15 3
14 16 2
14 17 4
14 18 3
14 15 2
15 16 3
16 17 2
16 18 5
17 18 2
17 18 7
17 19 4
18 19 6
19 20 4
19 21 3
19 22 1
19 23 6
20 21 1
20 21 6
20 22 3
20 23 2
21 22 2
21 23 3
22 23 5
23 24 2
23 25 3
23 26 4
24 25 5
24 25 3
24 26 6
24 26 1
25 26 1
25 26 2
