40 83
1
1
1
1
1
1
1
1
1
1
1
1
1
1
1
1
1
1
1
1
1
1
1
1
1
1
2
1
1
1
1
1
1
1
1
1
2
1
2
4
0 1 2
0 2 4
0 39 8
1 2 2
1 39 8
2 3 2
2 4 4
2 5 6
2 39 8
3 4 2
3 5 4
4 5 2
4 6 2
4 7 4
4 8 6
5 9 3
5 10 2
6 8 4
6 7 2
7 8 2
7 12 5
7 11 3
8 14 2
8 13 2
9 10 5
9 15 2
11 16 2
11 17 4
11 12 2
12 19 3
12 18 2
13 14 4
13 20 3
13 21 2
13 22 2
13 23 5
14 24 2
14 25 4
16 17 2
18 26 4
18 26 6
18 19 5
19 28 3
19 27 1
19 29 5
20 30 2
20 23 2
20 22 5
20 21 1
20 21 6
21 30 4
21 22 4
21 23 3
22 23 7
22 23 2
24 25 2
25 32 3
25 33 5
25 34 7
25 31 2
26 26 2
27 35 4
27 28 4
27 29 1
27 29 6
28 36 3
28 36 3
28 29 2
29 35 5
31 32 1
31 32 6
31 34 5
31 33 3
31 33 5
32 34 4
32 33 2
32 33 1
33 34 2
34 37 4
35 38 5
35 38 4
36 36 6
38 38 1
