47 93
1
1
1
1
1
1
1
1
1
1
1
1
1
1
1
1
1
1
1
1
1
1
1
1
2
1
1
1
1
1
2
1
2
1
1
1
2
1
1
1
1
1
1
1
2
1
4
0 1 2
0 2 6
1 2 4
2 3 2
2 4 4
3 4 2
3 5 3
3 6 5
4 46 8
5 8 2
5 6 2
5 7 4
6 11 6
6 9 3
6 10 5
7 8 2
7 12 4
7 13 2
8 16 5
8 15 3
8 14 2
9 17 2
9 18 5
9 11 3
9 10 2
10 11 2
10 11 1
12 13 2
13 19 6
13 20 3
14 16 3
14 15 1
15 16 1
15 16 2
15 21 3
16 21 2
17 18 3
17 22 6
17 23 4
18 24 2
18 24 4
18 25 2
19 20 3
21 26 3
21 27 6
22 28 6
22 29 3
22 23 2
23 30 2
23 30 4
24 24 6
24 25 4
24 25 2
25 32 5
25 31 3
26 27 3
26 33 5
26 34 3
26 35 1
27 28 4
28 29 3
29 36 3
29 36 5
30 30 2
31 32 2
31 37 3
31 38 6
32 40 6
32 39 5
33 35 4
33 34 2
34 41 2
34 35 1
34 35 2
35 41 3
36 36 2
37 42 2
37 43 2
37 38 3
38 40 5
38 42 3
38 39 1
39 40 1
39 40 6
39 42 4
40 42 2
42 43 4
43 44 2
43 44 4
43 45 6
44 44 2
44 45 4
44 45 2
