34 67
1
1
1
2
1
1
1
2
1
1
2
1
1
1
1
1
1
1
1
1
1
1
1
1
1
2
1
1
1
1
2
2
1
4
0 1 3
0 2 5
1 2 2
1 3 6
1 3 4
1 4 2
2 5 3
2 6 2
3 3 2
3 4 4
3 4 2
4 8 6
4 7 2
4 7 4
5 9 2
5 10 6
5 6 5
6 11 3
6 12 6
7 8 4
7 8 2
7 7 2
8 13 2
8 14 4
9 10 6
9 10 4
9 15 3
10 15 3
11 16 3
11 17 5
11 12 3
12 19 2
12 18 2
13 14 2
14 15 1
16 17 2
16 17 2
16 21 3
17 21 5
18 33 8
18 19 4
19 20 3
20 24 5
20 22 2
21 25 2
21 26 6
22 24 3
22 23 3
23 27 5
23 28 3
23 29 2
24 30 3
24 30 5
25 26 4
25 26 2
25 31 3
25 31 4
26 31 5
26 31 6
27 28 2
27 29 3
28 32 2
28 29 1
28 29 2
29 32 4
30 30 2
31 31 1
