45 66
1
1
1
1
1
1
1
1
1
1
1
1
1
1
1
1
1
1
1
1
1
1
1
1
1
1
1
1
1
1
1
1
1
1
1
1
1
1
1
1
1
1
1
1
4
0 1 3
0 2 6
1 2 3
1 3 6
1 4 3
2 6 2
2 7 4
3 4 3
4 5 5
5 8 3
5 9 6
6 7 6
7 11 3
7 10 2
8 9 3
8 12 2
8 13 4
10 11 5
11 44 8
12 13 2
13 14 4
13 15 6
14 16 2
14 17 4
14 15 2
16 17 2
17 18 3
17 19 6
18 19 3
18 20 2
18 21 4
20 21 2
21 22 4
21 23 6
22 24 4
22 25 6
22 23 2
23 26 2
23 27 4
24 25 2
24 28 2
24 29 4
26 27 6
27 31 4
27 30 2
28 29 2
29 32 2
29 33 4
30 34 2
30 31 2
30 31 2
31 34 4
32 33 2
33 35 3
33 36 5
34 37 2
34 38 4
35 36 2
36 40 6
36 39 4
37 38 6
39 40 2
39 41 2
39 42 5
41 42 3
42 43 4
