83 173
1
1
1
1
1
1
1
1
1
1
1
1
1
2
1
1
1
1
1
1
1
1
1
1
1
1
1
1
1
1
1
1
1
1
1
1
1
1
1
1
1
1
1
1
1
1
1
1
1
1
1
1
1
2
1
1
1
1
1
1
1
2
1
1
2
1
1
1
1
2
1
1
1
1
1
1
1
1
1
1
2
2
4
0 1 6
0 2 4
0 3 2
0 4 1
1 2 2
1 3 4
1 4 5
2 3 2
2 3 6
2 4 3
2 5 2
2 6 4
3 4 1
3 5 4
3 6 2
4 7 2
4 8 2
4 9 3
5 6 2
6 10 3
6 11 5
6 12 6
7 8 4
7 9 2
7 9 1
8 9 5
8 13 2
8 13 4
8 14 6
10 11 2
10 12 3
10 15 5
10 16 3
10 17 2
11 12 1
11 12 2
13 13 2
13 14 4
13 14 2
14 18 2
14 19 3
15 16 2
15 17 3
15 20 5
16 17 1
16 17 2
16 21 2
17 21 4
18 19 5
18 22 3
18 23 5
19 82 8
20 24 6
20 25 4
21 26 4
21 27 6
22 23 2
23 28 2
23 29 3
24 25 2
25 32 3
25 30 6
25 31 4
26 33 2
26 34 4
26 27 2
28 35 2
28 36 4
28 29 5
30 32 3
30 32 5
30 31 2
30 31 7
31 32 1
31 32 2
33 34 2
34 37 2
34 38 4
35 36 2
36 40 3
36 41 5
36 39 2
37 38 2
38 43 5
38 42 2
39 40 2
39 40 1
39 41 3
39 41 3
40 41 1
40 41 2
42 46 6
42 43 3
42 44 2
42 45 4
43 46 2
43 47 4
44 48 3
44 49 5
44 45 2
44 46 4
45 50 3
45 46 2
45 47 2
46 47 2
47 50 5
48 49 2
48 51 6
48 52 4
49 53 4
49 53 6
50 55 5
50 54 2
51 56 4
51 57 2
51 52 2
52 59 3
52 58 6
53 53 2
54 55 3
55 60 2
55 61 5
55 61 6
56 57 2
58 59 3
59 62 6
59 63 2
60 61 3
60 61 4
61 61 1
62 64 5
62 64 3
62 63 4
63 65 3
63 66 6
64 64 2
65 66 3
65 67 6
65 68 2
66 69 4
66 69 6
67 68 4
67 70 2
67 71 5
68 72 2
68 74 5
68 73 4
69 69 2
70 75 3
70 76 2
70 71 3
72 73 2
72 73 1
72 74 3
72 74 5
73 74 1
73 74 6
75 76 6
75 76 1
75 77 2
76 77 4
77 78 5
78 79 4
79 80 1
79 80 2
79 81 3
79 81 4
80 80 1
80 81 4
80 81 5
80 81 5
80 81 6
81 81 1
