25 72
1
1
1
2
1
1
1
1
1
1
1
1
1
1
1
4
3
3
3
3
3
3
3
3
3
0 16 8
0 1 2
0 2 5
0 15 8
1 17 8
1 2 3
1 24 8
2 3 3
2 3 5
2 18 8
2 19 8
2 20 8
2 21 8
2 22 8
2 23 8
3 3 2
3 18 8
3 18 8
3 19 8
3 19 8
3 20 8
3 20 8
3 21 8
3 21 8
3 22 8
3 22 8
3 23 8
3 23 8
4 18 8
4 5 2
4 6 6
5 8 4
5 6 4
5 7 6
6 20 8
7 8 2
7 19 8
8 9 5
8 10 3
9 10 2
9 21 8
10 11 5
10 12 3
11 12 2
11 22 8
12 13 6
12 14 4
13 16 8
13 17 8
13 14 2
13 23 8
14 24 8
15 16 0
16 17 0
16 23 0
17 24 0
17 23 0
18 19 0
18 20 0
18 21 0
18 22 0
18 23 0
19 20 0
19 21 0
19 22 0
19 23 0
20 21 0
20 22 0
20 23 0
21 22 0
21 23 0
22 23 0
