38 75
1
1
1
1
1
1
1
1
1
1
1
1
1
1
1
1
1
1
1
1
1
1
1
1
1
2
1
1
1
1
1
1
2
1
1
2
1
4
0 1 4
0 2 6
1 2 2
1 3 4
1 4 6
2 5 3
2 6 5
3 8 4
3 4 2
3 7 2
4 9 3
4 10 3
5 11 2
5 12 4
5 6 2
6 13 2
6 14 2
6 15 3
7 8 2
7 16 4
7 17 2
9 10 6
9 10 2
9 18 4
10 18 2
11 19 5
11 12 2
11 12 2
12 19 3
13 14 4
13 15 1
13 15 2
14 19 3
14 20 6
14 15 5
16 17 2
16 21 6
16 22 3
16 23 2
18 24 2
18 25 3
19 20 3
20 26 2
20 27 2
20 28 3
21 22 3
21 23 4
22 23 1
22 29 3
22 30 6
23 30 4
24 25 5
24 25 2
24 31 4
25 31 6
26 28 1
26 28 2
26 27 4
26 37 8
27 32 2
27 32 4
27 28 5
27 33 3
28 37 8
29 30 3
31 34 3
31 35 3
32 32 6
32 33 5
32 33 1
33 36 3
34 35 6
34 35 4
34 36 2
35 36 6
