35 66
1
1
1
1
1
1
1
1
1
1
1
1
1
1
1
2
1
1
1
1
1
1
1
1
1
2
1
1
1
1
1
1
1
1
4
0 1 2
0 2 6
1 2 4
1 3 6
1 4 2
2 5 2
2 6 3
3 4 4
4 8 4
4 7 2
5 34 8
5 6 5
6 9 3
6 10 6
7 8 2
8 12 4
8 11 2
9 10 3
9 14 4
9 13 6
10 15 2
10 15 4
11 12 2
12 16 4
12 17 6
13 18 3
13 19 4
13 14 6
13 14 2
14 18 3
14 19 2
15 15 2
16 17 2
16 21 6
16 20 4
18 19 7
18 19 1
18 22 2
18 23 4
18 24 5
19 22 5
19 23 3
19 24 2
20 25 6
20 25 4
20 26 1
20 21 2
22 24 3
22 27 3
22 23 2
22 23 6
23 24 1
23 27 3
24 28 4
25 25 2
25 26 5
25 26 3
26 29 2
26 30 4
27 30 6
27 31 3
29 30 2
30 31 3
31 32 5
31 33 3
32 33 2
