53 140
1
1
1
1
1
1
1
1
1
1
1
1
1
1
2
1
1
2
1
1
2
1
1
1
1
1
1
1
1
1
2
2
1
1
1
1
4
3
3
3
3
3
3
3
3
3
3
3
3
3
3
3
3
0 1 2
0 2 5
0 36 8
0 37 8
1 2 3
1 38 8
2 3 3
2 4 6
3 4 3
3 5 2
3 6 4
4 39 8
5 40 8
5 6 2
6 8 6
6 7 3
7 8 3
7 9 3
7 10 6
8 41 8
9 10 3
9 11 5
9 12 4
9 13 2
10 14 2
10 14 4
11 12 1
11 12 6
11 13 3
11 13 5
12 13 2
12 13 1
14 14 2
15 16 2
15 17 5
15 17 6
15 43 8
16 17 3
16 17 4
16 18 6
16 19 3
17 17 1
18 19 3
18 20 5
18 20 3
19 21 3
19 22 5
20 20 2
21 44 8
21 22 2
22 45 8
23 24 2
23 25 2
23 48 8
24 25 4
24 26 4
24 27 2
25 28 3
25 29 6
26 37 8
26 38 8
26 39 8
26 40 8
26 41 8
26 27 2
26 30 4
26 30 2
27 31 4
27 31 2
28 32 2
28 29 3
28 33 4
29 49 8
30 37 8
30 37 8
30 38 8
30 38 8
30 39 8
30 39 8
30 40 8
30 40 8
30 41 8
30 41 8
30 30 6
31 31 2
32 33 2
32 50 8
33 34 4
33 35 6
34 35 2
34 52 8
35 51 8
36 37 0
37 38 0
37 39 0
37 40 0
37 41 0
38 39 0
38 40 0
38 41 0
39 40 0
39 41 0
40 41 0
42 47 0
43 44 0
43 45 0
43 46 0
43 47 0
43 48 0
43 49 0
43 50 0
43 51 0
44 45 0
44 46 0
44 47 0
44 48 0
44 49 0
44 50 0
44 51 0
45 46 0
45 47 0
45 48 0
45 49 0
45 50 0
45 51 0
46 47 0
46 48 0
46 49 0
46 50 0
46 51 0
47 48 0
47 49 0
47 50 0
47 51 0
48 49 0
48 50 0
48 51 0
49 50 0
49 51 0
50 51 0
