43 115
1
1
1
1
1
1
1
1
1
2
2
1
1
1
1
2
1
1
1
1
1
1
1
1
1
2
1
1
1
1
1
1
1
2
2
1
1
2
2
1
1
1
4
0 1 3
0 2 5
0 42 8
1 2 2
2 3 5
2 4 2
3 4 3
4 5 2
4 6 4
5 8 3
5 6 2
5 7 5
6 9 3
6 9 5
7 8 2
7 10 5
7 10 3
8 11 2
8 12 5
9 9 2
10 10 2
11 12 3
11 13 3
11 14 5
12 15 2
12 15 4
13 16 5
13 17 2
13 14 2
14 17 2
14 18 4
15 15 2
16 17 3
16 19 6
16 20 4
16 21 2
17 18 2
18 22 1
18 23 2
18 24 3
18 25 4
18 25 5
18 26 2
19 28 2
19 27 4
19 20 2
19 21 4
20 27 4
20 28 6
20 21 2
21 29 3
21 30 6
22 32 2
22 33 3
22 33 5
22 23 1
22 23 1
22 24 6
22 24 2
22 25 3
22 25 4
22 26 3
22 31 1
23 32 3
23 33 4
23 33 6
23 24 7
23 24 1
23 25 2
23 25 3
23 26 4
23 31 2
24 32 4
24 33 3
24 33 1
24 25 1
24 25 2
24 26 5
24 31 5
25 25 1
25 26 6
25 26 7
26 34 2
26 34 4
27 28 2
27 28 2
29 35 3
29 36 5
29 30 3
30 37 3
30 37 5
31 32 1
31 32 1
31 33 2
31 33 4
31 38 6
31 38 4
32 33 1
32 33 3
32 38 5
32 38 3
33 33 2
34 34 6
35 36 2
36 40 4
36 41 6
36 39 3
37 37 2
38 38 2
39 40 1
39 40 2
39 41 3
39 41 3
40 41 2
40 41 1
