36 118
1
1
1
1
1
1
1
1
1
1
1
1
1
1
4
3
3
3
3
3
3
3
3
3
3
3
3
3
3
3
3
3
3
3
3
3
0 1 2
0 2 6
0 15 8
1 2 4
1 3 5
1 4 3
1 5 1
2 17 8
3 16 8
3 4 2
3 5 4
4 5 1
4 5 2
4 6 2
4 7 3
5 6 3
5 7 4
6 7 1
6 7 7
8 9 4
8 10 6
8 14 8
8 15 8
8 16 8
8 17 8
9 10 2
9 11 2
9 12 3
9 13 5
10 25 8
11 12 6
11 12 1
11 13 5
11 13 3
12 13 1
12 13 2
14 16 0
14 17 0
14 15 0
15 16 0
15 17 0
16 17 0
18 19 0
18 20 0
18 21 0
18 22 0
18 23 0
18 24 0
19 20 0
19 21 0
19 22 0
19 23 0
19 24 0
20 21 0
20 22 0
20 23 0
20 24 0
21 22 0
21 23 0
21 24 0
22 23 0
22 24 0
23 24 0
24 32 0
24 33 0
24 34 0
24 35 0
24 26 0
24 27 0
24 28 0
24 29 0
24 30 0
24 31 0
26 32 0
26 33 0
26 34 0
26 35 0
26 27 0
26 28 0
26 29 0
26 30 0
26 31 0
27 32 0
27 33 0
27 34 0
27 35 0
27 28 0
27 29 0
27 30 0
27 31 0
28 32 0
28 33 0
28 34 0
28 35 0
28 29 0
28 30 0
28 31 0
29 32 0
29 33 0
29 34 0
29 35 0
29 30 0
29 31 0
30 32 0
30 33 0
30 34 0
30 35 0
30 31 0
31 32 0
31 33 0
31 34 0
31 35 0
32 33 0
32 34 0
32 35 0
33 34 0
33 35 0
34 35 0
