62 162
1
1
1
1
1
1
1
1
1
1
1
2
1
1
1
1
1
1
1
1
1
1
1
2
1
1
1
2
1
1
2
1
1
1
1
1
1
1
1
1
1
1
1
1
1
1
1
4
3
3
3
3
3
3
3
3
3
3
3
3
3
3
0 48 8
0 1 2
0 2 4
1 49 8
1 2 2
2 3 3
2 4 6
3 4 3
3 50 8
4 51 8
4 52 8
4 53 8
4 54 8
4 55 8
5 6 2
5 7 5
5 8 6
5 47 8
5 48 8
5 52 8
6 8 4
6 9 5
6 10 2
6 7 3
7 8 1
7 8 2
9 10 3
9 11 5
9 11 3
10 12 4
10 13 2
11 11 2
12 13 2
12 13 1
12 14 5
12 15 3
13 14 4
13 15 2
14 15 6
14 15 2
14 16 2
14 17 4
14 18 5
15 16 4
15 17 2
15 18 1
16 17 2
16 18 3
16 53 8
17 18 1
17 18 6
17 19 3
17 20 4
17 21 5
17 54 8
18 19 3
18 20 2
18 21 1
18 54 8
19 54 8
19 20 1
19 21 2
19 22 3
19 23 5
19 23 2
20 21 1
20 21 1
20 54 8
20 55 8
20 24 2
21 54 8
21 55 8
21 24 3
22 23 2
22 23 5
22 25 5
22 26 2
22 60 8
22 61 8
23 23 7
24 27 3
24 27 5
24 55 8
25 26 3
25 51 8
25 60 8
25 61 8
26 60 8
26 29 3
26 28 6
26 61 8
27 27 2
28 49 8
28 50 8
28 29 3
28 30 4
28 30 2
29 32 3
29 33 2
29 31 5
30 49 8
30 49 8
30 50 8
30 50 8
30 30 2
31 32 2
31 32 2
31 33 5
31 33 3
31 34 3
32 33 7
32 33 1
32 34 5
33 34 2
34 35 2
34 36 5
34 37 6
35 36 3
35 37 4
35 38 4
35 39 2
36 37 2
36 37 1
38 56 8
38 39 2
39 40 3
39 41 5
40 41 2
40 57 8
41 42 2
41 43 4
42 58 8
42 43 2
43 59 8
44 60 8
44 45 2
44 46 4
45 56 8
45 57 8
45 61 8
45 46 2
46 58 8
46 59 8
47 48 0
47 52 0
48 52 0
49 50 0
51 52 0
51 53 0
51 54 0
51 55 0
52 53 0
52 54 0
52 55 0
53 54 0
53 55 0
54 55 0
56 57 0
56 61 0
57 61 0
58 59 0
60 61 0
