35 86
1
1
1
1
1
1
2
1
1
1
1
1
1
1
1
1
2
1
1
1
2
1
1
1
1
1
1
1
1
1
1
1
1
2
4
0 1 2
0 2 6
1 2 4
1 3 2
1 4 4
1 5 5
2 8 7
2 6 3
2 6 5
2 7 7
3 4 1
3 4 2
3 5 5
3 5 3
4 5 6
4 5 1
6 8 4
6 8 2
6 6 2
6 7 4
6 7 2
7 8 0
7 8 0
7 9 4
8 9 4
9 10 1
9 11 3
9 12 5
10 11 4
10 12 1
10 12 6
10 13 4
11 12 2
11 14 3
11 15 6
12 13 5
13 16 3
13 16 5
14 17 5
14 18 3
14 15 3
15 34 8
15 19 3
15 20 5
15 20 6
16 16 2
17 18 2
17 18 6
17 22 4
17 21 3
18 22 2
18 21 3
19 34 8
19 20 2
19 20 3
20 34 8
20 34 8
20 20 1
21 24 5
21 22 7
21 22 1
21 23 3
22 24 2
22 23 4
23 24 2
23 24 2
23 25 3
24 25 5
25 26 3
25 27 5
26 27 2
26 28 3
26 29 6
28 32 5
28 29 3
28 30 2
28 31 4
29 33 3
29 33 5
30 32 3
30 32 5
30 31 2
30 31 1
31 32 1
31 32 6
33 33 2
