41 84
1
1
1
1
1
1
1
1
1
1
1
2
1
1
1
1
1
1
1
1
1
1
1
1
1
1
1
2
1
1
1
1
1
1
1
1
1
1
1
1
4
0 1 2
0 2 3
0 3 5
1 2 1
1 2 1
1 3 3
1 4 2
1 5 5
2 3 2
2 4 3
2 5 6
3 5 2
3 6 5
4 8 4
4 5 3
4 7 6
5 6 3
6 9 2
6 10 4
7 8 2
8 11 6
8 11 4
8 12 2
9 10 2
10 14 3
10 13 2
11 11 2
11 12 4
11 12 2
12 16 2
12 15 4
13 17 2
13 18 6
13 14 5
15 16 2
15 16 2
15 19 3
16 19 5
17 18 4
18 20 2
18 21 4
19 23 6
19 22 3
20 24 3
20 40 8
20 21 2
20 21 2
21 24 5
21 40 8
22 25 2
22 26 4
22 23 3
23 27 2
23 27 4
24 40 8
24 28 3
24 29 5
25 26 2
26 30 3
26 31 5
27 27 2
28 32 2
28 34 3
28 29 2
28 33 2
29 32 3
29 34 5
30 35 3
30 31 2
30 31 2
31 35 5
32 33 4
32 34 1
32 34 2
33 34 5
35 36 3
35 37 5
36 37 2
36 37 2
36 38 2
36 39 3
37 38 4
37 39 5
38 39 1
