51 104
1
1
1
1
1
1
1
1
1
1
1
1
1
1
1
1
1
1
1
1
2
1
1
1
1
1
1
1
1
1
1
1
1
1
1
1
1
1
1
2
1
2
1
1
1
1
1
1
1
1
4
0 1 2
0 2 6
1 2 4
1 3 5
1 4 2
2 5 2
2 6 4
3 8 3
3 4 3
3 7 5
4 9 2
4 10 4
5 6 6
6 11 2
6 12 3
7 8 2
8 13 2
8 14 5
9 10 2
9 14 6
9 15 4
9 16 2
9 17 1
10 18 3
10 19 2
11 20 3
11 20 5
11 12 5
11 21 7
13 24 2
13 22 4
13 14 3
13 23 2
14 15 2
14 16 4
14 17 5
15 16 2
15 16 2
15 25 5
15 17 3
16 17 1
16 25 3
18 27 5
18 19 5
18 28 6
18 26 3
20 20 2
20 21 4
20 21 2
21 50 8
22 24 6
22 29 6
22 30 4
22 23 2
22 23 2
23 24 4
23 30 2
23 29 4
25 32 2
25 31 5
26 33 3
26 27 2
26 28 3
27 34 2
27 28 1
27 28 2
28 34 4
29 30 2
30 36 5
30 37 3
30 38 6
31 32 3
32 39 2
34 35 3
35 40 4
35 41 2
36 37 1
36 37 2
36 38 2
36 38 1
37 38 3
37 38 3
39 42 3
39 43 5
39 44 6
40 41 6
40 41 4
42 43 2
42 44 3
42 45 5
42 46 3
42 47 1
43 44 2
43 44 1
45 46 2
45 47 4
46 48 2
46 49 3
46 47 1
46 47 2
47 48 3
47 49 4
48 49 7
48 49 1
