44 85
1
1
1
1
1
2
1
1
1
1
1
1
1
1
1
1
1
1
1
1
1
1
1
1
1
1
1
1
1
1
1
1
1
1
1
1
1
1
1
1
1
1
1
4
0 1 2
0 2 4
1 2 2
2 3 4
2 4 6
3 4 2
3 5 6
3 5 4
3 6 2
4 8 3
4 7 2
5 5 2
5 6 4
5 6 2
6 9 6
6 10 4
6 11 2
7 8 5
8 12 1
9 10 2
9 11 4
10 11 6
10 11 2
10 13 4
11 13 2
12 43 8
13 14 4
13 15 2
14 16 3
14 15 2
14 15 2
15 16 5
16 17 3
16 18 6
17 18 3
17 19 5
17 20 3
18 21 2
18 22 5
19 20 2
19 20 6
21 24 6
21 25 3
21 22 3
22 23 3
23 26 4
23 27 2
23 28 5
24 25 3
24 29 6
24 30 3
25 32 2
25 31 4
26 27 1
26 27 2
26 28 2
26 28 1
27 28 3
27 28 3
29 33 6
29 34 4
29 30 3
30 35 2
30 36 4
31 32 2
31 32 2
31 36 5
32 36 3
33 34 2
33 34 2
33 37 5
34 37 3
35 36 2
37 38 5
37 39 3
38 40 5
38 41 3
38 39 2
39 40 5
39 41 2
39 42 2
40 41 2
40 41 7
40 42 3
41 42 4
