42 89
1
1
1
1
2
1
1
1
1
1
1
2
1
1
1
1
1
1
1
1
2
1
1
2
1
1
1
1
1
1
1
1
1
1
1
1
1
1
1
1
1
4
0 1 6
0 1 1
0 2 5
0 2 3
0 3 2
1 2 1
1 2 2
1 3 4
2 3 3
3 4 6
3 4 4
3 5 2
4 4 2
4 5 4
4 5 2
5 6 6
6 7 5
7 8 5
8 9 3
9 10 1
9 11 3
10 11 4
10 11 1
10 12 5
11 12 6
12 13 2
12 14 4
13 16 5
13 14 6
13 15 3
14 17 2
14 18 5
15 16 2
15 19 6
15 20 4
15 20 2
16 21 3
16 22 3
17 18 3
17 23 3
17 23 5
18 24 4
18 25 3
18 26 2
19 28 5
19 27 3
19 20 2
19 20 4
20 20 2
21 29 4
21 22 6
21 22 2
22 29 2
23 23 2
24 25 1
24 25 2
24 26 6
24 26 1
25 26 5
25 26 3
27 32 6
27 28 2
27 31 3
28 33 2
28 34 4
29 30 3
30 35 1
30 36 3
30 37 5
31 32 3
31 40 5
31 38 4
31 39 2
32 33 2
32 34 4
33 34 6
33 34 2
35 41 8
35 36 4
35 37 1
35 37 6
36 37 2
37 41 8
38 40 2
38 40 1
38 39 1
38 39 2
39 40 3
39 40 3
