28 76
1
1
1
1
1
1
1
1
1
2
1
1
1
1
1
1
1
1
1
1
2
1
1
1
2
1
2
4
0 1 2
0 2 5
1 2 3
1 3 3
1 4 5
2 5 2
2 6 4
2 7 3
3 8 3
3 4 2
3 4 6
4 8 3
5 9 2
5 9 3
5 27 8
5 6 2
5 6 1
5 7 5
5 7 3
6 9 3
6 9 4
6 27 8
6 7 7
6 7 2
7 9 5
7 9 6
7 27 8
8 11 4
8 10 6
9 9 1
9 27 8
9 27 8
10 11 6
10 11 2
10 12 2
10 13 4
11 12 4
11 13 2
12 13 2
13 14 2
13 15 4
14 15 2
15 16 3
15 17 4
15 18 6
16 17 1
16 17 2
16 18 3
16 18 3
16 19 2
17 18 2
17 18 1
17 19 4
18 19 5
19 20 3
19 20 5
19 21 7
19 22 7
20 20 2
20 21 4
20 21 2
20 22 4
20 22 2
21 22 0
21 22 0
21 23 4
22 23 4
23 24 2
23 25 5
24 25 3
24 25 2
24 26 3
24 26 4
25 26 5
25 26 6
26 26 1
