81 171
1
1
1
1
1
1
1
1
1
1
2
1
1
1
1
2
1
1
1
1
2
1
1
1
1
1
1
1
2
2
1
1
1
1
1
1
1
1
1
1
1
1
1
2
1
1
1
1
1
1
1
1
2
1
1
2
1
1
1
1
1
1
1
1
1
1
1
1
1
1
1
1
1
1
1
1
1
1
1
1
4
0 1 2
0 2 6
1 2 4
1 3 5
1 4 2
2 5 2
2 6 3
2 7 5
2 80 8
3 4 3
4 8 5
4 9 2
5 80 8
5 6 2
5 6 1
5 7 3
5 7 3
6 80 8
6 7 1
6 7 2
7 80 8
8 9 3
8 10 5
8 10 3
9 11 3
9 12 6
10 10 2
11 12 3
11 13 5
11 14 2
12 15 3
12 15 5
13 16 6
13 17 4
13 14 3
14 18 2
14 19 6
15 15 2
16 17 2
16 20 4
16 20 2
17 21 6
17 22 3
18 24 2
18 19 4
18 23 4
20 20 6
21 26 2
21 27 5
21 22 3
21 25 4
22 28 3
22 28 5
23 24 2
23 29 6
23 29 4
24 30 2
24 31 6
25 26 1
25 26 2
25 27 2
25 27 1
26 27 3
26 27 3
28 28 2
29 29 2
30 32 2
30 33 4
30 31 4
31 34 2
31 35 2
31 36 3
32 33 2
32 33 2
32 37 3
33 37 5
34 35 4
34 36 1
34 36 2
34 38 4
35 40 5
35 39 2
35 36 5
36 38 6
37 41 2
37 42 4
39 40 3
39 43 3
39 43 5
40 44 2
40 45 3
40 46 5
41 42 2
41 42 6
41 47 3
42 47 3
43 43 2
44 45 1
44 45 2
44 46 3
44 46 3
45 46 2
45 46 1
47 48 5
47 49 2
48 49 3
48 50 6
48 51 4
49 52 3
49 52 5
50 51 2
50 53 4
50 54 2
51 55 4
51 55 2
52 52 2
53 56 3
53 57 2
53 54 2
55 55 2
56 57 5
57 58 4
57 59 2
58 59 6
58 60 2
58 61 2
60 61 4
61 64 3
61 62 2
61 63 3
62 64 1
62 64 1
62 65 2
62 63 5
62 63 3
63 64 6
63 64 2
63 65 5
64 65 3
65 66 5
65 67 3
65 68 1
66 67 6
66 67 2
66 68 6
66 69 2
67 68 4
67 69 4
68 70 4
70 72 4
70 71 2
71 72 6
71 72 2
71 73 3
72 73 5
73 74 3
73 75 2
73 76 2
74 75 1
74 75 6
74 76 5
75 76 4
76 77 2
76 78 3
76 79 4
77 78 5
77 78 3
77 79 6
77 79 1
78 79 1
78 79 2
