34 67
1
1
1
1
1
1
1
1
1
1
1
1
1
2
1
1
1
1
1
1
2
1
1
1
1
1
1
1
1
2
1
1
1
4
0 1 2
0 2 6
1 2 4
1 3 3
1 4 4
1 5 6
2 6 4
2 7 6
3 4 2
3 4 1
3 5 3
3 5 3
4 5 1
4 5 2
6 8 5
6 9 2
6 7 2
7 10 3
7 12 3
8 9 3
8 13 4
8 13 2
9 14 4
9 15 2
10 11 3
10 12 6
11 16 2
11 17 2
11 18 5
12 19 1
12 20 3
13 13 2
14 15 2
15 22 2
15 21 6
16 17 4
16 18 3
16 23 4
16 24 2
16 25 5
17 18 7
17 18 2
19 26 4
19 20 1
19 20 4
20 26 5
21 27 5
21 28 3
21 22 4
22 29 2
22 29 4
23 24 2
23 24 1
23 33 8
23 25 1
23 25 2
24 25 3
24 25 3
24 33 8
25 33 8
26 30 3
27 28 3
27 28 2
27 31 6
28 31 3
29 29 2
31 32 3
