49 113
1
1
1
1
1
1
2
1
1
1
1
1
1
1
1
1
1
1
1
1
2
1
2
1
1
1
1
1
1
1
1
1
1
1
1
1
1
1
1
1
1
1
1
1
1
1
1
1
4
0 1 3
0 2 6
1 2 3
1 4 2
1 5 3
1 6 5
1 6 6
2 3 4
2 48 8
3 48 8
3 9 5
3 7 2
4 10 2
4 5 1
4 5 1
4 6 3
4 6 4
5 10 3
5 6 2
5 6 3
6 6 1
7 8 4
7 9 3
8 11 3
8 12 6
9 13 2
9 14 4
10 12 5
10 15 2
11 16 5
11 12 3
11 17 2
12 15 3
13 14 2
14 18 4
14 19 6
15 20 4
15 20 2
16 17 3
17 21 2
17 22 4
17 22 6
18 24 4
18 19 2
18 23 2
20 20 2
21 25 5
21 26 2
21 22 2
21 22 4
22 22 2
23 24 2
24 27 3
24 29 6
25 26 3
26 30 4
26 31 2
27 28 3
27 29 3
28 32 5
28 33 4
28 34 3
28 35 2
28 36 1
28 37 6
30 31 2
31 40 5
31 38 3
32 33 1
32 34 2
32 35 3
32 36 6
32 37 1
32 41 3
32 42 1
32 43 2
32 44 5
33 34 1
33 35 2
33 36 5
33 37 2
33 41 1
33 45 4
33 46 2
34 35 2
34 35 1
34 36 4
34 37 3
34 42 7
35 36 3
35 37 4
35 42 5
36 37 7
36 37 1
36 43 2
36 44 4
37 43 1
37 44 3
38 40 2
38 39 5
39 45 2
39 47 3
41 42 2
41 43 5
41 44 2
41 45 5
41 46 3
42 43 3
42 44 4
43 44 7
43 44 2
45 47 5
45 46 2
