36 63
1
1
1
1
1
1
1
1
1
1
1
2
1
1
1
1
2
1
1
2
2
1
1
1
1
1
1
1
1
1
1
1
1
1
1
4
0 1 2
0 2 6
1 2 4
1 4 5
1 5 3
2 3 3
2 35 8
3 35 8
3 6 4
3 7 6
4 5 2
5 8 2
5 9 3
5 10 6
6 11 6
6 11 4
6 12 2
6 7 2
8 9 1
8 9 6
8 10 4
8 13 3
9 10 3
9 13 3
10 14 3
10 15 6
11 11 2
11 12 4
11 12 2
12 16 4
12 16 6
12 15 2
13 17 2
13 18 6
14 19 2
14 19 4
14 15 3
15 16 2
15 16 4
16 16 2
17 18 4
17 20 5
17 21 1
19 19 2
20 21 1
20 21 4
20 22 3
21 22 4
22 24 4
22 23 6
23 24 2
24 25 5
24 26 2
25 26 3
26 27 3
27 28 5
28 29 3
28 30 6
29 30 3
30 31 5
31 32 3
32 33 3
33 34 4
