34 70
1
1
1
2
1
2
1
1
1
1
1
1
1
1
1
1
1
1
1
1
1
1
2
1
1
2
2
1
1
1
1
1
1
4
0 1 2
0 2 6
1 2 4
1 3 5
1 4 1
2 5 2
2 5 4
2 6 2
2 33 8
3 4 1
3 4 4
3 7 3
4 7 4
5 33 8
5 33 8
5 5 6
5 6 4
5 6 2
6 33 8
6 8 3
6 9 5
6 10 2
7 11 4
7 12 2
8 9 2
8 9 1
8 10 5
8 10 3
9 10 7
9 10 2
11 12 2
11 13 4
11 14 2
12 17 6
12 15 3
13 19 4
13 21 2
13 14 6
14 22 2
14 23 3
15 16 3
15 17 3
16 24 6
16 25 4
16 25 2
17 18 3
19 20 3
19 21 2
20 26 6
20 26 4
20 27 2
22 28 5
22 23 2
22 23 5
23 28 3
24 25 2
24 25 4
24 29 5
24 30 3
25 25 2
26 26 2
26 27 4
26 27 2
27 32 5
27 31 3
29 32 6
29 30 2
29 30 3
30 32 3
31 32 2
