60 123
1
1
1
2
1
1
1
2
1
1
2
1
1
1
1
1
1
1
2
1
1
1
1
1
2
1
1
1
1
1
2
1
1
2
1
1
2
1
1
1
1
1
2
1
1
1
1
1
1
1
1
1
1
1
1
1
2
1
1
4
0 1 2
0 2 6
1 2 4
2 3 2
2 3 4
2 4 2
3 3 6
3 4 4
3 4 2
4 5 2
4 6 5
5 6 3
6 8 6
6 7 3
7 8 2
7 8 3
7 9 2
8 9 4
9 10 3
9 11 6
10 11 2
10 11 3
10 12 2
11 12 4
12 13 2
12 14 2
12 15 3
13 14 4
13 15 2
13 15 1
14 16 2
14 17 5
14 15 5
16 17 3
16 18 3
16 18 5
17 19 2
17 20 2
17 21 3
18 18 2
19 20 4
19 21 2
19 21 1
20 21 5
20 22 2
20 23 5
22 24 3
22 24 5
22 23 3
23 25 2
23 26 2
23 27 3
24 24 2
25 26 4
25 27 2
25 27 1
26 27 5
26 28 3
26 29 6
28 29 3
28 30 3
28 30 5
29 32 2
29 31 2
30 30 2
31 32 4
31 33 4
31 33 2
31 59 8
32 34 2
32 35 5
33 33 6
33 59 8
33 59 8
34 35 3
34 36 3
34 36 5
35 37 2
35 38 2
35 39 3
36 36 2
37 38 4
37 39 1
37 39 2
38 40 2
38 41 5
38 39 5
40 41 3
40 42 3
40 42 5
41 43 2
41 44 2
41 45 3
42 42 2
43 44 4
43 45 2
43 45 1
44 45 5
44 46 2
44 47 2
44 48 3
46 48 1
46 48 2
46 47 4
47 48 5
47 49 3
47 50 6
49 50 3
49 51 2
49 52 6
50 52 3
50 53 6
51 52 4
52 53 3
53 54 2
53 55 2
54 56 3
54 56 3
54 55 4
55 57 3
55 58 5
56 56 6
57 58 2
