30 66
1
2
1
2
1
1
1
2
1
1
1
1
1
1
1
1
1
1
1
1
1
1
1
1
1
1
1
1
1
4
0 1 2
0 1 1
0 2 1
0 3 2
0 3 3
1 1 1
1 2 3
1 2 2
1 3 4
1 3 5
1 3 3
1 3 4
2 3 1
2 3 2
2 4 3
3 3 1
4 5 2
4 6 5
5 6 3
5 7 4
5 7 2
6 8 3
6 9 5
7 7 2
8 9 2
8 9 2
8 10 3
8 11 4
9 10 5
9 11 6
10 11 2
10 11 1
10 12 2
11 12 4
12 13 3
12 14 3
13 16 6
13 14 6
13 15 4
14 17 2
14 18 3
15 16 2
15 16 2
17 18 5
18 19 2
18 20 3
19 20 5
19 29 8
20 21 3
20 22 5
21 22 2
21 22 2
21 23 3
22 23 5
23 24 4
23 25 6
24 25 2
24 26 2
24 27 3
24 28 5
26 27 1
26 27 6
26 28 3
26 28 5
27 28 2
27 28 1
