40 84
1
1
1
1
1
1
1
1
2
1
1
1
1
1
1
1
1
1
1
1
1
1
2
2
1
1
2
1
1
1
1
1
1
1
1
1
1
1
1
4
0 1 4
0 2 2
0 39 8
1 2 2
1 3 3
1 4 5
2 5 2
2 6 5
2 7 6
3 4 2
4 8 3
4 8 5
4 13 7
4 9 7
5 6 3
5 7 4
5 10 2
5 11 3
5 12 5
6 7 2
6 7 1
8 8 2
8 9 4
8 9 2
8 13 4
8 13 2
9 13 0
9 13 0
9 14 4
10 11 1
10 11 6
10 12 3
10 12 5
11 12 2
11 12 1
13 14 4
14 16 4
14 15 2
15 16 6
15 16 2
15 17 4
16 17 2
17 18 4
17 19 6
18 19 2
18 20 2
18 21 5
19 22 2
19 22 4
20 21 3
20 23 5
20 23 3
21 24 2
21 25 4
22 22 6
23 23 2
24 25 2
25 26 2
25 27 6
26 27 2
26 27 4
26 28 3
27 28 5
28 29 3
28 30 5
29 32 4
29 30 2
29 31 2
30 32 2
30 33 3
31 32 2
32 33 5
33 34 2
33 35 5
34 35 3
35 36 2
35 37 3
35 38 4
36 37 3
36 37 5
36 38 1
36 38 6
37 38 2
37 38 1
