46 84
1
1
1
1
1
1
1
2
1
2
1
1
1
2
2
1
1
1
1
1
1
1
1
1
1
1
1
1
1
1
2
1
1
2
1
1
1
1
1
1
1
2
1
1
1
4
0 1 5
0 2 2
0 45 8
1 2 3
1 3 2
1 4 5
2 5 2
2 6 4
3 4 3
3 7 4
3 7 2
4 8 4
4 9 6
5 6 2
6 10 2
6 11 4
7 7 2
8 12 3
8 13 5
8 13 6
8 9 2
9 14 3
9 14 5
10 11 2
11 16 6
11 15 3
12 13 2
12 13 3
13 13 1
14 14 2
15 16 3
15 17 2
15 18 4
17 18 2
18 19 3
18 20 5
19 20 2
20 21 2
20 22 4
21 22 2
22 24 6
22 23 3
23 24 3
23 25 3
23 26 4
23 27 6
25 26 1
25 26 1
25 27 3
25 28 2
25 29 4
26 27 2
26 28 3
26 29 5
28 29 2
28 30 6
28 30 4
29 32 4
29 31 2
30 30 2
31 32 2
31 33 6
31 33 4
32 34 2
32 35 5
33 33 2
34 35 3
34 37 5
34 38 3
35 36 4
37 40 5
37 38 2
37 39 3
38 41 4
38 41 2
39 40 2
39 40 2
39 42 3
40 42 5
41 41 2
42 43 3
42 44 5
43 44 2
43 44 2
