47 89
1
1
1
1
1
1
1
1
1
1
1
1
1
1
1
2
1
1
1
1
1
1
1
1
1
1
1
1
1
1
1
1
1
1
1
1
1
1
1
1
1
2
1
1
1
1
4
0 1 3
0 2 5
0 3 7
1 2 2
1 3 4
1 4 5
1 5 3
2 3 2
2 3 1
2 6 3
3 6 4
4 5 2
6 8 3
6 7 2
7 8 5
7 10 4
7 11 2
8 9 3
8 46 8
9 46 8
9 12 2
9 13 5
9 14 6
10 15 2
10 16 6
10 11 6
12 18 5
12 13 3
12 14 4
12 17 2
13 14 2
13 14 1
15 16 4
15 19 2
15 20 3
15 21 3
16 22 2
16 23 3
17 24 4
17 25 2
17 18 3
19 20 5
19 21 1
19 21 2
19 22 4
20 26 3
20 21 6
21 22 6
22 23 5
24 25 2
25 27 2
25 28 4
26 29 2
26 30 5
27 32 5
27 28 2
27 31 3
28 34 6
28 33 4
29 30 3
30 35 3
30 36 5
31 32 2
31 35 5
31 37 3
32 38 3
32 39 6
33 40 5
33 34 2
33 39 3
35 36 2
35 37 2
36 41 3
36 41 3
38 39 3
39 40 2
40 42 3
40 43 4
40 44 6
41 41 6
42 43 1
42 43 2
42 44 3
42 44 3
42 45 2
43 44 2
43 44 1
43 45 4
44 45 5
