45 130
1
1
1
1
1
1
1
1
1
1
1
1
1
1
1
2
1
1
1
1
1
2
1
1
1
1
1
1
1
1
1
1
1
1
1
1
1
1
1
1
1
1
1
2
4
0 1 3
0 2 6
0 44 8
1 2 3
1 3 2
1 4 4
3 4 2
4 5 4
4 6 6
5 8 4
5 6 2
5 7 2
7 8 2
8 9 3
8 10 5
9 10 2
9 11 6
9 12 3
10 13 4
10 14 2
11 12 3
11 15 6
11 15 4
13 16 4
13 17 2
13 14 2
15 15 2
16 17 2
16 18 5
16 19 4
16 20 2
17 21 2
17 21 4
18 19 1
18 19 7
18 20 3
18 20 5
18 22 1
18 23 3
19 20 2
19 20 2
19 22 6
19 23 4
20 22 4
20 23 2
21 21 2
22 24 6
22 23 2
22 23 2
23 24 4
24 25 2
25 26 5
25 27 4
25 28 3
25 29 2
25 30 1
25 31 6
26 32 4
26 33 3
26 34 2
26 35 1
26 27 1
26 28 2
26 29 3
26 30 1
26 30 6
26 31 2
26 31 1
27 32 6
27 33 5
27 34 1
27 36 4
27 37 2
27 38 1
27 28 1
27 29 2
27 30 5
27 31 2
28 35 7
28 38 6
28 29 2
28 29 1
28 30 4
28 31 3
29 35 5
29 38 4
29 30 3
29 31 4
30 32 5
30 33 4
30 34 3
30 35 2
30 31 1
30 31 7
31 32 6
31 33 5
31 34 4
31 35 3
32 33 1
32 33 1
32 34 2
32 34 7
32 35 3
32 36 2
32 37 4
32 38 5
33 34 1
33 34 6
33 35 2
33 36 1
33 37 3
33 38 4
34 35 1
34 36 5
34 37 3
34 38 2
35 38 1
36 37 2
36 38 3
36 39 6
36 40 3
37 38 1
37 41 4
37 42 6
39 40 3
40 43 3
40 43 5
41 42 2
41 42 2
43 43 2
