43 83
1
1
1
1
1
1
1
1
1
1
1
1
1
1
1
1
1
1
1
1
1
1
1
1
1
1
1
1
1
1
1
1
1
2
1
1
1
1
1
1
1
1
4
0 1 3
0 2 5
1 2 2
1 3 5
1 4 2
2 5 4
2 6 6
3 4 3
4 8 4
4 9 3
4 7 6
5 10 3
5 11 5
5 6 1
5 6 2
6 10 4
6 11 6
7 8 7
7 8 2
7 9 5
7 9 3
8 9 2
8 9 1
10 11 2
10 11 2
10 12 4
11 12 2
12 13 3
13 14 3
13 15 3
14 16 3
14 17 2
14 15 6
15 18 2
15 19 4
16 17 5
16 20 3
16 21 5
17 18 2
17 19 4
17 42 8
18 42 8
18 19 6
18 19 2
19 42 8
20 21 2
21 22 3
21 23 5
22 24 2
22 25 4
22 23 2
23 26 2
23 27 4
24 25 2
26 27 6
27 28 2
27 29 4
28 29 6
29 30 2
29 31 4
30 31 6
31 32 3
32 33 2
32 33 4
32 34 2
33 33 6
33 34 4
33 34 2
34 35 2
34 36 5
35 36 3
36 37 3
36 38 5
37 38 2
38 40 4
38 41 3
38 39 2
39 40 2
39 40 1
39 41 5
39 41 3
40 41 7
40 41 2
