30 90
1
1
1
1
1
1
1
1
1
2
1
1
2
1
1
1
1
2
1
1
1
1
1
1
2
1
2
2
2
4
0 1 3
0 3 5
1 2 3
1 3 2
2 4 3
2 5 5
3 6 3
3 7 2
4 8 6
4 5 2
5 9 4
5 9 6
6 11 5
6 10 3
6 7 5
7 29 8
8 12 3
8 12 2
9 9 2
10 11 2
10 13 4
10 14 6
12 12 1
13 16 3
13 14 2
13 15 5
15 16 2
15 17 5
15 17 3
16 18 1
16 19 2
16 20 3
16 21 4
16 22 5
16 23 6
17 17 2
18 19 1
18 19 1
18 20 2
18 21 3
18 22 4
18 23 5
18 24 4
18 24 3
18 25 2
18 26 1
18 26 6
19 20 1
19 21 2
19 22 3
19 23 4
19 24 3
19 24 2
19 25 1
19 26 2
19 26 5
20 21 1
20 21 1
20 22 2
20 22 2
20 23 3
20 25 6
20 27 5
20 27 3
21 22 1
21 22 1
21 23 2
21 25 5
21 27 4
21 27 2
22 23 1
22 25 4
22 27 3
22 27 1
23 28 2
23 28 4
24 24 1
24 25 2
24 25 1
24 26 5
24 26 2
24 26 4
24 26 3
25 26 3
25 26 4
25 27 1
25 27 3
26 26 7
27 27 2
28 28 2
