38 94
1
1
1
1
1
1
1
1
1
1
1
2
1
1
1
1
2
1
1
1
1
1
1
1
1
1
1
1
1
2
2
1
1
2
1
1
1
4
0 1 3
0 2 6
1 2 3
1 3 3
1 4 5
1 5 7
2 8 3
2 6 2
2 7 3
3 10 2
3 4 2
3 5 4
3 9 6
4 11 2
4 11 3
4 5 1
4 5 2
5 11 3
5 11 4
6 8 2
6 8 1
6 12 4
6 7 5
7 8 6
7 13 3
7 14 5
7 15 2
8 12 6
9 16 4
9 16 2
9 10 4
10 17 2
10 18 4
11 11 1
13 19 3
13 15 5
13 15 3
13 14 2
13 14 1
14 19 4
14 15 7
14 15 2
15 19 6
16 16 2
17 18 2
17 18 2
17 20 4
18 20 2
19 37 8
20 21 3
20 22 5
21 24 3
21 22 6
21 22 2
21 23 2
22 24 3
22 23 4
23 24 1
23 24 1
23 25 2
23 26 4
24 25 3
24 26 5
25 26 2
25 27 6
25 28 2
26 28 6
26 29 4
26 29 2
27 32 2
27 28 4
27 30 6
27 31 5
28 29 2
28 29 4
29 29 2
30 32 4
30 33 3
30 33 5
30 31 7
30 31 1
31 32 3
31 33 4
31 33 2
32 34 5
32 35 4
32 36 2
33 33 2
34 35 6
34 35 1
34 36 5
34 36 3
35 36 1
35 36 2
