52 102
1
1
1
1
1
1
1
1
1
1
1
1
1
1
1
1
1
1
1
1
1
1
1
1
1
1
1
1
1
2
1
1
1
1
1
1
1
1
1
1
1
1
1
1
1
1
1
1
1
1
2
4
0 1 3
0 2 5
1 2 2
1 3 2
1 4 4
2 5 3
2 6 3
3 4 6
3 4 2
3 7 3
4 7 3
5 8 3
5 9 3
5 6 6
7 11 2
7 10 4
8 9 6
8 12 4
8 13 6
10 11 2
11 15 6
11 14 4
12 16 3
12 13 2
12 13 1
12 17 5
13 16 4
13 17 6
14 15 2
14 18 2
14 19 3
14 20 5
14 21 6
16 17 2
16 17 2
16 23 4
17 23 2
18 19 1
18 19 6
18 20 3
18 20 5
18 21 4
19 20 2
19 20 1
19 21 3
20 21 1
21 22 5
22 24 2
22 25 6
23 26 3
24 25 4
25 27 3
25 28 6
26 29 2
26 29 4
26 30 6
27 28 3
28 32 3
28 31 2
29 29 2
29 30 4
29 30 2
30 33 2
30 34 3
31 32 5
31 35 3
31 36 6
33 34 5
33 38 5
33 37 3
35 36 3
36 40 4
36 39 2
37 42 6
37 38 2
37 41 3
38 42 3
38 43 5
39 40 2
40 44 3
40 45 5
41 42 3
42 43 2
43 48 2
43 46 4
43 47 3
44 49 3
44 50 5
44 50 6
44 45 2
46 48 1
46 48 6
46 51 8
46 47 2
46 47 1
47 48 3
47 48 5
47 51 8
48 51 8
49 50 2
49 50 3
50 50 1
