31 151
1
1
2
1
1
1
1
1
1
1
1
1
1
1
1
4
3
3
3
3
3
3
3
3
3
3
3
3
3
3
3
0 16 8
0 1 2
0 2 6
1 2 4
1 3 5
1 4 3
1 5 1
2 8 4
2 6 2
2 7 3
3 4 2
3 5 4
3 17 8
4 10 3
4 5 2
4 5 1
4 9 2
5 10 4
5 9 3
6 8 6
6 8 1
6 15 8
6 7 5
6 7 3
7 8 1
7 8 2
7 15 8
8 15 8
9 10 1
9 10 7
9 11 2
9 12 3
9 13 5
10 11 5
10 12 4
10 13 2
11 12 6
11 12 1
11 13 5
11 13 3
11 14 2
12 13 1
12 13 2
12 14 4
13 14 3
14 18 8
16 17 0
16 18 0
16 19 0
16 20 0
16 21 0
16 22 0
16 23 0
16 24 0
16 25 0
16 26 0
16 27 0
16 28 0
16 29 0
16 30 0
17 18 0
17 19 0
17 20 0
17 21 0
17 22 0
17 23 0
17 24 0
17 25 0
17 26 0
17 27 0
17 28 0
17 29 0
17 30 0
18 19 0
18 20 0
18 21 0
18 22 0
18 23 0
18 24 0
18 25 0
18 26 0
18 27 0
18 28 0
18 29 0
18 30 0
19 20 0
19 21 0
19 22 0
19 23 0
19 24 0
19 25 0
19 26 0
19 27 0
19 28 0
19 29 0
19 30 0
20 21 0
20 22 0
20 23 0
20 24 0
20 25 0
20 26 0
20 27 0
20 28 0
20 29 0
20 30 0
21 22 0
21 23 0
21 24 0
21 25 0
21 26 0
21 27 0
21 28 0
21 29 0
21 30 0
22 23 0
22 24 0
22 25 0
22 26 0
22 27 0
22 28 0
22 29 0
22 30 0
23 24 0
23 25 0
23 26 0
23 27 0
23 28 0
23 29 0
23 30 0
24 25 0
24 26 0
24 27 0
24 28 0
24 29 0
24 30 0
25 26 0
25 27 0
25 28 0
25 29 0
25 30 0
26 27 0
26 28 0
26 29 0
26 30 0
27 28 0
27 29 0
27 30 0
28 29 0
28 30 0
29 30 0
