66 129
1
1
1
1
1
1
1
2
1
1
1
1
1
1
1
1
1
1
1
1
1
1
1
1
1
1
1
1
1
1
1
1
1
1
1
1
2
1
1
1
1
1
1
1
1
1
1
1
1
1
1
1
1
1
1
1
1
1
1
1
1
1
1
2
1
4
0 1 2
0 2 6
1 2 4
1 3 5
1 4 2
2 5 2
2 6 3
3 4 3
3 7 5
3 7 3
4 8 2
4 9 4
5 6 5
6 11 2
6 10 3
7 7 2
8 9 2
9 12 3
9 13 6
10 11 5
10 14 3
10 15 6
11 65 8
12 16 4
12 13 3
12 17 6
14 18 2
14 19 4
14 15 3
16 20 3
16 21 6
16 17 2
18 19 2
19 22 2
19 23 4
20 24 2
20 21 3
20 25 5
22 23 2
23 27 5
23 26 3
23 28 6
24 25 3
24 29 4
24 30 2
26 31 2
26 32 4
26 27 2
26 28 3
27 28 2
27 28 1
29 33 4
29 34 2
29 35 5
29 30 2
31 32 2
31 36 6
31 36 4
32 37 2
32 38 5
32 39 6
33 40 2
33 41 4
33 34 2
33 35 1
33 35 1
34 35 3
34 42 6
34 43 4
34 44 3
35 40 3
35 41 3
36 36 2
37 46 5
37 45 3
37 38 3
37 39 4
38 39 2
38 39 1
40 41 2
40 41 6
40 47 3
41 47 5
42 43 2
42 43 7
42 44 3
42 44 5
43 44 1
43 44 2
45 46 2
46 48 5
46 49 3
46 50 2
47 51 6
48 49 6
48 49 2
48 50 3
48 52 3
49 50 1
49 52 3
50 53 4
50 54 5
51 56 5
51 55 3
53 57 4
53 54 6
53 54 1
54 57 2
55 56 6
55 56 2
55 58 3
56 58 3
57 59 2
57 60 3
57 61 5
57 62 7
58 63 5
58 63 3
59 60 1
59 60 6
59 61 3
59 61 5
59 62 5
60 61 2
60 61 1
60 62 4
61 62 2
62 64 4
63 63 2
