39 73
1
1
1
2
1
1
1
1
1
1
1
1
1
1
1
1
1
2
1
1
1
1
1
2
1
1
2
1
1
1
1
1
2
1
1
1
1
1
4
0 1 3
0 38 8
1 2 2
1 3 6
2 3 4
2 3 6
2 4 3
3 4 3
4 5 2
4 6 4
5 6 2
6 8 4
6 7 2
7 8 2
8 9 2
8 10 6
9 10 4
9 11 2
9 12 4
11 12 2
11 13 5
11 14 2
12 16 6
12 14 2
12 15 5
13 14 3
14 16 4
14 15 3
15 16 2
15 16 1
15 17 2
16 17 4
17 18 3
17 19 5
18 19 2
18 20 2
19 21 3
19 22 6
20 24 6
20 23 3
21 24 4
21 22 3
21 23 2
22 25 3
22 26 5
23 24 2
23 24 3
25 26 2
25 27 4
25 28 6
26 28 2
26 29 5
27 28 2
27 30 3
27 31 5
28 29 3
30 32 5
30 32 3
30 31 2
31 33 3
31 34 4
31 35 6
32 32 2
33 34 2
33 34 1
33 35 3
33 35 3
33 36 2
34 35 1
34 35 2
34 36 4
35 36 5
36 37 2
