30 61
1
1
1
1
1
1
1
1
1
1
1
1
1
1
1
1
1
1
1
2
1
1
2
1
2
1
1
1
1
4
0 1 3
0 2 5
0 29 8
1 2 2
2 3 3
2 4 2
3 4 5
3 5 2
3 7 5
4 10 2
4 11 3
4 12 4
5 6 5
5 7 3
6 16 6
6 15 5
6 14 3
6 13 2
7 8 3
8 9 6
9 17 3
9 18 6
10 12 6
10 12 1
10 11 5
10 11 3
11 12 1
11 12 2
13 16 4
13 14 6
13 14 1
13 15 3
14 16 3
14 15 2
15 16 6
15 16 1
17 18 3
17 19 3
17 19 5
18 20 2
18 21 5
19 19 2
20 21 3
20 22 3
20 22 5
21 24 3
21 23 1
22 22 2
23 24 4
23 24 1
23 25 4
24 25 5
25 26 2
25 27 3
25 28 4
26 27 5
26 27 3
26 28 6
26 28 1
27 28 1
27 28 2
