56 121
1
1
1
1
1
1
1
1
1
1
1
1
1
1
1
1
1
1
1
1
1
1
1
1
1
1
1
1
1
1
2
1
1
1
1
1
1
2
1
1
1
1
1
1
1
1
1
1
1
1
1
2
1
1
1
4
0 1 2
0 2 6
1 2 4
1 3 3
1 4 5
1 5 6
3 4 2
3 5 3
3 6 3
3 7 5
4 5 2
4 5 1
6 7 2
7 8 3
7 9 5
8 9 2
8 11 4
8 12 2
9 10 3
9 55 8
10 55 8
10 13 3
10 15 6
11 16 6
11 18 2
11 12 2
11 17 3
12 19 2
12 20 5
12 21 6
13 14 3
13 15 3
14 22 6
14 23 3
16 24 3
16 25 2
16 18 4
16 17 3
17 18 2
17 18 1
19 20 3
19 26 3
19 21 4
19 22 5
20 21 1
20 21 2
22 26 2
22 23 3
23 27 2
23 28 4
24 25 6
24 25 1
24 29 2
25 29 4
26 30 6
26 30 4
27 32 4
27 28 2
27 31 6
28 33 2
28 34 5
29 35 6
29 36 4
30 30 2
31 32 2
32 37 6
32 37 4
32 38 2
33 34 3
34 40 4
34 39 2
35 36 2
37 37 2
37 38 4
37 38 2
38 41 3
38 42 5
38 43 7
39 40 2
40 44 1
40 45 2
40 46 4
40 47 6
41 42 2
41 43 4
41 48 6
41 49 4
41 50 3
42 51 2
42 51 3
42 43 1
42 43 2
43 51 3
43 51 4
44 45 1
44 45 7
44 46 3
44 47 5
45 46 2
45 47 4
46 47 2
46 47 1
46 52 2
46 53 3
46 54 5
47 52 3
47 53 4
47 54 6
48 50 3
48 50 5
48 49 2
48 49 7
49 50 1
49 50 2
51 51 1
52 53 2
52 53 1
52 54 3
52 54 3
53 54 1
53 54 2
