36 68
1
1
1
1
1
1
1
1
1
1
1
1
1
1
1
1
1
1
1
1
1
1
1
1
2
1
2
1
1
1
1
1
1
1
2
4
0 1 2
0 2 4
1 2 2
2 3 3
2 5 6
3 4 3
3 5 3
4 6 4
4 7 2
5 8 2
5 9 4
6 7 2
7 10 4
7 11 2
8 9 2
8 12 3
8 13 6
9 14 2
9 15 3
10 11 2
11 16 3
11 17 5
11 18 6
12 19 4
12 20 2
12 13 3
14 35 8
14 15 5
16 17 2
16 18 3
16 21 2
16 22 3
16 23 5
17 18 1
17 18 2
19 24 3
19 25 5
19 20 2
20 26 3
20 26 5
21 22 1
21 22 6
21 23 3
21 23 5
22 23 2
22 23 1
24 25 3
24 25 2
24 27 1
24 28 5
25 27 4
25 28 2
26 26 2
27 28 1
27 28 6
27 29 4
28 29 5
29 30 3
30 32 2
30 33 5
30 31 3
31 32 6
31 32 1
31 33 2
32 33 3
33 34 3
33 34 3
34 34 6
