39 68
1
1
1
1
1
1
1
1
1
1
1
1
1
1
1
1
1
1
1
1
1
1
1
1
1
1
1
1
1
1
1
1
1
1
1
1
1
1
4
0 1 2
0 2 5
1 2 3
1 3 5
1 4 3
2 5 3
2 6 5
3 4 2
4 8 2
4 7 6
5 9 2
5 10 5
5 11 6
5 6 2
6 38 8
7 8 4
7 12 4
7 13 2
8 15 2
8 14 4
9 10 3
9 11 4
10 16 2
10 11 1
10 11 2
10 17 5
11 16 4
11 17 3
12 13 2
14 15 2
15 18 2
15 19 4
16 17 2
16 17 7
18 19 2
19 20 3
19 21 5
20 21 2
21 22 2
21 23 4
22 23 2
23 24 3
23 25 4
23 26 6
24 25 1
24 25 2
24 26 3
24 27 3
24 28 5
25 26 2
25 27 5
25 28 7
26 28 2
26 29 5
27 28 2
28 29 3
29 30 3
29 31 6
30 31 3
31 32 2
31 33 3
32 33 5
33 34 4
33 35 2
34 35 2
34 36 4
34 37 2
36 37 2
