61 101
1
1
1
1
1
1
1
1
1
1
1
1
1
1
1
1
1
1
1
1
1
1
1
1
1
1
1
1
1
1
1
1
1
1
1
1
1
1
1
1
1
1
1
1
1
1
1
1
1
1
1
1
1
1
1
1
1
1
1
2
4
0 1 3
0 2 6
1 2 3
1 4 3
1 5 5
2 3 4
3 8 4
3 6 2
4 5 2
5 11 2
5 12 5
6 8 2
6 7 4
7 14 6
7 13 2
8 9 3
9 10 4
10 16 5
10 15 3
11 12 3
12 17 3
12 18 2
13 19 4
13 20 2
13 14 4
14 21 3
14 22 2
15 16 2
15 16 2
15 24 4
16 24 6
17 25 2
17 18 5
17 19 5
19 20 2
19 25 3
20 27 4
20 26 2
21 30 6
21 22 5
21 29 3
22 23 3
23 24 3
23 31 3
24 31 6
26 27 2
27 28 5
28 33 3
28 37 6
29 30 3
29 37 2
29 38 5
30 40 2
30 42 3
31 32 4
31 60 8
32 60 8
32 44 2
32 45 6
33 34 5
33 37 3
34 35 5
35 36 3
36 47 4
36 39 2
37 38 3
38 39 4
39 47 6
40 41 4
40 42 5
41 48 3
41 44 3
42 43 5
43 49 3
43 50 2
44 45 4
44 48 6
45 46 4
46 51 2
46 52 5
47 49 2
47 53 2
48 54 2
48 55 4
49 50 5
49 53 4
50 51 3
51 52 3
52 54 3
52 55 2
53 56 2
53 57 4
53 58 6
54 55 1
54 55 6
56 57 2
56 58 4
56 59 2
56 59 4
57 58 2
59 59 2
