119 195
1
1
1
1
1
1
1
1
1
1
1
1
1
1
1
1
2
1
1
1
1
1
1
1
1
1
1
1
1
1
1
1
1
1
1
1
1
1
1
1
1
1
1
1
1
1
1
1
1
1
1
1
1
1
1
1
1
1
1
1
1
1
2
1
1
1
1
1
1
1
1
1
1
1
1
1
1
1
1
1
1
1
1
1
1
1
1
1
1
1
2
1
1
1
1
1
1
1
1
1
1
1
1
1
1
2
1
1
1
1
1
1
1
1
1
1
1
1
4
0 1 2
0 3 5
1 2 3
1 3 3
2 4 2
2 6 5
3 8 2
3 9 4
4 5 4
4 6 3
5 10 2
5 11 2
6 7 3
7 12 2
7 14 3
8 9 2
9 14 3
9 15 6
10 16 3
10 16 5
10 11 4
11 17 3
11 19 6
12 13 5
12 14 5
13 21 3
13 22 5
14 15 3
15 24 3
15 23 3
16 16 2
17 19 3
17 18 5
18 26 4
18 25 2
19 20 4
20 27 3
20 29 5
21 22 2
21 29 3
21 30 6
22 24 3
22 31 2
23 24 6
24 31 5
25 26 2
26 32 4
26 33 6
27 28 5
27 29 2
28 34 4
28 36 6
29 30 3
30 39 6
30 38 3
31 40 2
31 41 3
32 33 2
32 43 6
32 42 3
34 36 2
34 35 4
35 44 3
35 45 6
36 37 3
37 46 4
37 38 2
38 46 6
38 39 3
39 40 2
39 47 3
40 41 5
40 47 5
41 48 4
41 50 2
42 43 3
43 44 4
44 45 3
45 51 3
45 52 5
46 54 5
46 53 3
47 56 2
47 57 3
48 50 6
48 49 3
50 59 2
50 61 3
51 52 2
51 62 2
51 62 4
52 63 3
52 53 3
53 54 2
53 63 6
54 55 3
55 65 4
55 67 2
56 57 5
56 66 3
56 68 6
57 58 3
58 69 2
58 71 4
59 60 3
59 61 5
60 73 2
60 75 3
61 76 6
61 70 2
62 62 2
63 64 5
64 79 3
64 78 2
65 66 4
65 67 6
66 68 3
67 81 2
67 82 3
68 83 2
68 84 4
69 70 4
69 71 6
70 76 4
71 72 3
72 85 4
72 86 6
73 74 4
73 75 5
74 118 8
75 88 3
75 87 3
76 77 3
77 89 4
77 86 2
78 79 5
79 80 3
80 90 4
80 90 2
81 91 3
81 92 3
81 82 5
82 96 3
82 93 2
83 97 2
83 98 4
83 84 1
83 84 2
84 97 3
84 98 3
85 99 6
85 91 2
85 86 2
86 89 2
87 88 6
87 100 2
87 102 3
89 104 6
89 103 4
90 90 2
91 99 4
91 92 6
92 105 3
92 105 5
93 96 5
93 94 3
94 95 4
95 106 2
95 107 2
96 108 3
97 98 6
97 98 2
99 106 4
99 109 2
100 101 3
100 102 5
102 113 5
102 110 3
103 104 2
103 107 3
104 112 2
104 114 4
105 105 2
106 107 4
106 109 2
110 113 2
110 111 5
111 112 3
112 114 6
114 115 3
114 116 3
115 116 2
115 116 6
115 117 4
116 117 6
