268 518
1
1
1
1
1
1
1
1
1
1
1
1
1
1
1
1
1
1
1
1
1
1
1
1
1
1
1
1
1
1
1
1
1
1
1
1
1
1
1
1
1
1
1
1
1
1
1
1
1
1
1
1
1
1
1
1
1
1
1
1
1
1
1
1
1
1
1
1
1
1
1
1
1
1
1
1
1
1
1
1
1
1
1
1
1
1
1
1
1
1
1
1
2
1
2
1
1
1
1
1
1
1
1
1
1
1
1
1
1
1
1
1
2
1
1
1
1
1
1
1
1
1
1
1
1
1
1
1
1
1
1
1
1
1
1
1
1
1
1
1
1
1
1
1
2
1
1
1
1
1
1
1
2
1
1
1
2
1
1
1
1
1
2
1
1
1
1
1
1
1
1
1
1
1
1
2
1
1
2
1
1
1
1
1
1
1
1
1
1
1
2
1
1
1
1
1
1
1
1
2
1
1
1
1
2
1
1
1
1
1
1
2
2
1
1
1
1
1
1
1
1
1
1
1
1
1
1
1
1
1
1
1
1
1
1
1
1
1
1
1
1
1
1
1
1
1
2
1
1
1
1
1
2
1
1
1
1
1
1
1
1
1
1
1
1
1
1
4
0 1 2
0 2 4
1 2 2
1 3 5
1 4 2
2 5 4
2 6 6
3 8 3
3 4 3
3 7 5
4 10 5
4 9 3
5 11 3
5 12 4
5 13 6
5 6 2
6 16 3
6 14 2
7 8 2
8 17 3
8 18 5
9 10 2
9 19 4
9 20 2
10 20 2
10 21 4
11 12 2
11 12 1
11 13 3
11 13 3
11 22 3
12 13 1
12 13 2
12 22 5
13 22 6
14 16 5
14 15 3
15 24 3
15 23 2
16 26 3
16 27 6
17 18 2
17 28 6
17 29 4
18 32 6
18 30 3
19 20 6
19 21 2
19 33 2
20 21 2
21 33 4
22 34 3
22 35 5
22 36 2
23 24 5
23 37 3
23 38 5
23 39 6
24 25 4
25 40 2
25 41 3
26 27 3
26 42 3
26 43 5
27 44 3
27 45 6
28 29 2
29 46 2
29 47 5
30 32 3
30 31 5
31 32 3
31 48 3
32 48 6
33 49 3
33 50 6
34 51 4
34 35 2
34 36 5
34 52 2
35 36 7
35 36 2
35 53 3
36 53 5
37 55 2
37 39 3
37 54 4
37 38 2
38 56 4
38 55 2
38 39 1
38 39 1
39 56 5
39 55 3
40 58 6
40 57 3
40 41 5
41 267 8
42 59 2
42 43 2
42 43 6
43 59 4
44 60 4
44 61 6
44 45 3
45 62 3
45 63 2
46 65 5
46 66 2
46 47 3
47 66 2
47 67 4
48 68 2
48 69 5
49 50 3
49 70 3
49 71 6
50 72 3
51 52 2
51 52 6
51 53 4
52 53 2
54 73 4
54 74 2
54 55 6
55 56 2
56 75 5
56 74 2
57 58 3
57 76 5
57 77 2
59 72 4
59 78 2
60 80 6
60 61 2
60 79 3
61 81 2
61 82 4
62 83 2
62 84 4
62 63 5
63 64 3
64 85 4
64 86 2
65 66 3
66 67 2
67 88 6
67 87 3
68 89 2
68 90 6
68 69 3
69 91 3
69 70 3
70 91 6
70 71 3
71 92 3
71 92 5
72 78 2
73 74 6
73 75 2
73 93 2
74 75 3
75 93 4
76 77 3
76 94 5
76 94 3
77 85 5
77 95 2
78 96 3
78 97 5
79 80 3
79 98 3
79 99 2
80 81 3
80 100 3
81 82 2
81 100 6
82 102 4
82 101 2
83 98 1
83 84 2
83 103 5
84 104 4
84 105 2
85 86 6
85 95 3
87 88 3
87 107 6
87 106 3
88 108 2
88 109 3
89 90 4
89 110 4
89 111 2
90 112 3
90 112 5
91 113 1
91 114 2
91 115 4
92 92 2
93 116 3
93 117 3
94 94 2
95 120 2
95 119 3
95 118 5
96 97 2
98 99 1
98 103 4
99 121 4
99 122 6
100 101 2
100 102 4
101 102 6
101 102 2
103 121 4
103 122 2
104 105 6
104 123 3
104 125 2
104 124 4
105 125 2
106 107 3
106 126 2
106 127 4
107 128 4
107 129 2
108 130 3
108 131 5
108 109 5
110 132 6
110 133 3
110 111 2
111 134 3
111 135 2
112 112 2
113 115 5
113 136 4
113 114 3
114 115 2
115 137 2
115 138 2
116 139 3
116 117 2
116 117 6
117 139 5
118 120 3
118 119 2
118 139 6
119 120 1
119 120 2
119 140 2
120 140 4
121 122 2
121 122 2
123 124 6
123 124 1
123 141 4
123 125 5
124 141 2
124 125 6
126 143 2
126 142 5
126 127 2
127 144 5
127 144 6
127 143 3
128 145 2
128 146 6
128 129 6
129 130 2
129 147 4
130 147 6
130 131 2
131 148 3
131 149 5
132 151 5
132 133 3
132 150 2
133 152 2
133 153 4
134 154 3
134 155 5
134 135 5
136 156 4
136 156 2
137 138 4
137 157 4
137 158 2
138 160 4
138 159 2
141 162 2
141 162 4
142 143 3
143 144 2
143 144 3
144 144 1
145 146 4
145 163 3
145 164 5
145 165 6
146 166 3
146 167 3
147 168 3
147 169 5
148 170 6
148 149 2
148 167 2
149 172 3
149 171 2
150 151 3
151 173 3
151 174 5
152 153 2
152 153 2
152 175 3
152 175 4
153 175 5
153 175 6
154 176 2
154 177 3
154 155 2
155 178 2
155 178 4
156 156 6
157 158 6
159 160 2
159 179 6
159 180 4
160 161 4
161 181 2
161 182 6
162 162 2
163 184 5
163 164 2
163 165 3
163 183 2
164 165 1
164 165 2
164 185 2
165 185 4
166 186 2
166 187 3
166 167 6
167 170 4
168 169 2
168 188 4
168 189 2
169 188 4
169 189 2
170 190 3
170 190 3
171 192 6
171 172 5
171 191 3
172 196 2
172 195 3
173 174 2
175 175 1
176 177 5
176 197 2
176 198 6
177 199 2
177 199 4
178 178 6
179 180 2
179 180 6
179 198 2
180 198 4
181 200 6
181 182 4
181 201 3
182 202 2
182 203 5
183 184 3
183 204 5
183 204 3
184 205 2
184 206 5
185 208 4
185 207 2
186 209 2
186 210 5
186 187 5
187 211 3
187 211 3
188 189 6
188 189 2
190 190 6
191 192 3
191 212 4
191 212 2
192 193 3
193 194 5
194 213 2
194 215 3
195 196 6
195 196 1
197 216 4
197 198 4
197 217 2
199 199 6
200 201 3
200 218 2
200 219 5
201 220 5
201 221 2
202 203 3
204 204 2
205 222 6
205 206 3
205 223 3
206 224 3
207 208 2
207 225 3
207 226 4
207 227 6
208 227 2
209 228 4
209 210 3
209 229 2
210 230 3
210 231 6
211 211 6
212 212 2
213 214 3
213 215 5
214 232 3
214 233 5
215 234 2
215 235 5
216 217 1
216 217 2
216 236 5
216 237 3
217 236 4
217 237 2
218 219 3
218 238 2
218 235 4
219 240 2
219 239 4
220 224 4
220 241 2
220 221 3
221 242 6
221 243 4
222 223 3
223 245 2
224 241 6
225 226 1
225 226 2
225 227 3
226 227 2
228 229 2
228 229 2
230 246 3
230 246 5
230 231 3
231 248 6
231 247 3
232 249 4
232 250 2
232 233 2
233 250 2
233 251 4
234 235 3
235 238 2
236 240 4
236 237 2
236 237 2
236 239 3
237 240 6
237 239 5
238 252 4
238 252 6
239 240 6
239 240 1
242 243 2
242 253 4
242 254 2
242 255 5
243 244 5
244 256 3
244 257 5
245 258 2
245 259 5
246 246 2
247 248 3
248 260 4
248 261 6
249 250 6
249 262 4
249 263 2
250 251 2
251 262 4
251 263 2
252 252 2
253 264 3
253 254 2
253 254 1
253 255 1
253 255 2
254 264 2
254 255 3
254 255 3
255 264 5
256 257 2
256 257 2
256 259 3
257 259 5
258 259 3
260 261 2
262 263 6
262 263 2
264 265 5
264 266 3
265 266 2
