33 61
1
1
1
1
1
1
1
2
1
1
1
1
1
1
1
1
1
1
1
1
1
1
1
1
1
1
2
1
1
1
1
1
4
0 1 2
0 2 5
1 2 3
1 3 2
1 4 5
2 5 3
2 6 3
3 4 3
3 7 5
3 7 3
4 8 2
4 9 4
4 10 5
5 11 3
5 6 6
5 6 2
6 11 5
7 7 2
8 9 1
8 9 2
8 10 5
8 10 3
9 10 6
9 10 1
11 12 2
11 13 5
12 13 3
13 16 3
13 14 2
14 16 5
14 32 8
14 15 3
15 32 8
15 17 3
15 18 6
17 18 3
17 19 6
17 21 2
19 20 2
19 21 4
20 22 6
20 23 4
22 24 6
22 25 3
22 23 2
23 26 4
23 26 2
24 25 3
24 27 5
24 28 3
26 26 2
27 28 2
27 29 4
27 30 3
27 31 2
29 30 1
29 30 2
29 31 6
29 31 1
30 31 5
30 31 3
