55 111
1
1
1
1
1
1
1
1
1
1
1
2
1
1
2
1
1
2
1
1
1
1
1
1
1
1
2
1
1
1
1
1
1
1
1
1
1
1
1
2
1
1
1
2
1
1
1
1
1
1
1
1
1
1
4
0 1 2
0 2 4
0 3 6
1 2 2
1 3 4
2 3 2
2 4 2
2 5 5
3 54 8
4 5 3
4 6 3
4 7 5
5 8 2
6 9 4
6 7 6
6 7 2
7 9 2
9 10 2
9 11 6
10 11 4
10 11 6
10 12 4
11 12 2
12 13 2
12 14 4
12 14 6
13 16 6
13 14 2
13 14 4
13 15 2
14 14 2
15 16 4
16 17 4
16 17 2
16 18 2
17 17 2
17 18 6
17 18 4
18 19 2
18 20 3
19 20 5
19 21 5
19 22 3
20 24 3
20 23 2
21 25 2
21 26 5
21 22 2
22 27 3
22 25 2
23 24 5
24 28 3
24 29 3
25 26 3
25 27 5
26 27 2
26 30 5
26 31 4
27 30 3
27 31 2
28 29 6
30 32 2
30 31 1
30 31 6
31 32 4
32 33 2
32 34 3
33 34 5
33 35 3
33 36 6
34 37 1
35 36 3
35 38 6
35 39 4
35 39 2
36 40 6
36 41 3
36 42 2
37 43 1
37 43 5
38 41 2
38 42 4
38 39 2
38 39 4
39 39 2
40 41 3
40 42 4
40 45 5
40 44 2
41 42 1
41 42 2
43 43 6
44 45 3
44 46 6
46 48 4
46 47 6
47 48 2
47 49 3
47 50 2
47 51 2
47 52 5
49 50 1
49 50 6
49 51 5
49 52 2
49 53 2
50 51 4
50 52 3
50 53 4
51 52 7
51 52 2
