39 79
1
1
1
1
1
2
1
1
1
1
1
1
1
1
1
1
1
1
1
1
1
1
1
1
1
1
2
1
1
1
1
2
1
1
1
2
1
1
4
0 1 2
0 2 3
1 2 5
1 3 4
1 4 6
2 5 2
2 5 4
3 4 2
3 6 4
3 7 6
4 8 2
4 9 2
4 10 3
5 5 6
6 11 2
6 12 4
6 7 2
7 13 2
7 15 4
8 9 4
8 10 1
8 10 2
9 16 3
9 17 6
9 10 5
11 12 2
12 19 5
12 18 3
12 20 6
13 15 6
13 38 8
13 14 2
14 38 8
14 23 2
14 22 3
14 21 5
15 24 2
15 25 4
16 26 3
16 26 5
16 17 3
17 27 2
17 28 3
17 29 4
18 20 3
18 19 2
18 30 2
18 31 4
18 31 6
19 20 2
19 20 1
21 32 3
21 33 5
21 22 2
21 23 3
22 23 2
22 23 1
24 25 2
24 34 3
24 35 5
24 35 6
26 26 2
27 28 5
27 28 3
27 29 6
27 29 1
28 29 1
28 29 2
30 36 6
30 37 4
30 31 2
30 31 4
31 31 2
32 33 2
32 33 2
34 35 2
34 35 3
35 35 1
36 37 2
