29 118
1
1
1
1
1
1
1
1
1
1
4
3
3
3
3
3
3
3
3
3
3
3
3
3
3
3
3
3
3
0 1 2
0 2 5
0 11 8
0 28 8
1 2 3
1 3 6
1 4 4
1 5 3
1 28 8
2 6 2
2 7 3
2 8 4
2 28 8
3 4 7
3 4 2
3 5 5
3 5 3
4 5 2
4 5 1
6 8 6
6 8 1
6 10 8
6 7 5
6 7 3
7 8 1
7 8 2
7 10 8
8 10 8
9 11 8
9 12 8
9 13 8
9 14 8
9 15 8
9 16 8
9 17 8
9 18 8
9 19 8
9 20 8
9 21 8
9 22 8
9 23 8
9 24 8
9 25 8
9 26 8
9 27 8
9 28 8
11 12 0
11 13 0
11 14 0
11 15 0
11 16 0
11 17 0
11 18 0
11 28 0
12 13 0
12 14 0
12 15 0
12 16 0
12 17 0
12 18 0
12 28 0
13 14 0
13 15 0
13 16 0
13 17 0
13 18 0
13 28 0
14 15 0
14 16 0
14 17 0
14 18 0
14 28 0
15 16 0
15 17 0
15 18 0
15 28 0
16 17 0
16 18 0
16 28 0
17 18 0
17 28 0
18 28 0
19 20 0
19 21 0
19 22 0
19 23 0
19 24 0
19 25 0
19 26 0
19 27 0
20 21 0
20 22 0
20 23 0
20 24 0
20 25 0
20 26 0
20 27 0
21 22 0
21 23 0
21 24 0
21 25 0
21 26 0
21 27 0
22 23 0
22 24 0
22 25 0
22 26 0
22 27 0
23 24 0
23 25 0
23 26 0
23 27 0
24 25 0
24 26 0
24 27 0
25 26 0
25 27 0
26 27 0
