43 91
1
1
1
1
1
1
1
1
1
1
1
1
1
1
1
1
1
1
1
1
1
2
1
1
1
1
1
1
1
1
1
1
1
1
1
1
1
1
2
1
2
1
4
0 1 2
0 2 5
1 2 3
1 3 6
1 4 4
1 5 2
2 6 2
2 7 4
3 4 2
3 5 4
4 5 2
4 8 2
4 9 5
4 10 6
5 10 3
5 9 5
6 7 6
7 11 4
7 12 6
8 9 3
8 10 4
9 10 1
9 10 2
11 12 2
11 12 1
11 13 3
11 14 5
12 13 4
12 14 6
13 14 2
13 14 2
13 15 4
14 15 2
15 16 2
15 17 5
16 17 1
16 17 7
16 18 4
16 19 2
17 18 3
17 19 3
18 19 2
18 19 6
18 20 4
19 20 6
20 42 8
20 21 1
20 21 3
20 22 5
21 42 8
21 42 8
21 21 2
21 22 4
21 22 2
22 42 8
22 23 3
23 24 2
23 25 4
24 25 2
25 26 2
25 27 4
26 27 2
27 28 2
27 29 4
28 29 2
29 30 3
29 31 6
30 32 2
30 33 4
30 31 3
32 33 2
33 34 2
33 35 5
34 35 3
35 36 4
35 37 6
36 41 7
36 37 2
36 38 3
36 38 5
36 39 7
37 40 2
37 40 4
38 41 4
38 41 2
38 38 2
38 39 4
38 39 2
39 41 0
39 41 0
40 40 6
