30 66
1
1
1
1
1
1
1
1
1
1
1
1
1
2
1
2
2
1
1
1
2
1
1
2
1
1
1
1
1
4
0 1 2
0 2 4
0 3 6
1 2 2
1 3 4
2 3 2
2 4 2
2 5 5
4 8 6
4 5 3
4 6 2
4 7 5
5 9 3
5 10 3
6 8 4
6 11 2
6 12 4
6 7 3
7 8 2
7 8 1
9 10 6
9 14 6
9 13 2
10 15 2
10 15 4
11 16 6
11 16 4
11 12 2
12 19 6
12 17 2
12 18 5
13 20 3
13 20 4
13 29 8
13 14 4
13 14 2
14 20 5
14 20 6
14 29 8
15 15 6
16 16 2
17 18 3
17 19 4
17 21 2
17 22 4
18 19 2
18 19 1
20 20 1
20 29 8
20 29 8
21 22 2
21 23 6
21 23 4
22 24 3
22 25 6
23 23 2
24 25 3
24 26 2
24 27 3
24 28 5
26 27 1
26 27 6
26 28 3
26 28 5
27 28 2
27 28 1
