35 71
1
1
1
1
1
1
1
1
1
1
1
1
1
1
1
1
1
1
1
1
1
1
1
1
1
2
1
1
1
1
1
1
1
1
4
0 1 3
0 2 6
1 2 3
1 3 2
1 4 5
2 5 2
2 6 3
2 7 5
3 4 3
4 8 3
4 9 6
5 6 1
5 6 2
5 7 3
5 7 3
6 7 2
6 7 1
8 11 5
8 12 4
8 13 2
8 9 3
9 10 3
10 14 3
10 15 3
11 16 2
11 12 1
11 12 6
11 13 3
11 13 5
12 16 4
12 13 2
12 13 1
13 16 3
14 17 3
14 18 3
14 15 6
16 19 3
17 18 6
17 20 3
17 21 6
19 22 6
19 23 2
20 24 6
20 21 3
20 25 4
20 25 2
22 26 5
22 27 3
22 23 4
24 28 4
24 29 2
24 30 5
24 25 2
24 25 4
25 25 2
26 27 2
26 27 3
26 31 6
27 31 3
28 34 8
28 29 1
28 29 2
28 30 2
28 30 1
29 34 8
29 30 3
29 30 3
30 34 8
31 32 2
31 33 5
32 33 3
