36 79
1
1
1
1
1
1
1
1
1
2
1
2
1
1
1
1
1
1
1
1
1
1
1
2
1
2
1
2
1
1
1
1
1
1
1
4
0 1 2
0 2 5
1 2 3
1 3 6
1 4 3
2 5 3
2 6 6
3 4 3
4 8 4
4 7 6
5 6 3
6 9 2
6 9 4
6 10 2
6 35 8
7 8 2
8 11 5
8 12 1
9 9 6
9 10 4
9 10 2
9 35 8
9 35 8
10 35 8
10 13 3
10 14 5
11 12 1
11 12 4
11 15 3
12 15 4
13 16 3
13 14 2
13 14 2
14 16 5
15 19 5
15 17 2
15 18 4
16 20 4
16 21 6
17 18 1
17 18 2
17 19 5
17 19 3
18 19 6
18 19 1
20 21 2
20 22 2
20 23 4
20 23 6
22 24 6
22 25 4
22 25 2
22 23 2
22 23 4
23 23 2
24 25 2
24 25 4
24 26 4
24 27 2
25 25 2
26 27 2
26 27 3
26 28 5
27 28 2
28 29 3
28 30 5
29 30 2
29 30 2
29 31 3
30 31 5
31 32 4
31 33 3
31 34 2
32 33 1
32 33 2
32 34 6
32 34 1
33 34 5
33 34 3
