31 68
1
1
1
1
1
1
1
1
1
1
1
1
2
1
1
2
1
1
1
1
1
2
1
1
1
2
1
1
1
2
4
0 1 4
0 2 2
0 30 8
1 2 2
1 3 3
1 4 5
2 4 2
2 5 5
3 8 3
3 4 2
3 6 6
3 7 4
4 5 3
5 9 2
5 10 2
5 11 3
6 8 3
6 8 5
6 7 2
6 7 7
7 8 1
7 8 2
9 10 4
9 11 1
9 11 2
10 11 5
10 12 3
10 13 6
12 13 2
12 13 3
12 14 2
13 14 4
14 16 6
14 15 3
15 16 3
15 16 2
15 17 2
16 17 4
17 18 2
17 19 3
17 20 3
18 19 5
18 20 1
18 20 1
18 21 2
18 21 4
19 20 6
19 22 2
19 23 3
20 21 3
20 21 3
21 21 6
22 24 4
22 25 6
22 23 5
24 25 2
24 26 3
24 27 5
25 27 3
25 28 5
26 27 2
26 28 2
26 29 3
26 29 4
27 28 2
28 29 5
28 29 6
29 29 1
