29 76
1
1
1
2
1
1
1
1
1
2
1
1
1
1
2
1
1
1
1
1
1
1
1
1
1
1
1
2
4
0 1 2
0 2 5
1 2 3
2 3 2
2 3 1
2 4 1
2 5 2
2 6 3
3 3 1
3 4 3
3 4 2
3 5 4
3 5 3
3 6 5
3 6 4
4 5 1
4 6 2
4 7 2
4 8 5
5 9 2
5 9 4
5 6 1
5 6 1
6 9 3
6 9 5
7 8 3
8 10 3
8 11 6
9 9 2
10 11 3
10 12 2
10 13 3
10 14 5
10 14 6
12 13 1
12 13 1
12 14 3
12 14 4
12 15 2
13 14 2
13 14 3
13 15 3
14 14 1
15 16 3
15 17 5
16 17 2
17 18 2
17 19 4
18 19 2
19 20 2
19 21 5
20 21 3
21 22 4
21 23 6
22 23 2
23 24 2
23 25 3
23 26 3
24 25 3
24 25 5
24 26 1
24 26 1
24 27 2
24 27 4
24 28 8
25 26 2
25 26 6
25 27 5
25 27 1
25 28 8
26 27 3
26 27 3
26 28 8
27 27 6
27 28 8
27 28 8
