36 90
1
1
1
1
1
1
1
1
1
1
1
1
1
2
1
2
1
1
1
1
1
1
1
4
3
3
3
3
3
3
3
3
3
3
3
3
0 24 8
0 1 2
0 2 5
1 25 8
1 2 3
2 3 3
2 4 6
3 4 3
3 29 8
4 5 2
4 6 3
5 8 3
5 6 5
5 7 2
6 26 8
7 8 5
7 28 8
8 32 8
8 9 2
8 10 3
9 32 8
9 10 5
9 27 8
10 11 2
10 12 3
10 32 8
11 12 5
11 13 3
11 13 3
11 14 1
11 23 8
12 30 8
13 13 6
13 14 4
13 14 2
13 23 8
13 23 8
14 33 8
14 34 8
14 35 8
14 15 2
14 15 4
14 23 8
15 33 8
15 33 8
15 34 8
15 34 8
15 35 8
15 35 8
15 15 2
16 32 8
16 17 3
16 18 5
16 19 6
16 27 8
16 28 8
16 30 8
16 31 8
17 18 2
17 19 3
17 20 2
17 21 3
17 22 5
18 19 1
18 19 2
20 21 6
20 21 1
20 22 5
20 22 3
21 22 1
21 22 2
24 25 0
24 26 0
24 29 0
25 26 0
25 29 0
26 29 0
27 32 0
27 28 0
27 30 0
27 31 0
28 32 0
28 30 0
28 31 0
30 32 0
30 31 0
31 32 0
33 34 0
33 35 0
34 35 0
