53 98
1
1
1
1
1
1
1
1
1
1
1
1
1
1
1
1
2
1
1
1
1
1
1
1
1
1
1
1
1
1
1
1
2
1
1
2
1
1
1
1
1
1
1
1
1
1
1
1
1
1
1
1
4
0 1 2
0 2 4
1 2 2
2 3 2
2 4 6
3 4 4
3 6 6
3 7 4
4 5 3
5 8 3
5 9 2
6 7 2
7 10 6
7 11 4
8 9 5
9 52 8
10 11 2
11 12 6
11 13 4
12 13 2
13 14 3
13 15 5
14 16 5
14 17 1
14 15 2
15 18 2
15 19 4
16 17 1
16 17 4
16 20 2
17 20 3
18 19 2
19 21 2
19 22 4
20 26 7
20 25 5
20 23 3
21 22 2
22 27 3
22 28 5
22 29 6
23 24 5
23 25 2
23 26 4
24 30 6
24 31 3
25 32 2
25 32 3
25 26 1
25 26 2
26 32 3
26 32 4
27 33 2
27 34 4
27 28 2
27 29 3
28 29 2
28 29 1
30 31 3
32 32 1
33 34 2
33 35 6
33 35 4
34 36 3
34 37 5
34 38 6
35 35 2
36 40 6
36 37 2
36 38 3
36 39 3
37 38 1
37 38 2
39 40 3
39 41 6
39 42 4
39 43 2
41 42 2
41 43 4
42 43 2
42 43 6
42 44 4
43 44 2
44 45 6
44 46 4
44 47 2
45 46 2
45 47 4
46 48 3
46 47 2
46 47 2
47 48 5
48 49 4
48 50 6
49 50 6
49 50 2
49 51 2
50 51 4
