32 72
1
1
1
2
1
1
1
2
1
1
1
1
2
1
1
1
1
1
1
2
1
1
1
2
4
3
3
3
3
3
3
3
0 1 3
0 2 5
0 25 8
1 2 2
1 26 8
2 3 2
2 3 4
2 4 2
2 24 8
2 29 8
3 24 8
3 24 8
3 3 6
3 4 4
3 4 2
3 29 8
3 29 8
4 5 3
4 6 2
4 24 8
4 29 8
5 8 2
5 6 5
5 7 5
6 27 8
7 8 3
7 8 2
7 9 2
8 9 4
9 10 3
9 11 6
10 11 3
10 28 8
10 30 8
10 31 8
11 12 4
11 12 3
12 12 1
13 27 8
13 28 8
13 29 8
13 14 6
13 15 2
14 25 8
14 26 8
14 30 8
14 15 4
15 16 6
16 17 3
16 18 5
17 18 2
17 19 3
17 19 5
18 20 2
18 21 5
19 19 2
20 21 3
20 23 3
20 23 5
21 22 5
22 31 8
23 23 2
24 29 0
25 26 0
25 30 0
26 30 0
27 28 0
27 29 0
28 29 0
28 30 0
28 31 0
30 31 0
