37 79
1
1
1
1
2
1
1
1
1
1
1
1
1
1
1
1
1
1
1
1
1
1
1
1
1
1
1
1
1
1
1
1
1
1
1
2
4
0 1 2
0 2 5
1 2 3
2 3 3
2 4 5
3 4 5
3 4 2
3 5 3
4 5 2
5 6 3
5 7 5
6 8 3
6 9 5
6 7 2
7 10 3
7 11 2
7 12 3
8 9 2
8 13 4
8 14 2
10 15 3
10 16 5
10 11 5
10 12 6
11 12 1
11 12 2
13 17 4
13 18 2
13 19 5
13 14 2
14 20 4
14 21 6
15 16 2
15 16 2
15 22 3
16 22 5
17 18 2
17 18 1
17 19 1
17 19 2
18 19 3
18 19 3
20 24 5
20 21 2
20 23 3
22 25 4
22 26 3
22 27 2
23 24 2
24 28 2
24 29 6
25 26 1
25 26 2
25 27 6
25 27 1
25 36 8
26 27 5
26 27 3
26 36 8
27 36 8
28 32 5
28 29 4
28 30 2
28 31 3
29 33 3
29 34 6
30 32 5
30 32 3
30 31 6
30 31 1
31 32 1
31 32 2
33 34 2
33 34 3
33 35 3
33 35 4
34 35 5
34 35 6
35 35 1
