30 60
1
1
1
1
1
2
1
1
1
1
1
1
1
1
1
1
1
1
1
1
1
1
1
1
1
1
1
1
1
4
0 1 3
0 2 5
1 2 2
1 3 2
1 4 4
3 4 2
4 5 3
4 5 5
4 6 7
4 7 7
5 5 2
5 6 4
5 6 2
5 7 4
5 7 2
6 8 4
6 7 0
6 7 0
7 8 4
8 9 4
8 10 2
9 10 6
9 11 3
9 12 6
11 16 6
11 12 3
11 14 2
11 15 5
12 13 4
13 17 3
13 18 6
13 29 8
14 16 4
14 19 4
14 20 6
14 15 3
15 16 2
15 16 1
17 18 3
17 21 2
17 22 3
17 23 5
17 29 8
18 24 3
18 25 6
18 29 8
19 20 2
21 26 2
21 22 6
21 22 1
21 23 5
21 23 3
22 26 4
22 23 1
22 23 2
23 26 3
24 25 3
25 27 4
25 28 6
27 28 2
