32 72
1
1
1
1
1
2
1
1
1
1
1
2
1
1
1
2
1
2
1
1
2
1
1
2
1
1
1
1
1
1
1
4
0 1 3
0 2 2
1 2 5
1 3 2
1 4 6
2 5 2
2 5 4
3 4 4
3 6 2
3 7 4
4 8 2
4 9 4
5 5 6
6 7 2
7 10 3
7 11 5
7 11 6
8 9 2
8 9 2
8 12 4
9 12 6
10 11 2
10 11 3
11 11 1
12 13 2
12 14 3
13 16 7
13 18 7
13 14 5
13 15 3
13 15 5
14 17 2
14 17 4
15 16 4
15 16 2
15 18 4
15 18 2
15 15 2
16 18 0
16 18 0
16 19 4
17 17 6
18 19 4
19 20 3
19 21 3
20 21 6
20 21 2
20 22 6
21 22 4
22 24 5
22 31 8
22 23 1
22 23 3
23 24 4
23 24 2
23 31 8
23 31 8
23 23 2
24 25 3
24 31 8
25 26 2
25 27 4
25 28 5
26 27 2
26 28 3
26 29 4
26 30 2
27 28 6
27 28 1
27 30 3
28 30 3
29 30 2
