31 74
1
1
2
1
1
1
1
1
1
1
1
1
1
1
1
1
1
1
1
1
4
3
3
3
3
3
3
3
3
3
3
0 1 3
0 2 5
0 20 8
0 21 8
0 25 8
0 26 8
1 25 8
1 2 2
1 2 2
1 3 3
1 26 8
2 26 8
2 3 5
2 25 8
3 4 3
3 5 5
4 5 2
4 6 4
4 7 6
5 8 2
5 9 4
5 10 3
6 7 2
6 24 8
6 27 8
6 28 8
6 29 8
6 30 8
8 9 2
8 9 1
8 10 5
8 10 3
9 10 7
9 10 2
11 25 8
11 12 2
11 13 4
11 21 8
12 26 8
12 13 2
13 24 8
13 14 2
13 15 5
14 24 8
14 27 8
14 15 3
15 16 3
15 17 2
15 24 8
16 17 5
16 18 3
16 19 5
17 23 8
17 28 8
17 22 8
18 19 2
18 30 8
19 29 8
20 21 0
21 25 0
22 28 0
22 23 0
23 28 0
24 27 0
24 28 0
24 29 0
24 30 0
25 26 0
27 28 0
27 29 0
27 30 0
28 29 0
28 30 0
29 30 0
