88 212
1
1
1
1
1
1
1
2
1
1
1
1
1
1
1
1
1
1
1
2
1
1
1
1
1
1
1
1
1
2
1
1
1
1
1
1
1
1
1
1
2
1
1
1
1
1
1
1
1
1
1
1
1
1
1
1
1
1
1
1
1
1
1
1
1
1
2
1
1
1
1
1
1
1
1
1
1
1
1
1
2
1
1
1
1
1
1
4
0 1 3
0 3 6
1 2 4
1 3 3
2 4 2
3 5 2
3 6 5
5 6 3
5 7 3
5 7 5
6 8 3
6 9 6
7 7 2
8 9 3
9 10 2
9 11 2
9 12 3
10 11 4
10 12 2
10 12 1
11 12 5
11 13 4
11 14 6
13 16 2
13 18 5
13 14 2
14 15 3
15 19 2
15 19 4
15 20 2
15 87 8
16 17 6
16 18 3
17 21 2
17 22 6
18 24 5
18 23 2
19 87 8
19 87 8
19 19 6
19 20 4
19 20 2
20 87 8
20 25 3
20 26 5
21 27 6
21 28 4
21 22 4
23 24 3
23 29 3
23 29 5
24 31 2
24 30 2
25 32 4
25 33 6
25 26 2
26 34 2
26 35 5
27 36 3
27 28 2
27 37 5
28 38 5
28 39 3
29 29 2
30 40 4
30 40 2
30 31 4
31 41 2
31 42 2
31 43 3
32 33 2
32 33 2
32 34 4
33 34 2
34 35 3
35 44 1
35 45 2
35 46 3
35 47 4
35 48 5
35 49 2
36 50 3
36 37 2
36 37 2
37 50 5
38 39 2
39 52 2
39 51 4
40 40 6
41 42 4
41 43 1
41 43 2
42 43 5
42 53 3
42 54 6
44 45 3
44 46 4
44 47 5
44 48 1
44 48 6
44 49 1
44 49 1
44 55 2
44 56 3
44 57 4
44 58 5
45 46 1
45 47 2
45 48 3
45 49 4
45 59 4
45 60 6
46 47 1
46 48 2
46 49 5
46 55 1
46 61 4
46 62 6
47 48 1
47 49 6
47 56 1
47 57 5
47 58 2
47 62 1
47 63 4
48 49 2
48 49 7
48 55 1
48 56 2
48 57 3
48 58 4
49 55 3
49 56 4
49 57 5
49 58 6
50 64 2
50 65 4
51 52 2
53 66 3
53 66 5
53 54 3
54 67 2
54 68 3
54 69 4
55 56 1
55 57 2
55 58 3
55 61 5
55 62 7
56 57 6
56 57 1
56 58 1
56 58 2
56 62 2
56 63 5
57 58 7
57 58 1
57 62 4
57 63 1
58 62 3
58 63 6
59 60 2
59 60 2
59 61 4
60 61 2
61 62 2
62 63 3
63 70 3
63 71 5
64 72 4
64 65 6
64 73 2
66 66 2
67 68 5
67 68 3
67 69 6
67 69 1
68 69 1
68 69 2
70 71 2
70 74 4
70 75 6
71 74 4
71 75 2
71 76 7
72 73 2
72 77 5
72 78 3
74 75 2
74 75 2
74 76 3
75 76 5
76 79 3
77 78 2
78 80 4
78 80 2
79 81 3
79 82 5
80 80 2
81 82 2
81 82 2
81 83 5
82 83 3
83 84 2
83 85 3
83 86 4
84 85 5
84 85 3
84 86 6
84 86 1
85 86 1
85 86 2
