44 86
1
1
1
1
1
1
1
1
1
1
1
1
1
2
1
1
1
2
1
1
1
1
1
1
1
2
1
1
1
2
1
1
1
1
1
1
1
1
1
1
1
1
2
4
0 1 2
0 2 4
1 2 2
1 3 3
1 4 5
2 5 4
2 6 6
3 4 2
5 8 4
5 6 2
5 7 2
6 9 2
7 8 2
8 10 3
8 11 5
9 43 8
9 13 4
9 13 2
10 11 2
10 14 2
10 15 4
11 12 3
12 16 3
12 17 3
13 43 8
13 43 8
13 13 6
14 19 3
14 18 5
14 15 2
15 20 2
15 21 4
16 17 4
16 17 6
16 22 2
17 22 6
18 24 2
18 19 2
18 23 4
19 25 3
19 25 5
20 21 2
22 26 6
22 27 4
22 28 3
23 24 2
23 29 4
23 29 2
24 30 3
24 31 5
25 25 2
26 27 7
26 27 2
26 28 5
26 28 3
27 28 2
27 28 1
29 29 6
30 32 5
30 31 2
30 31 2
31 32 3
32 33 5
32 34 3
33 34 2
33 34 2
33 35 5
34 35 3
35 36 4
35 37 2
35 38 2
36 37 2
36 38 6
37 38 4
37 39 6
37 40 4
37 41 3
38 42 2
38 42 4
39 40 2
39 40 7
39 41 3
39 41 5
40 41 1
40 41 2
42 42 6
