31 64
1
1
1
1
1
1
1
1
1
1
1
1
1
1
2
1
1
1
1
1
1
1
1
1
1
1
1
1
1
1
4
0 1 3
0 2 5
0 30 8
1 2 2
1 3 6
1 4 4
2 5 4
2 6 6
3 8 2
3 4 2
3 7 4
4 11 1
4 12 2
4 13 4
5 11 4
5 13 5
5 6 1
5 6 2
6 11 5
6 13 6
7 8 2
7 14 5
7 15 1
8 9 5
9 10 5
10 16 2
10 17 3
11 12 3
11 13 5
11 13 1
12 13 2
12 18 2
12 19 3
12 20 3
14 21 3
14 15 1
14 15 4
15 21 4
16 17 5
16 22 3
17 24 4
17 25 3
17 23 6
18 26 4
18 19 5
18 20 2
18 20 1
19 20 6
20 26 6
22 27 3
22 28 4
22 29 6
23 24 7
23 24 2
23 25 5
23 25 3
24 25 2
24 25 1
27 28 1
27 28 2
27 29 3
27 29 3
28 29 2
28 29 1
