35 94
1
1
1
1
1
1
1
1
1
1
1
1
1
1
1
1
1
1
1
1
1
1
4
3
3
3
3
3
3
3
3
3
3
3
3
0 32 8
0 33 8
0 34 8
0 22 8
0 23 8
0 24 8
0 25 8
0 26 8
0 27 8
0 28 8
0 29 8
0 30 8
0 31 8
1 25 8
1 2 4
2 3 2
2 4 4
3 4 2
3 26 8
4 5 2
4 6 3
5 34 8
5 6 5
6 8 2
6 7 4
7 8 6
7 9 2
7 10 4
8 33 8
9 10 6
9 11 4
9 12 2
10 32 8
11 12 6
11 13 4
11 14 2
12 31 8
13 16 2
13 14 6
13 15 4
14 30 8
15 16 2
15 17 2
15 18 3
16 29 8
17 18 5
17 19 4
17 20 2
17 21 5
18 28 8
19 20 1
19 20 2
19 21 2
19 21 1
20 21 3
20 21 3
22 23 0
22 25 0
22 26 0
22 27 0
22 28 0
22 29 0
22 30 0
23 25 0
23 26 0
23 27 0
23 28 0
23 29 0
23 30 0
24 32 0
24 33 0
24 34 0
24 31 0
25 26 0
25 27 0
25 28 0
25 29 0
25 30 0
26 27 0
26 28 0
26 29 0
26 30 0
27 28 0
27 29 0
27 30 0
28 29 0
28 30 0
29 30 0
31 32 0
31 34 0
31 33 0
32 33 0
32 34 0
33 34 0
