50 115
1
1
1
1
1
1
1
1
1
1
1
2
1
1
1
1
2
2
2
1
1
1
1
1
1
1
1
1
1
1
1
1
1
1
1
1
1
1
1
2
1
1
1
1
1
1
1
1
2
4
0 1 3
0 2 6
1 2 3
1 3 4
1 4 2
2 49 8
3 8 4
3 4 2
3 6 2
4 5 3
5 9 2
5 10 3
5 11 5
5 11 6
6 8 2
6 7 4
8 12 3
8 13 6
9 10 1
9 10 1
9 11 3
9 11 4
9 14 2
10 11 2
10 11 3
10 14 3
11 11 1
12 16 6
12 13 3
12 15 2
13 17 2
13 17 4
14 18 5
14 19 1
15 16 6
15 16 4
15 20 3
16 20 3
17 17 2
18 19 4
18 19 1
18 21 3
19 21 4
20 22 3
20 23 5
21 24 4
21 25 2
22 23 2
23 28 6
23 26 2
23 27 5
24 25 2
25 30 5
25 29 3
26 31 3
26 32 5
26 27 3
26 28 4
27 28 2
27 28 1
29 33 3
29 30 6
29 30 2
30 33 3
31 32 2
32 34 2
32 35 4
32 36 5
33 39 5
33 39 6
33 38 3
33 37 2
34 40 3
34 35 2
34 35 1
34 36 3
34 36 5
35 40 4
35 36 1
35 36 6
36 40 2
37 42 3
37 41 2
37 38 1
37 38 6
37 39 3
37 39 4
38 41 4
38 42 3
38 39 2
38 39 3
39 39 1
41 42 1
41 42 1
41 43 2
41 44 4
42 43 3
42 44 5
43 44 2
43 45 2
43 46 5
43 47 6
44 46 3
44 47 2
44 48 4
44 48 6
45 46 3
45 47 4
46 48 1
46 48 3
46 47 1
46 47 1
47 48 2
47 48 4
48 48 2
