48 95
1
1
1
1
1
1
1
1
1
1
2
2
1
1
1
1
1
1
1
1
2
1
1
1
4
3
3
3
3
3
3
3
3
3
3
3
3
3
3
3
3
3
3
3
3
3
3
3
0 24 8
0 1 3
0 2 5
0 25 8
1 2 2
1 26 8
2 3 2
2 4 5
2 5 6
3 4 3
3 5 4
3 40 8
3 41 8
3 42 8
3 43 8
3 27 8
4 5 2
4 5 1
4 6 2
4 7 5
5 6 4
5 7 3
6 7 7
6 7 2
8 9 3
8 10 5
8 27 8
8 26 8
8 25 8
9 27 8
9 10 2
9 11 6
9 11 5
10 27 8
10 12 4
10 13 6
11 11 1
12 13 2
12 14 3
12 15 5
13 16 2
13 17 4
14 18 4
14 15 2
14 15 6
15 18 2
16 17 2
16 17 2
16 28 8
16 29 8
17 28 8
17 29 8
18 19 2
18 20 6
19 20 4
19 20 5
19 21 2
19 22 4
20 21 3
20 22 1
21 22 2
21 22 1
21 23 3
22 23 4
24 25 0
25 26 0
27 43 0
27 40 0
27 41 0
27 42 0
28 29 0
32 33 0
32 34 0
32 35 0
32 36 0
33 34 0
33 35 0
33 36 0
34 35 0
34 36 0
35 36 0
36 44 0
36 45 0
36 46 0
38 39 0
39 47 0
40 41 0
40 42 0
40 43 0
41 43 0
41 42 0
42 43 0
44 45 0
44 46 0
45 46 0
