39 125
1
1
1
2
1
2
1
1
1
1
1
1
1
1
1
1
2
2
1
1
1
2
1
2
1
1
1
1
4
3
3
3
3
3
3
3
3
3
3
0 1 2
0 2 6
0 29 8
1 2 4
1 3 1
1 3 1
1 4 2
1 5 3
1 5 4
1 31 8
2 8 3
2 6 3
3 3 2
3 4 3
3 4 1
3 5 4
3 5 5
3 5 2
3 5 3
3 31 8
3 31 8
4 31 8
4 5 1
4 5 2
4 9 5
5 5 1
5 31 8
5 31 8
6 8 6
6 7 3
7 10 2
7 11 4
8 30 8
9 12 5
9 13 3
10 11 2
10 14 5
10 15 3
11 38 8
12 16 4
12 16 2
12 13 2
13 17 5
13 18 1
14 19 6
14 20 3
14 15 2
15 21 3
15 21 5
16 16 2
17 18 4
17 18 1
17 22 3
18 22 4
19 20 3
19 23 4
19 23 2
20 37 8
21 21 2
22 24 2
22 25 4
22 26 5
23 23 2
24 25 2
24 25 1
24 26 3
24 26 5
25 26 1
25 26 6
27 32 8
27 33 8
27 34 8
27 35 8
27 36 8
27 37 8
27 38 8
27 28 8
27 29 8
27 30 8
27 31 8
28 32 0
28 33 0
28 34 0
28 35 0
28 36 0
28 37 0
28 29 0
28 30 0
28 31 0
29 32 0
29 34 0
29 35 0
29 36 0
29 37 0
29 33 0
29 30 0
29 31 0
30 32 0
30 33 0
30 34 0
30 35 0
30 36 0
30 37 0
30 31 0
31 32 0
31 34 0
31 33 0
31 35 0
31 36 0
31 37 0
32 33 0
32 34 0
32 35 0
32 36 0
32 37 0
33 34 0
33 35 0
33 36 0
33 37 0
34 35 0
34 36 0
34 37 0
35 36 0
35 37 0
36 37 0
