40 71
1
1
1
2
1
1
1
1
1
1
1
1
1
1
1
1
1
1
1
1
2
1
1
1
1
1
1
1
1
1
1
1
1
1
1
1
1
1
1
4
0 1 2
0 3 3
0 3 4
1 2 5
1 3 5
1 3 6
2 4 2
2 5 4
3 3 1
4 8 4
4 5 2
4 7 2
5 6 3
5 39 8
6 9 2
6 10 4
6 39 8
7 8 2
7 11 5
7 12 3
7 13 2
8 15 5
8 14 3
9 10 2
11 16 3
11 17 2
11 12 2
11 13 3
12 13 1
12 13 2
14 18 3
14 19 6
14 15 2
15 20 2
15 20 4
16 17 6
16 17 1
16 21 2
17 21 4
18 19 3
18 22 2
18 23 4
20 20 6
21 26 2
21 24 5
21 25 4
22 27 5
22 28 2
22 23 2
23 29 3
23 30 5
24 25 6
24 25 1
24 26 5
24 26 3
25 26 1
25 26 2
27 28 3
29 30 2
30 32 2
30 31 5
31 32 3
32 33 2
32 34 4
33 34 2
34 35 2
34 36 4
35 36 2
36 37 4
36 38 6
37 38 2
