60 155
1
1
1
1
1
1
1
1
1
1
1
1
1
1
1
2
1
1
1
1
1
1
1
1
1
1
1
1
1
1
1
2
1
1
1
2
1
1
1
1
1
1
1
1
1
2
2
1
1
1
1
4
3
3
3
3
3
3
3
3
0 1 2
0 2 6
0 52 8
1 2 4
1 3 4
1 4 2
2 53 8
3 4 2
3 5 6
3 6 4
3 7 3
4 8 2
4 9 4
5 6 2
5 6 7
5 7 3
5 7 5
6 7 1
6 7 2
8 9 2
8 11 3
8 12 5
9 10 4
10 59 8
11 12 2
11 13 5
11 14 3
12 15 4
12 15 6
13 16 6
13 17 3
13 14 2
14 18 5
14 19 3
14 20 2
15 15 2
16 17 3
16 21 5
16 22 3
16 23 2
17 56 8
18 24 2
18 19 6
18 19 2
18 20 3
19 24 4
19 20 1
20 25 4
21 26 3
21 28 5
21 22 2
21 23 3
22 23 1
22 23 2
24 57 8
25 29 2
25 30 3
25 31 5
25 31 6
26 27 4
26 28 2
27 32 3
27 33 3
28 55 8
29 34 2
29 30 1
29 30 1
29 31 3
29 31 4
30 34 3
30 31 2
30 31 3
31 31 1
32 33 6
32 35 4
32 35 2
33 36 3
33 37 5
34 40 5
34 38 2
34 39 4
35 35 2
36 42 5
36 37 2
36 37 2
36 41 4
37 42 3
37 41 2
38 40 3
38 40 5
38 39 2
38 39 1
39 40 1
39 40 6
41 42 2
41 42 1
41 43 4
42 43 6
43 44 3
43 45 2
43 45 1
43 46 1
43 46 2
43 54 8
44 45 1
44 45 2
44 46 4
44 46 5
44 47 4
44 48 3
44 49 2
44 54 8
45 54 8
45 54 8
45 45 1
45 46 3
45 46 4
45 46 2
45 46 3
46 54 8
46 54 8
46 46 1
47 48 1
47 48 2
47 49 6
47 49 1
48 49 5
48 49 3
50 51 8
50 52 8
50 53 8
50 54 8
50 55 8
50 56 8
50 57 8
50 58 8
50 59 8
51 52 0
51 53 0
51 54 0
51 55 0
51 56 0
52 53 0
52 54 0
52 55 0
52 56 0
53 54 0
53 55 0
53 56 0
54 55 0
54 56 0
55 56 0
57 58 0
57 59 0
58 59 0
