60 117
1
1
2
1
1
1
1
1
1
1
1
1
1
1
1
1
1
1
1
1
1
2
1
1
1
1
1
1
2
1
1
1
2
1
1
1
1
1
1
1
1
1
1
1
1
1
1
1
1
1
1
1
1
1
2
1
1
1
1
4
0 1 2
0 2 6
0 59 8
1 2 4
1 2 6
1 3 3
2 3 3
3 4 3
3 5 6
4 8 4
4 5 3
4 7 2
5 6 4
6 9 4
6 10 6
7 8 2
7 12 5
7 11 3
7 13 7
8 15 4
8 14 2
9 16 2
9 17 4
9 10 2
11 12 2
11 13 4
11 18 6
11 19 4
11 20 2
12 13 1
12 13 2
12 21 2
12 21 3
13 21 3
13 21 4
14 15 2
14 22 4
14 23 2
15 24 4
15 25 6
16 26 6
16 27 4
16 17 2
18 19 2
18 20 4
18 28 3
18 28 5
19 20 2
19 29 6
19 30 4
19 31 3
20 32 3
20 32 5
21 21 1
22 33 6
22 34 4
22 23 2
23 35 2
23 36 4
24 25 2
24 26 5
24 37 3
26 27 2
26 37 2
28 28 2
29 30 2
29 30 7
29 31 3
29 31 5
30 31 1
30 31 2
32 32 2
33 34 2
34 38 3
34 39 2
35 40 4
35 41 2
35 36 2
36 43 4
36 42 2
38 44 2
38 39 1
38 39 6
39 44 4
40 41 2
40 41 2
40 42 4
41 42 6
42 43 2
43 45 3
43 46 5
43 47 6
44 48 5
44 49 3
45 46 2
45 46 1
45 47 3
45 47 5
46 47 1
46 47 6
48 49 2
48 50 6
48 51 3
50 51 3
50 52 4
50 53 2
51 54 3
51 54 5
52 56 2
52 53 2
52 55 2
54 54 2
55 56 4
56 57 3
56 58 2
57 58 6
57 58 1
