55 116
1
1
1
1
1
1
1
1
1
1
1
1
1
1
1
1
1
1
1
1
1
1
1
2
1
1
1
1
1
1
1
2
1
1
1
1
2
1
1
2
2
1
1
1
2
1
2
1
1
1
1
1
1
2
4
0 1 3
0 2 5
0 54 8
1 2 2
1 3 6
1 4 3
2 5 3
2 6 5
3 4 3
4 8 2
4 7 4
5 9 5
5 10 3
5 6 2
6 11 4
6 12 6
7 8 2
8 15 6
8 13 3
8 14 5
9 10 2
10 16 6
10 17 2
11 18 2
11 19 4
11 12 2
13 14 1
13 14 2
13 15 5
13 15 3
14 15 6
14 15 1
16 17 4
16 20 5
16 22 2
17 23 2
17 23 4
18 24 5
18 25 3
18 19 2
19 26 3
19 27 6
20 21 5
20 22 3
21 28 4
21 29 3
21 30 2
23 23 2
24 25 2
24 31 5
24 31 3
25 32 3
25 34 7
25 33 5
26 27 3
27 35 2
27 36 5
27 36 6
28 30 6
28 30 1
28 29 1
28 29 2
29 30 5
29 30 3
31 31 2
32 34 4
32 37 5
32 38 2
32 33 2
33 34 1
33 34 2
33 39 2
33 39 3
34 39 3
34 39 4
35 36 3
35 36 4
36 36 1
37 40 5
37 40 3
37 38 3
38 41 3
38 42 5
38 43 7
39 39 1
40 40 2
41 42 2
41 43 4
41 44 5
41 45 1
42 43 2
42 43 1
42 46 2
42 46 3
43 46 3
43 46 4
44 45 1
44 45 4
44 47 3
45 47 4
46 46 1
47 48 3
47 49 5
48 49 2
48 50 3
48 51 5
48 52 6
49 53 3
49 53 5
50 51 2
50 51 1
50 52 3
50 52 5
51 52 1
51 52 6
53 53 2
