30 79
1
1
1
1
1
1
1
1
1
1
1
1
1
1
1
4
3
3
3
3
3
3
3
3
3
3
3
3
3
3
0 16 8
0 1 3
0 2 6
1 2 3
1 3 3
1 4 6
2 24 8
2 17 8
3 4 3
3 5 6
3 6 4
3 7 3
4 18 8
5 6 7
5 6 2
5 7 5
5 7 3
6 7 2
6 7 1
8 24 8
8 9 3
8 10 5
8 26 8
8 21 8
9 10 2
9 16 8
9 17 8
9 18 8
9 19 8
9 20 8
9 21 8
9 26 8
10 21 8
10 22 8
10 23 8
10 25 8
10 26 8
10 27 8
10 28 8
10 29 8
11 26 8
11 12 2
11 13 3
11 14 5
11 15 8
12 13 6
12 13 1
12 14 5
12 14 3
13 14 1
13 14 2
15 26 0
16 17 0
16 18 0
16 19 0
16 20 0
17 18 0
17 19 0
17 20 0
17 24 0
18 19 0
18 20 0
19 20 0
21 26 0
22 23 0
22 25 0
22 27 0
22 28 0
22 29 0
23 25 0
23 27 0
23 28 0
23 29 0
25 27 0
25 28 0
25 29 0
27 28 0
27 29 0
28 29 0
