44 107
1
1
1
1
1
1
1
1
1
1
1
1
2
2
1
1
1
1
1
1
1
1
1
1
2
1
1
1
1
1
4
3
3
3
3
3
3
3
3
3
3
3
3
3
0 1 4
0 2 6
0 31 8
1 2 2
1 3 2
1 4 6
2 30 8
2 33 8
3 4 4
3 5 3
3 6 5
4 34 8
5 8 4
5 6 2
5 7 6
6 10 2
6 11 4
7 8 2
7 32 8
8 9 5
9 12 2
9 13 5
9 13 6
10 11 2
10 14 5
11 43 8
11 15 2
11 16 5
11 42 8
12 13 3
12 13 4
13 13 1
14 17 3
14 18 5
15 43 8
15 42 8
15 16 3
15 16 3
15 19 2
15 20 4
16 42 8
16 43 8
16 19 5
16 20 7
17 18 2
17 18 2
17 21 5
18 21 3
19 20 1
19 20 2
19 22 3
20 22 4
21 24 4
21 24 2
21 23 6
22 37 8
23 24 2
23 24 4
23 25 6
23 26 3
24 24 2
25 26 3
26 36 8
27 32 8
27 33 8
27 34 8
27 35 8
27 36 8
27 28 4
27 29 6
27 31 8
28 35 8
28 36 8
28 37 8
28 38 8
28 39 8
28 40 8
28 41 8
28 43 8
28 29 2
29 35 8
29 42 8
29 36 8
30 33 0
31 32 0
31 33 0
31 34 0
32 33 0
32 34 0
33 34 0
35 36 0
37 38 0
37 39 0
37 40 0
37 41 0
37 43 0
38 39 0
38 40 0
38 41 0
38 43 0
39 40 0
39 41 0
39 43 0
40 41 0
40 43 0
41 43 0
42 43 0
