39 66
1
1
1
1
1
1
1
1
1
1
1
1
1
1
1
1
1
1
1
1
1
1
1
1
1
1
1
1
1
1
1
1
1
1
1
1
1
2
4
0 1 3
0 2 5
0 38 8
1 2 2
1 4 4
1 5 2
2 3 4
3 6 2
3 7 4
4 8 5
4 9 3
4 5 2
5 10 2
5 11 4
6 7 2
7 12 2
7 13 4
8 9 2
9 14 6
9 15 2
10 11 2
11 16 2
11 17 4
12 13 2
14 15 4
15 18 6
15 19 4
16 17 2
16 20 6
16 21 3
17 22 2
17 23 6
18 19 2
19 24 6
19 25 4
20 21 3
21 26 5
21 27 2
22 23 4
24 25 2
25 28 6
25 29 4
25 30 3
26 32 2
26 27 3
26 31 5
27 33 3
27 34 4
27 35 6
28 29 2
28 29 7
28 30 3
28 30 5
29 30 1
29 30 2
31 32 3
31 36 2
32 37 3
32 37 5
33 35 3
33 35 3
33 34 1
33 34 2
34 35 2
34 35 1
37 37 2
