51 129
1
1
2
1
1
1
1
1
1
2
1
2
1
1
1
1
1
1
1
1
1
1
1
1
1
1
1
1
1
1
1
1
4
3
3
3
3
3
3
3
3
3
3
3
3
3
3
3
3
3
3
0 1 3
0 33 8
0 43 8
0 44 8
0 45 8
0 48 8
1 2 5
1 3 2
2 3 2
2 3 3
2 4 2
3 4 4
4 5 3
4 6 5
5 34 8
5 6 2
6 8 5
6 7 2
7 8 3
7 9 3
7 9 5
8 10 2
8 11 2
8 12 3
9 9 2
10 11 4
10 12 2
10 12 1
11 12 5
11 13 2
11 14 3
11 15 4
13 14 3
13 14 5
13 15 1
13 15 6
14 15 2
14 15 1
16 17 2
16 18 4
16 33 8
17 18 2
17 19 2
17 20 5
18 43 8
18 32 8
19 20 3
19 44 8
20 21 3
20 23 2
21 22 6
21 23 5
22 24 2
22 25 4
23 45 8
24 25 2
24 46 8
24 49 8
25 50 8
25 47 8
26 34 8
26 35 8
26 36 8
26 37 8
26 38 8
26 39 8
26 48 8
26 27 2
26 28 5
26 29 6
27 40 8
27 41 8
27 42 8
27 49 8
27 28 3
27 29 4
28 29 1
28 29 2
28 30 2
28 31 5
29 30 4
29 31 3
30 47 8
30 46 8
30 31 7
30 31 2
31 46 8
31 47 8
32 43 0
33 43 0
33 44 0
33 45 0
33 48 0
34 35 0
34 36 0
34 37 0
34 38 0
34 39 0
34 48 0
35 36 0
35 37 0
35 38 0
35 39 0
35 48 0
36 37 0
36 38 0
36 39 0
36 48 0
37 38 0
37 39 0
37 48 0
38 39 0
38 48 0
39 48 0
40 41 0
40 42 0
40 49 0
41 49 0
41 42 0
42 49 0
43 44 0
43 45 0
43 48 0
44 45 0
44 48 0
45 48 0
46 49 0
46 47 0
47 50 0
