39 152
1
1
1
1
1
2
2
1
1
1
1
1
1
1
1
1
1
4
3
3
3
3
3
3
3
3
3
3
3
3
3
3
3
3
3
3
3
3
3
0 1 3
0 2 5
0 18 8
1 2 2
1 2 2
1 3 1
1 5 2
1 5 3
1 6 4
1 6 5
1 19 8
2 3 3
2 5 4
2 5 5
2 6 6
2 6 7
2 19 8
3 4 2
3 5 1
3 5 2
3 6 3
3 6 4
3 19 8
4 8 4
4 9 3
4 7 6
5 5 1
5 6 2
5 6 3
5 6 1
5 6 2
5 19 8
5 19 8
6 6 1
6 19 8
6 19 8
7 8 7
7 8 2
7 9 5
7 9 3
8 9 2
8 9 1
10 11 2
10 12 4
10 17 8
10 18 8
10 19 8
10 20 8
10 21 8
10 22 8
11 32 8
11 36 8
11 12 2
11 23 8
11 24 8
11 25 8
11 26 8
11 27 8
11 28 8
11 29 8
11 30 8
11 31 8
12 13 3
12 14 6
13 16 6
13 14 3
13 15 2
14 37 8
15 16 4
15 33 8
15 34 8
15 35 8
16 38 8
17 18 0
17 19 0
17 20 0
17 21 0
17 22 0
18 19 0
18 20 0
18 21 0
18 22 0
19 20 0
19 21 0
19 22 0
20 21 0
20 22 0
21 22 0
23 32 0
23 36 0
23 24 0
23 25 0
23 26 0
23 27 0
23 28 0
23 29 0
23 30 0
23 31 0
24 32 0
24 36 0
24 25 0
24 26 0
24 27 0
24 28 0
24 29 0
24 30 0
24 31 0
25 32 0
25 36 0
25 26 0
25 27 0
25 28 0
25 29 0
25 30 0
25 31 0
26 32 0
26 36 0
26 27 0
26 28 0
26 29 0
26 30 0
26 31 0
27 32 0
27 36 0
27 28 0
27 29 0
27 30 0
27 31 0
28 32 0
28 36 0
28 29 0
28 30 0
28 31 0
29 32 0
29 36 0
29 30 0
29 31 0
30 32 0
30 36 0
30 31 0
31 32 0
31 36 0
32 36 0
33 34 0
33 35 0
34 35 0
34 36 0
34 37 0
34 38 0
36 37 0
36 38 0
37 38 0
