73 154
1
1
1
1
1
1
1
1
1
1
1
1
1
1
1
1
1
1
1
1
2
1
1
1
1
1
1
1
1
1
1
1
1
1
1
1
1
1
1
2
1
1
1
1
1
1
1
1
2
2
1
1
1
1
1
2
1
1
2
1
1
2
1
1
1
1
1
1
1
2
1
1
4
0 1 1
1 2 4
2 3 3
2 4 6
3 4 3
3 5 5
3 6 4
3 7 2
4 8 2
4 9 4
5 6 6
5 6 1
5 7 5
5 7 3
6 7 1
6 7 2
8 9 2
8 11 3
8 13 5
9 72 8
9 10 3
10 72 8
11 12 3
11 13 2
12 16 2
12 14 6
12 15 3
13 17 2
13 18 6
14 16 4
14 20 4
14 20 2
14 15 3
15 16 1
15 16 1
15 21 6
15 22 4
16 21 5
16 22 3
17 24 4
17 18 4
17 23 2
18 19 3
19 25 3
19 26 6
20 20 6
21 27 6
21 22 2
21 22 2
22 27 4
23 24 2
23 24 6
23 28 2
23 29 3
24 28 4
24 29 3
25 26 3
26 30 4
26 31 6
27 32 3
27 33 6
28 34 2
28 35 4
28 29 1
28 29 1
29 34 3
29 35 5
30 36 2
30 37 4
30 38 5
30 31 2
31 39 3
31 39 3
32 40 3
32 33 3
32 41 6
34 43 4
34 42 6
34 35 2
34 35 2
35 43 2
35 42 4
36 38 3
36 38 5
36 44 3
36 37 2
36 37 1
37 44 4
37 38 1
37 38 6
38 44 2
39 39 6
40 41 3
40 45 6
40 46 3
40 47 2
42 48 6
42 48 4
42 43 2
43 50 2
43 49 6
43 49 4
44 51 3
44 52 5
45 46 3
45 53 2
45 54 2
45 47 4
46 47 1
46 47 2
48 48 2
49 49 2
49 50 4
49 50 2
50 56 2
50 55 6
50 55 4
51 52 2
52 58 3
52 58 5
53 54 4
54 59 3
54 60 2
55 56 4
55 56 2
55 55 2
56 57 4
57 61 5
57 62 1
58 58 2
59 60 5
61 62 4
61 62 1
61 63 3
62 63 4
63 64 3
63 65 5
64 65 2
64 66 5
64 67 3
64 68 1
65 69 3
65 69 5
66 67 2
66 68 4
67 68 1
67 68 2
67 70 2
67 71 3
68 70 3
68 71 4
69 69 2
70 71 1
70 71 7
