37 74
1
1
1
1
1
1
1
1
1
1
1
1
1
1
1
1
1
1
1
1
2
1
1
1
2
1
1
1
2
1
1
1
1
1
1
1
4
0 1 4
0 2 2
0 36 8
1 2 2
1 3 2
1 4 6
3 4 4
3 5 5
3 6 2
4 8 2
4 7 4
5 6 3
6 9 2
6 10 4
7 8 6
7 12 4
7 11 2
9 10 2
10 13 2
10 14 2
10 15 3
11 16 2
11 17 6
11 12 2
13 14 4
13 15 2
13 15 1
14 19 6
14 18 3
14 15 5
16 17 4
16 20 4
16 20 2
17 21 3
17 22 5
17 23 7
18 24 3
18 24 5
18 19 3
19 25 2
19 26 5
20 20 2
21 22 2
21 23 4
22 27 2
22 23 2
22 23 1
23 27 3
24 24 2
25 26 3
25 28 3
25 28 5
26 29 2
26 30 3
26 31 4
27 32 2
27 33 3
27 34 5
28 28 2
29 30 3
29 30 5
29 31 1
29 31 6
30 31 2
30 31 1
32 33 2
32 33 1
32 34 3
32 34 3
32 35 2
33 34 1
33 34 2
33 35 4
34 35 5
