102 315
1
1
1
2
1
2
1
2
1
2
1
1
1
1
1
1
1
1
1
1
1
2
2
1
1
1
1
2
2
1
1
1
1
2
2
1
1
1
1
2
2
1
1
1
1
1
2
2
1
1
2
1
1
1
2
1
1
1
2
1
1
1
1
1
1
2
1
1
2
1
1
1
2
4
3
3
3
3
3
3
3
3
3
3
3
3
3
3
3
3
3
3
3
3
3
3
3
3
3
3
3
3
0 1 2
0 2 4
0 74 8
1 2 2
1 3 2
1 3 4
1 4 6
1 81 8
1 82 8
1 83 8
2 75 8
2 73 8
3 3 2
3 4 4
3 4 2
3 81 8
3 81 8
3 82 8
3 82 8
3 83 8
3 83 8
4 5 2
4 5 4
4 6 6
4 81 8
4 82 8
4 83 8
5 5 2
5 6 4
5 6 2
6 8 2
6 84 8
6 7 2
6 7 4
7 8 4
7 8 2
7 84 8
7 84 8
7 7 6
8 9 2
8 9 4
8 10 6
8 84 8
8 85 8
8 86 8
8 87 8
8 88 8
8 89 8
9 9 2
9 10 4
9 10 2
9 85 8
9 85 8
9 86 8
9 86 8
9 87 8
9 87 8
9 88 8
9 88 8
9 89 8
9 89 8
10 11 4
10 12 2
10 85 8
10 86 8
10 87 8
10 88 8
10 89 8
10 90 8
11 90 8
11 12 6
11 13 2
11 14 3
12 76 8
12 90 8
13 16 6
13 14 5
13 15 3
14 77 8
15 96 8
15 97 8
15 98 8
15 99 8
15 101 8
15 78 8
15 16 3
15 91 8
16 17 2
16 18 4
17 18 2
17 19 3
17 20 6
18 21 2
18 21 4
19 92 8
19 20 3
19 93 8
19 22 3
19 22 5
20 24 4
20 23 2
21 21 6
22 92 8
22 92 8
22 93 8
22 93 8
22 22 2
23 24 2
23 25 3
23 26 6
24 27 2
24 27 4
25 26 3
25 95 8
25 28 3
25 28 5
25 94 8
26 29 2
26 30 4
27 27 6
28 28 2
28 94 8
28 94 8
28 95 8
28 95 8
29 32 6
29 30 2
29 31 3
30 33 2
30 33 4
31 32 3
31 34 3
31 34 5
32 35 2
32 36 3
33 33 6
34 34 2
35 36 5
35 37 2
35 38 6
36 39 3
36 39 3
37 40 4
37 40 2
37 38 4
38 41 2
38 42 4
39 39 6
40 40 2
41 42 2
41 43 2
41 44 3
41 45 6
42 46 2
42 46 4
43 44 1
43 44 1
43 45 4
43 47 2
43 47 4
44 45 3
44 47 3
44 47 5
45 48 3
45 49 5
46 46 6
47 47 2
48 49 2
48 50 3
48 50 5
49 51 2
49 52 4
49 53 3
50 50 2
51 52 2
51 52 1
51 53 5
51 53 3
52 53 7
52 53 2
54 81 8
54 81 8
54 54 1
54 55 2
54 55 1
54 56 3
54 56 2
54 57 4
54 57 3
54 58 5
54 58 2
54 58 4
54 58 3
55 81 8
55 83 8
55 56 1
55 56 1
55 57 2
55 57 2
55 58 3
55 58 4
55 59 1
55 60 3
55 61 4
55 62 5
56 81 8
56 83 8
56 57 1
56 57 1
56 58 2
56 58 5
56 59 2
56 60 4
56 61 5
56 62 6
57 81 8
57 83 8
57 58 1
57 58 6
57 59 3
57 60 5
57 61 6
57 62 7
58 81 8
58 81 8
58 58 7
59 64 2
59 83 8
59 60 2
59 61 3
59 62 4
59 63 5
60 65 2
60 65 4
60 82 8
60 83 8
60 61 1
60 61 1
60 62 1
60 62 2
61 65 1
61 65 5
61 82 8
61 83 8
61 62 2
61 62 1
62 65 3
62 65 3
62 82 8
62 83 8
63 64 3
63 66 3
63 67 6
64 68 3
64 68 5
65 65 6
65 82 8
65 82 8
66 71 3
66 67 3
66 69 6
66 70 4
67 72 2
67 72 4
68 68 2
69 70 2
69 70 7
69 71 3
69 71 5
70 71 1
70 71 2
72 72 6
73 75 0
76 77 0
76 78 0
77 78 0
78 96 0
78 97 0
78 98 0
78 99 0
78 101 0
78 91 0
79 80 0
79 100 0
80 100 0
81 82 0
81 83 0
82 83 0
85 86 0
85 87 0
85 88 0
85 89 0
86 87 0
86 88 0
86 89 0
87 88 0
87 89 0
88 89 0
91 96 0
91 97 0
91 98 0
91 99 0
91 101 0
92 93 0
94 95 0
96 97 0
96 98 0
96 99 0
96 101 0
97 98 0
97 99 0
97 101 0
98 99 0
98 101 0
99 101 0
