33 64
1
1
1
1
1
1
1
1
1
1
1
1
1
1
1
1
1
1
1
1
1
1
1
1
1
1
2
1
1
1
1
1
4
0 1 2
0 4 2
1 2 3
1 4 4
2 32 8
2 3 3
3 32 8
3 5 3
3 6 5
5 6 2
6 8 4
6 7 2
7 8 2
7 9 4
7 10 2
8 10 6
8 11 2
9 10 2
9 12 5
9 13 3
10 11 4
12 13 6
12 13 2
12 14 2
12 15 3
13 14 4
13 15 3
14 16 2
14 17 4
14 15 1
14 15 1
15 16 3
15 17 5
16 17 2
17 18 2
17 19 6
18 19 4
18 20 3
18 21 6
20 24 2
20 21 3
20 22 6
20 23 4
22 24 4
22 23 2
23 24 2
23 24 2
23 25 3
24 25 5
25 26 5
25 27 1
26 27 4
26 27 1
26 28 3
27 28 4
28 29 2
28 30 4
28 31 5
29 30 2
29 30 1
29 31 3
29 31 5
30 31 1
30 31 6
