36 67
1
1
1
1
1
1
1
1
1
1
1
1
1
1
1
2
1
1
1
1
1
1
1
1
1
1
1
1
1
1
1
2
1
1
2
4
0 1 2
0 2 4
0 35 8
1 2 2
1 3 6
1 4 3
2 5 2
2 6 5
3 4 3
5 8 5
5 6 3
5 7 3
6 9 2
6 10 4
7 8 2
8 12 2
8 14 3
9 10 2
9 15 3
9 15 5
10 11 4
11 16 2
11 17 4
12 13 2
12 14 5
13 18 2
13 19 3
13 20 4
15 15 2
16 17 2
16 21 5
16 22 3
16 23 2
17 24 2
17 25 2
18 19 3
18 19 5
18 20 1
18 20 6
19 20 2
19 20 1
21 22 2
21 23 3
21 26 4
21 27 2
21 28 5
22 23 1
22 23 2
24 29 3
24 30 3
24 25 4
25 32 6
25 31 3
26 27 1
26 27 2
26 28 2
26 28 1
27 28 3
27 28 3
29 30 6
31 32 2
31 32 3
31 33 2
32 33 4
33 34 3
33 34 3
34 34 6
