57 128
1
1
1
1
1
1
2
1
1
1
1
1
1
1
1
1
2
1
1
1
1
1
1
1
4
3
3
3
3
3
3
3
3
3
3
3
3
3
3
3
3
3
3
3
3
3
3
3
3
3
3
3
3
3
3
3
3
0 24 8
0 1 5
0 2 3
0 25 8
1 2 2
1 26 8
2 3 3
2 4 5
3 4 2
3 41 8
3 42 8
3 43 8
3 44 8
3 27 8
4 5 4
5 6 3
6 7 2
6 8 3
6 9 4
6 45 8
6 46 8
7 8 3
7 8 5
7 9 1
7 9 6
7 46 8
7 45 8
8 9 2
8 9 1
8 46 8
8 45 8
9 46 8
9 45 8
10 41 8
10 11 1
10 12 3
10 13 5
11 12 4
11 13 6
11 13 1
11 14 4
11 15 5
12 16 2
12 16 4
12 17 6
12 13 2
13 14 5
13 15 6
14 18 4
14 15 2
14 15 1
15 18 6
16 16 2
16 17 4
16 17 2
17 20 5
17 19 3
18 42 8
19 20 2
19 21 2
19 22 2
19 23 3
20 21 3
20 23 5
21 22 4
21 23 2
21 23 1
22 44 8
22 23 5
24 25 0
25 26 0
25 29 0
25 30 0
25 31 0
26 31 0
26 29 0
26 30 0
27 41 0
27 42 0
27 43 0
27 44 0
28 45 0
29 30 0
29 31 0
30 31 0
30 47 0
32 33 0
32 34 0
32 35 0
33 34 0
33 35 0
34 35 0
35 48 0
35 49 0
35 50 0
35 54 0
36 37 0
36 38 0
37 38 0
39 40 0
40 51 0
40 52 0
40 53 0
40 55 0
40 56 0
41 43 0
41 44 0
41 42 0
42 43 0
42 44 0
43 44 0
45 46 0
48 49 0
48 50 0
48 54 0
49 50 0
49 54 0
50 54 0
51 56 0
51 52 0
51 53 0
51 55 0
52 56 0
52 53 0
52 55 0
53 56 0
53 55 0
55 56 0
