69 151
1
1
1
1
1
1
1
1
1
1
1
1
1
1
1
1
1
1
1
1
1
1
1
1
1
1
1
1
1
1
1
1
1
1
1
1
1
1
1
1
2
1
1
1
1
1
2
1
1
1
1
1
1
2
1
1
1
1
1
1
1
2
1
2
1
1
1
1
4
0 1 3
0 2 6
0 68 8
1 2 3
1 3 4
1 4 6
2 5 4
2 6 6
3 8 4
3 4 2
3 7 2
4 9 3
4 10 3
5 9 3
5 6 2
5 6 2
6 9 5
7 8 2
7 11 5
7 12 3
7 13 1
8 16 6
8 14 3
8 15 5
9 10 6
10 17 2
11 12 2
11 13 4
12 19 3
12 18 2
12 13 2
12 13 1
13 19 4
13 18 3
14 15 2
14 16 3
14 20 2
14 21 5
14 22 6
15 16 1
15 16 2
17 24 6
17 23 3
18 19 7
18 19 1
20 25 6
20 26 4
20 22 4
20 21 3
21 22 2
21 22 1
23 24 3
23 27 5
23 28 3
24 29 2
24 30 3
25 32 5
25 26 2
25 31 2
26 33 4
26 34 2
27 28 2
28 35 5
28 36 3
29 38 4
29 37 2
29 30 5
29 39 3
30 40 3
30 41 6
31 32 3
32 42 3
32 43 2
33 34 2
35 36 2
36 44 5
36 45 3
37 39 5
37 46 2
37 46 3
37 38 1
37 38 2
38 39 7
38 46 3
38 46 4
39 48 2
39 47 3
40 41 2
40 41 3
40 49 2
41 49 4
42 43 1
42 43 6
44 45 2
45 50 5
45 51 3
45 52 6
46 46 1
47 48 5
47 53 4
47 54 2
48 55 5
48 54 3
49 58 3
49 57 4
49 56 2
50 51 2
50 51 1
50 52 1
50 52 2
51 52 3
51 52 3
53 59 1
53 55 3
53 60 5
53 54 6
54 55 2
55 59 4
55 60 2
56 57 1
56 57 2
56 58 3
56 58 5
56 61 2
56 61 3
57 58 2
57 58 7
57 61 3
57 61 4
58 61 5
58 61 6
59 60 6
59 60 1
59 62 4
60 62 5
61 61 1
62 64 1
62 63 5
62 63 3
63 64 6
63 64 4
63 63 2
64 65 3
64 66 2
64 67 3
65 66 3
65 66 5
65 67 1
65 67 6
66 67 2
66 67 1
