66 137
1
1
1
2
1
1
2
1
1
1
1
1
1
1
1
2
1
1
1
1
1
1
1
1
1
1
1
1
1
1
1
2
1
1
1
1
1
1
1
1
1
1
1
1
1
2
1
1
1
2
2
1
1
1
1
2
1
1
1
1
1
2
1
1
2
4
0 1 2
0 2 4
1 2 2
2 3 3
2 4 6
3 4 2
3 4 3
3 5 4
4 5 6
5 6 2
5 7 4
6 8 2
6 7 2
6 7 3
7 8 5
8 9 3
8 10 5
9 10 2
9 11 3
9 12 2
10 13 4
10 14 6
11 16 7
11 12 5
11 22 7
11 15 3
11 15 5
12 18 5
12 17 3
13 17 4
13 19 2
13 14 2
14 18 4
14 19 2
14 20 1
14 21 5
15 16 4
15 16 2
15 22 4
15 22 2
15 15 2
16 22 0
16 22 0
17 18 2
17 19 6
18 19 2
18 20 5
18 21 1
19 20 3
19 21 3
20 21 6
20 21 1
20 23 5
21 23 6
23 24 3
23 25 6
24 25 3
24 26 2
24 27 3
24 28 5
25 29 2
25 30 3
26 27 6
26 27 1
26 28 5
26 28 3
27 28 1
27 28 2
29 65 8
29 30 5
29 31 2
29 31 4
30 32 4
30 33 6
31 65 8
31 65 8
31 31 6
32 33 2
32 34 3
32 35 5
33 36 3
34 35 2
34 37 5
34 38 2
35 40 6
35 39 3
37 41 3
37 42 2
37 38 3
38 43 6
38 44 3
39 40 3
39 45 4
39 45 2
40 47 6
40 46 3
41 48 2
41 42 5
42 49 2
42 49 4
43 44 3
45 45 2
46 50 4
46 50 2
46 47 3
47 51 3
47 52 6
48 53 6
48 54 2
49 49 6
50 50 2
51 52 3
51 55 3
51 55 5
52 56 3
52 57 6
53 58 5
53 59 3
53 60 2
53 54 4
54 61 4
54 61 2
55 55 2
56 57 3
57 62 3
57 63 5
58 59 2
58 59 7
58 60 3
58 60 5
59 60 1
59 60 2
61 61 2
62 63 2
63 64 2
63 64 4
64 64 6
