33 61
1
1
1
1
1
1
1
1
1
1
1
2
1
1
1
1
1
1
2
1
1
1
1
2
1
1
1
1
2
1
1
2
4
0 32 8
0 1 3
1 2 6
1 4 2
2 3 4
2 4 4
3 5 3
3 6 6
4 8 4
4 7 2
5 9 6
5 10 4
5 6 3
7 8 2
7 11 4
7 11 2
8 12 2
8 13 5
9 10 2
10 14 5
10 15 2
11 11 2
12 16 6
12 17 3
12 13 3
13 18 3
13 18 5
14 15 3
15 22 7
15 19 3
15 21 5
16 17 3
16 23 5
16 23 3
17 24 5
17 25 3
18 18 2
19 20 4
19 21 2
19 22 4
20 26 2
20 27 4
21 28 2
21 28 3
21 22 1
21 22 2
22 28 3
22 28 4
23 23 2
24 25 2
26 27 6
26 27 2
26 29 4
27 29 2
28 28 1
29 30 2
29 31 5
29 31 6
30 31 3
30 31 4
31 31 1
