60 201
1
1
1
1
1
1
1
1
1
1
1
1
1
1
1
1
1
2
1
1
1
1
1
1
1
1
1
1
1
1
1
1
1
1
1
4
3
3
3
3
3
3
3
3
3
3
3
3
3
3
3
3
3
3
3
3
3
3
3
3
0 1 2
0 2 4
0 36 8
1 2 2
1 37 8
2 3 3
2 4 6
2 56 8
3 56 8
3 4 3
3 38 8
4 5 2
4 6 3
4 49 8
4 50 8
4 53 8
4 56 8
5 6 5
5 39 8
5 49 8
5 50 8
5 53 8
6 35 8
6 7 3
6 49 8
6 50 8
6 53 8
7 8 3
7 9 5
7 35 8
8 9 2
8 43 8
9 10 5
9 11 3
10 11 2
10 45 8
11 12 1
11 13 2
11 14 3
11 15 4
11 16 5
11 17 6
11 46 8
12 13 1
12 13 1
12 14 2
12 15 3
12 16 4
12 17 5
12 18 6
12 19 4
12 20 2
12 46 8
13 14 1
13 15 2
13 16 3
13 17 4
13 18 5
13 19 3
13 20 1
13 46 8
14 46 8
14 15 1
14 16 1
14 16 2
14 17 3
14 19 5
14 20 6
14 21 3
14 22 2
14 47 8
15 16 1
15 17 5
15 17 2
15 46 8
15 22 1
16 17 1
16 19 4
16 20 5
16 21 2
16 22 1
16 46 8
16 47 8
17 46 8
17 22 4
18 19 2
18 20 4
18 23 5
18 24 3
18 25 2
19 47 8
19 20 1
19 20 2
19 21 2
19 22 3
20 47 8
20 21 3
20 22 4
21 48 8
21 54 8
21 51 8
21 47 8
21 22 1
21 57 8
21 58 8
21 59 8
22 47 8
23 24 2
23 24 7
23 25 3
23 25 5
23 26 3
24 25 1
24 25 2
24 26 4
25 26 2
26 55 8
26 44 8
27 49 8
27 28 2
27 29 5
27 39 8
28 50 8
28 29 3
29 32 6
29 30 2
29 31 5
30 32 4
30 52 8
30 31 3
31 32 2
31 32 1
31 33 2
31 34 5
32 33 4
32 34 3
33 34 2
33 34 7
36 37 0
36 38 0
36 53 0
37 53 0
37 38 0
38 53 0
39 49 0
40 41 0
40 42 0
40 43 0
40 44 0
40 45 0
40 46 0
40 47 0
40 48 0
41 42 0
41 43 0
41 44 0
41 45 0
41 46 0
41 47 0
41 48 0
41 52 0
42 43 0
42 44 0
42 45 0
42 46 0
42 47 0
42 48 0
43 44 0
43 45 0
43 46 0
43 47 0
43 48 0
44 45 0
44 46 0
44 47 0
44 48 0
44 55 0
45 46 0
45 47 0
45 48 0
46 47 0
46 48 0
47 48 0
48 51 0
48 54 0
48 57 0
48 58 0
48 59 0
49 50 0
49 53 0
50 53 0
51 54 0
51 57 0
51 58 0
51 59 0
54 57 0
54 58 0
54 59 0
57 58 0
57 59 0
58 59 0
