60 134
1
1
1
1
1
1
2
1
1
1
1
1
2
1
1
1
1
1
1
2
1
1
2
1
1
1
1
1
2
1
1
2
1
1
1
2
1
1
1
1
1
1
1
1
2
1
2
1
1
1
1
1
1
1
2
2
1
1
1
4
0 1 3
0 2 5
0 3 6
0 59 8
1 2 2
1 3 3
1 4 2
1 5 4
2 3 1
2 3 2
4 5 2
4 6 6
4 6 4
5 8 5
5 9 6
5 7 2
6 6 2
7 8 3
7 9 4
7 10 2
7 11 4
8 9 2
8 9 1
10 11 2
10 12 6
10 12 4
11 13 2
11 14 4
12 12 2
13 16 2
13 14 2
13 15 6
14 17 3
14 18 2
15 16 4
15 19 5
15 19 3
17 18 5
17 20 4
17 21 6
18 22 2
18 22 4
19 19 2
20 24 5
20 21 2
20 23 2
21 26 3
21 25 3
22 22 6
23 24 3
24 27 3
24 28 5
25 26 6
25 29 3
25 30 2
26 31 2
26 31 4
27 32 3
27 28 2
27 33 6
28 33 3
28 34 5
29 40 7
29 35 3
29 35 5
29 36 7
29 30 5
31 31 6
32 33 3
33 34 2
34 37 2
34 38 4
34 39 3
35 40 4
35 40 2
35 35 2
35 36 4
35 36 2
36 40 0
36 40 0
36 41 3
37 38 2
37 38 1
37 39 5
37 39 3
38 39 7
38 39 2
40 41 3
41 42 2
41 43 4
42 43 2
42 44 3
42 44 5
42 45 7
42 47 7
43 46 3
43 46 3
44 44 2
44 45 4
44 45 2
44 47 4
44 47 2
45 48 4
45 47 0
45 47 0
46 46 6
47 48 4
48 49 2
48 50 4
49 50 2
49 51 2
49 52 3
49 53 6
50 54 2
50 54 4
51 52 1
51 52 1
51 53 4
51 55 2
51 55 4
52 53 3
52 55 3
52 55 5
53 56 2
53 57 4
53 58 3
54 54 6
55 55 2
56 57 1
56 57 2
56 58 3
56 58 5
57 58 2
57 58 7
