37 75
1
1
1
1
1
1
1
1
1
1
1
2
1
1
2
1
1
1
1
1
1
2
1
2
1
1
1
1
1
1
1
2
1
1
1
2
4
0 1 3
0 2 6
1 2 3
1 3 2
1 4 4
2 5 2
2 6 4
3 4 2
4 8 4
4 7 2
5 9 3
5 10 6
5 6 2
6 11 2
6 11 4
7 8 2
8 12 2
8 13 5
9 10 3
9 14 3
9 14 5
10 16 4
10 15 2
11 11 6
12 13 3
13 17 3
13 18 5
14 14 2
15 16 2
15 19 3
15 20 6
16 21 2
16 21 4
17 18 2
17 18 2
17 22 3
18 22 5
19 23 3
19 23 5
19 20 3
20 24 2
20 25 4
20 26 3
21 21 6
22 27 3
22 28 6
23 23 2
24 25 2
24 25 1
24 26 5
24 26 3
24 36 8
25 36 8
25 26 7
25 26 2
26 36 8
27 28 2
27 28 3
27 29 3
28 29 5
29 30 3
29 31 5
30 32 3
30 31 5
30 31 2
31 32 2
32 33 3
32 34 6
33 34 2
33 34 3
33 35 3
33 35 4
34 35 5
34 35 6
35 35 1
