68 218
1
1
1
1
1
1
1
1
1
1
1
1
1
1
1
1
1
1
1
1
1
1
1
1
1
1
1
1
1
1
1
1
1
1
1
1
1
1
1
1
1
1
1
1
1
1
1
1
2
1
1
1
1
1
1
1
1
2
1
1
1
1
1
1
1
1
1
4
0 1 3
0 2 6
1 2 3
2 3 2
2 4 3
2 5 3
3 4 5
3 5 2
3 5 1
4 5 6
4 6 1
4 7 2
4 8 3
4 9 4
4 10 5
4 11 2
6 7 3
6 8 4
6 9 5
6 9 3
6 10 6
6 10 1
6 11 1
6 11 1
6 12 4
6 13 5
7 8 1
7 9 2
7 10 3
7 11 4
7 14 4
7 15 6
8 9 1
8 10 2
8 11 5
8 16 4
8 17 5
8 18 6
9 10 1
9 10 2
9 11 6
9 11 4
9 12 1
9 13 2
10 11 7
10 11 2
10 12 3
10 13 4
11 12 5
11 13 6
12 13 1
12 13 2
12 19 1
12 20 2
12 21 5
13 19 3
13 20 4
13 21 3
14 15 2
14 15 1
14 22 2
14 23 2
14 24 3
14 25 4
15 22 1
15 23 3
15 24 4
15 25 5
16 17 1
16 17 6
16 18 2
16 18 1
16 26 5
16 22 4
17 18 1
17 18 7
17 26 1
17 22 2
18 26 6
18 22 5
19 20 1
19 20 2
19 21 6
19 27 1
19 28 2
19 29 5
20 21 7
20 27 3
20 28 4
20 29 3
22 23 4
22 24 5
22 25 6
22 26 1
23 24 1
23 24 1
23 25 2
23 25 1
23 26 2
23 30 3
23 31 4
24 25 1
24 25 2
24 26 3
24 30 2
24 31 5
25 26 1
25 30 4
25 31 3
26 30 5
26 31 2
27 32 1
27 33 2
27 34 3
27 35 5
27 36 2
27 28 1
27 29 6
28 32 2
28 35 3
28 36 4
28 29 7
28 29 2
29 32 4
29 35 5
29 36 6
30 37 3
30 38 4
30 39 3
30 31 2
30 31 7
31 37 5
31 38 6
31 39 1
32 33 3
32 34 4
32 35 6
32 35 1
32 36 1
32 36 2
33 34 1
33 35 3
33 36 4
33 38 4
33 39 3
34 35 2
34 36 5
34 40 4
34 41 5
35 36 7
35 36 1
37 39 6
37 38 1
38 39 7
38 39 1
40 41 1
40 41 1
40 43 3
40 42 2
41 43 2
41 42 3
42 43 5
42 44 2
42 45 4
42 46 5
42 47 6
44 45 2
44 46 3
44 47 4
45 48 2
45 48 4
45 46 1
45 46 1
45 47 2
46 48 3
46 48 5
46 47 1
47 49 2
47 50 3
48 48 2
49 50 5
49 51 3
49 52 6
51 52 3
52 53 2
52 54 3
53 67 8
53 54 5
54 56 5
54 55 2
55 56 3
55 57 4
55 57 2
56 58 1
56 59 3
56 60 5
57 57 2
58 59 4
58 60 1
58 60 6
58 61 4
58 62 5
59 64 4
59 65 5
59 60 2
59 63 2
60 61 5
60 62 6
61 66 4
61 62 1
61 62 2
62 66 6
63 64 1
63 64 2
63 65 5
63 65 3
64 65 6
64 65 1
