47 131
1
1
1
1
1
1
2
1
1
1
1
1
1
1
1
1
1
1
1
1
1
1
1
1
1
1
1
1
1
1
1
1
1
1
1
1
1
1
1
1
1
1
1
1
1
1
4
0 1 2
0 2 4
0 46 8
1 2 2
2 3 4
2 4 6
3 4 2
3 5 2
3 6 6
5 6 4
5 6 6
5 7 4
6 7 2
7 8 5
7 9 2
8 9 3
9 10 2
9 11 4
10 11 2
11 12 3
11 13 6
12 13 3
12 14 3
12 15 6
14 16 2
14 17 3
14 18 5
14 15 3
16 17 7
16 17 1
16 18 3
16 19 2
16 20 3
16 21 4
16 22 5
16 23 6
17 18 2
17 19 5
17 20 4
17 21 3
17 22 2
17 23 1
18 24 2
18 25 4
19 20 1
19 21 2
19 22 3
19 23 4
19 26 4
19 27 2
20 21 1
20 21 1
20 22 2
20 23 3
20 27 5
20 28 4
20 29 3
20 30 2
21 22 1
21 23 2
21 27 4
21 28 3
21 29 2
21 30 1
22 32 4
22 23 6
22 23 1
22 31 3
23 32 2
23 31 3
24 25 2
24 25 6
26 27 2
27 28 1
27 29 2
27 30 3
28 33 2
28 34 3
28 35 4
28 36 5
28 29 1
28 29 1
28 30 6
28 30 2
29 33 3
29 34 4
29 35 5
29 36 6
29 30 7
29 30 1
30 33 4
30 34 3
30 35 2
30 36 1
31 32 1
31 32 7
31 37 4
32 37 3
33 34 1
33 34 1
33 35 2
33 36 3
33 38 5
33 39 3
34 35 1
34 36 2
34 38 4
34 39 2
35 36 6
35 36 1
35 37 5
35 40 3
36 37 1
36 40 3
37 40 2
38 41 4
38 39 2
38 39 2
39 41 6
40 41 5
40 42 2
41 42 3
42 43 2
42 44 4
42 45 5
43 44 1
43 44 2
43 45 5
43 45 3
44 45 6
44 45 1
