81 251
1
1
1
1
1
1
1
1
1
1
2
1
1
1
1
1
1
1
1
1
1
1
1
1
1
1
1
1
1
2
1
1
1
1
1
1
1
1
1
1
1
1
1
1
1
1
1
1
1
1
1
1
1
1
1
2
1
1
1
1
1
1
1
1
1
1
1
1
1
1
1
1
1
1
1
1
1
1
1
1
4
0 1 4
0 2 6
1 2 2
1 5 3
1 6 5
2 3 3
2 80 8
3 80 8
3 4 4
4 6 6
4 7 2
5 8 6
5 9 4
5 10 2
5 10 1
5 6 2
6 7 4
7 11 2
7 12 4
8 9 2
8 9 2
8 10 4
8 10 5
8 13 4
9 10 2
9 10 3
9 13 2
10 10 1
11 12 2
12 15 4
12 16 6
12 14 3
13 17 6
13 18 4
13 19 3
14 16 3
14 20 3
14 21 5
14 15 7
14 15 1
15 16 2
15 20 4
15 21 2
17 18 2
17 18 7
17 19 3
17 19 5
18 19 1
18 19 2
20 21 2
21 22 5
21 23 2
22 23 3
23 24 2
23 26 4
24 25 4
24 26 2
25 27 6
25 28 3
26 29 4
26 29 6
27 28 3
27 30 2
27 31 2
29 29 2
30 32 4
30 33 1
30 34 6
30 31 4
32 33 3
32 34 2
32 35 5
32 36 3
32 37 2
33 34 5
33 38 3
35 36 2
35 37 3
35 39 6
36 40 2
36 37 2
36 37 1
37 40 4
39 41 5
39 42 4
39 43 3
39 44 2
39 45 1
39 46 6
41 42 2
41 42 1
41 43 2
41 44 3
41 45 4
41 46 1
41 47 4
41 48 3
41 49 5
42 43 1
42 44 2
42 45 3
42 46 2
42 47 2
42 48 1
42 49 3
43 44 1
43 44 7
43 45 2
43 45 6
43 46 3
43 50 1
43 51 2
43 52 3
44 45 1
44 45 1
44 46 4
44 50 6
44 51 5
44 52 4
45 46 5
45 50 5
45 51 4
45 52 3
46 49 1
46 53 4
46 54 3
46 55 1
46 55 5
47 48 1
47 49 1
47 53 2
47 54 1
47 56 4
47 57 3
47 58 2
48 49 2
48 56 5
48 58 2
48 59 2
48 60 1
49 53 3
49 54 2
49 55 2
49 55 4
50 64 7
50 51 1
50 51 1
50 52 2
50 52 2
50 61 6
50 62 5
50 63 4
51 64 6
51 52 1
51 52 1
51 61 5
51 62 4
51 63 3
52 64 5
52 61 4
52 62 3
52 63 2
53 54 1
53 54 1
53 55 5
53 55 1
53 56 6
53 57 5
53 58 4
54 55 4
54 55 2
54 56 5
54 57 4
54 58 3
55 55 6
56 57 1
56 58 7
56 58 2
56 59 3
56 60 4
57 65 5
57 66 2
57 67 6
57 58 1
58 59 4
58 60 3
59 66 5
59 68 4
59 69 3
59 60 2
59 60 1
60 66 3
60 68 2
60 69 1
61 64 1
61 64 1
61 68 4
61 69 5
61 70 2
61 71 1
61 62 1
61 63 2
62 64 2
62 70 5
62 71 6
62 72 4
62 73 2
62 63 1
62 63 1
63 64 3
63 70 4
63 71 5
63 72 3
63 73 1
64 68 5
64 69 6
64 70 3
64 71 2
65 67 1
65 74 4
65 75 3
65 66 3
66 67 4
66 68 1
66 69 2
67 74 1
67 76 5
68 69 1
68 69 1
68 70 2
68 71 3
69 70 3
69 71 4
70 71 1
70 71 1
70 72 1
70 73 3
71 72 2
71 73 4
72 73 2
72 77 4
72 78 6
73 77 4
73 78 2
74 75 1
74 76 4
75 76 6
75 79 4
76 79 2
77 78 2
77 78 2
