49 121
1
1
1
1
1
1
1
1
2
1
1
1
1
1
1
1
1
1
1
1
1
1
1
2
1
1
1
1
1
2
1
1
1
1
2
1
1
2
1
1
1
1
4
3
3
3
3
3
3
0 1 2
0 2 6
0 43 8
1 2 4
1 3 2
1 4 4
2 5 2
2 6 2
2 7 3
3 4 2
3 45 8
4 46 8
5 6 4
5 7 2
5 7 1
6 8 2
6 9 6
6 7 5
8 9 4
8 10 2
8 11 3
9 10 2
9 12 3
10 11 5
10 12 5
11 13 3
11 14 5
12 44 8
13 14 2
13 14 2
13 15 3
14 15 5
15 16 3
15 17 5
15 18 6
16 17 2
16 18 3
16 19 2
16 20 5
16 21 6
17 18 1
17 18 2
19 20 3
19 21 4
19 22 2
19 23 4
19 23 6
20 21 1
20 21 2
22 24 5
22 25 2
22 23 2
22 23 4
23 23 2
24 25 3
24 26 3
24 27 2
24 28 5
25 29 3
25 29 5
26 27 5
26 28 2
26 30 6
26 31 4
27 28 7
27 28 2
29 29 2
30 32 2
30 33 5
30 31 2
31 34 3
31 34 5
32 33 3
32 35 5
32 36 3
33 37 3
33 37 3
34 34 2
35 36 2
35 47 8
36 48 8
37 37 6
38 39 3
38 41 3
38 42 8
38 43 8
38 44 8
38 45 8
38 46 8
38 47 8
38 48 8
39 40 5
40 41 3
41 42 8
41 43 8
41 44 8
41 45 8
41 46 8
41 47 8
41 48 8
42 43 0
42 44 0
42 45 0
42 46 0
42 47 0
42 48 0
43 44 0
43 45 0
43 46 0
43 47 0
43 48 0
44 45 0
44 46 0
44 47 0
44 48 0
45 46 0
45 47 0
45 48 0
46 47 0
46 48 0
47 48 0
