29 64
1
1
1
1
1
1
1
2
1
1
1
1
1
1
1
1
1
1
2
2
4
3
3
3
3
3
3
3
3
0 1 3
0 2 6
0 21 8
1 2 3
1 3 5
1 4 2
2 26 8
2 5 2
2 6 4
3 4 3
3 7 5
3 7 3
4 27 8
4 22 8
5 26 8
5 6 2
5 23 8
6 8 2
6 9 4
6 26 8
6 28 8
7 7 2
8 24 8
8 9 2
8 28 8
9 25 8
9 28 8
10 20 8
10 26 8
10 11 3
10 12 6
11 12 3
11 13 2
11 14 5
11 15 6
12 28 8
13 14 3
13 15 4
13 16 6
13 17 2
13 23 8
13 24 8
13 25 8
14 15 2
14 15 1
16 17 4
16 18 5
16 18 3
16 23 8
16 24 8
16 25 8
17 19 2
17 19 4
17 23 8
17 24 8
17 25 8
18 18 2
19 19 2
20 26 0
21 22 0
22 27 0
23 24 0
23 25 0
24 25 0
