43 96
1
1
1
1
1
1
1
1
1
1
1
1
1
1
1
1
1
1
1
1
1
1
1
1
1
1
1
1
1
1
1
1
1
2
1
1
1
1
1
1
1
1
4
0 1 2
0 2 6
1 2 4
1 3 6
1 4 4
1 5 3
2 6 2
2 7 4
3 4 2
3 5 3
4 10 5
4 5 1
4 5 7
4 9 3
5 10 2
5 9 4
6 7 6
7 8 3
8 11 2
8 12 3
8 13 4
8 14 6
9 16 6
9 10 2
9 15 2
10 16 2
10 17 5
11 18 3
11 12 2
11 12 1
11 13 4
11 13 2
11 14 4
12 18 5
12 13 6
12 13 1
12 14 3
13 18 1
13 14 2
14 19 3
14 20 6
15 16 4
15 21 5
15 22 4
15 23 2
16 17 3
17 24 2
17 25 4
18 27 4
18 26 3
19 27 5
19 20 3
20 42 8
20 28 2
20 29 4
21 23 3
21 23 5
21 22 1
21 22 6
22 23 2
22 23 1
24 25 2
24 25 2
24 30 2
25 30 4
26 32 2
26 27 1
26 31 5
28 33 3
28 33 4
28 42 8
28 29 2
28 29 2
29 33 5
29 33 6
29 42 8
30 34 2
30 31 4
31 32 3
31 34 6
32 35 3
32 36 5
33 33 1
35 36 2
36 37 2
36 38 3
37 40 4
37 41 5
37 38 5
37 39 2
39 40 1
39 40 2
39 41 5
39 41 3
40 41 6
40 41 1
