31 79
1
1
1
1
2
1
2
1
1
1
2
1
1
2
1
1
1
1
2
1
1
1
1
2
1
1
1
1
1
1
4
0 1 2
0 2 6
1 2 4
1 4 6
1 4 4
1 5 2
2 3 3
3 6 2
3 6 4
3 7 2
4 4 2
4 5 4
4 5 2
5 8 2
5 9 4
6 6 6
6 7 4
6 7 2
7 11 6
7 10 2
7 10 4
8 9 6
8 9 2
8 12 3
9 12 3
10 10 2
10 11 4
10 11 2
11 30 8
11 13 2
11 13 4
11 14 2
12 17 2
12 16 4
12 15 5
13 30 8
13 30 8
13 13 6
13 14 4
13 14 2
14 18 2
14 19 5
14 30 8
15 16 6
15 16 1
15 17 5
15 17 3
16 17 1
16 17 2
18 19 3
18 19 2
18 20 3
19 20 5
20 21 2
20 22 3
20 23 5
20 23 6
21 24 2
21 22 1
21 22 1
21 23 3
21 23 4
22 24 3
22 23 2
22 23 3
23 23 1
24 25 5
24 26 3
24 27 1
25 26 2
25 27 4
26 27 1
26 27 2
26 28 2
26 29 3
27 28 3
27 29 4
28 29 1
28 29 7
