66 321
1
1
1
1
2
1
1
1
1
2
1
1
1
1
1
1
1
1
1
1
1
1
1
1
1
1
1
1
1
1
1
1
1
1
1
1
2
1
1
1
1
1
1
4
3
3
3
3
3
3
3
3
3
3
3
3
3
3
3
3
3
3
3
3
3
3
0 1 2
0 2 6
0 44 8
1 2 4
1 4 6
1 4 4
1 5 2
2 3 4
3 6 3
3 7 5
4 4 2
4 5 4
4 5 2
5 8 2
5 9 4
5 9 6
6 10 5
6 11 2
6 7 2
7 12 3
7 14 3
8 16 6
8 9 2
8 9 4
8 15 3
9 9 2
10 11 3
10 46 8
11 47 8
12 13 3
12 14 6
13 17 3
13 18 6
14 45 8
15 16 3
15 19 3
15 20 5
16 52 8
17 49 8
17 18 3
18 23 3
18 21 3
19 20 2
19 53 8
20 24 3
20 25 6
21 22 3
21 23 6
22 51 8
23 48 8
23 43 8
24 25 3
24 26 3
24 27 5
25 54 8
26 27 2
26 55 8
27 28 3
27 29 6
28 29 3
28 30 3
28 31 5
29 57 8
30 58 8
30 31 2
31 32 3
31 33 5
32 33 2
32 62 8
33 34 3
33 35 5
34 35 2
34 63 8
35 36 2
35 36 4
35 37 2
36 36 6
36 37 4
36 37 2
37 38 2
37 39 5
38 64 8
38 39 3
39 40 2
39 41 4
40 41 6
40 65 8
41 42 3
42 60 8
43 48 0
44 45 0
44 46 0
44 47 0
44 48 0
44 49 0
44 50 0
44 51 0
44 52 0
44 53 0
44 54 0
44 55 0
44 56 0
44 57 0
44 58 0
44 59 0
44 60 0
44 61 0
44 62 0
44 63 0
44 64 0
44 65 0
45 46 0
45 47 0
45 48 0
45 49 0
45 50 0
45 51 0
45 52 0
45 53 0
45 54 0
45 55 0
45 56 0
45 57 0
45 58 0
45 59 0
45 60 0
45 61 0
45 62 0
45 63 0
45 64 0
45 65 0
46 47 0
46 48 0
46 49 0
46 50 0
46 51 0
46 52 0
46 53 0
46 54 0
46 55 0
46 56 0
46 57 0
46 58 0
46 59 0
46 60 0
46 61 0
46 62 0
46 63 0
46 64 0
46 65 0
47 48 0
47 49 0
47 50 0
47 51 0
47 52 0
47 53 0
47 54 0
47 55 0
47 56 0
47 57 0
47 58 0
47 59 0
47 60 0
47 61 0
47 62 0
47 63 0
47 64 0
47 65 0
48 49 0
48 50 0
48 51 0
48 52 0
48 53 0
48 54 0
48 55 0
48 56 0
48 57 0
48 58 0
48 59 0
48 60 0
48 61 0
48 62 0
48 63 0
48 64 0
48 65 0
49 50 0
49 51 0
49 52 0
49 53 0
49 54 0
49 55 0
49 56 0
49 57 0
49 58 0
49 59 0
49 60 0
49 61 0
49 62 0
49 63 0
49 64 0
49 65 0
50 64 0
50 65 0
50 51 0
50 52 0
50 53 0
50 54 0
50 55 0
50 56 0
50 57 0
50 58 0
50 59 0
50 60 0
50 61 0
50 62 0
50 63 0
51 52 0
51 53 0
51 54 0
51 55 0
51 56 0
51 57 0
51 58 0
51 59 0
51 60 0
51 61 0
51 62 0
51 63 0
51 64 0
51 65 0
52 53 0
52 54 0
52 55 0
52 56 0
52 57 0
52 58 0
52 59 0
52 60 0
52 61 0
52 62 0
52 63 0
52 64 0
52 65 0
53 54 0
53 55 0
53 56 0
53 57 0
53 58 0
53 59 0
53 60 0
53 61 0
53 62 0
53 63 0
53 64 0
53 65 0
54 55 0
54 56 0
54 57 0
54 58 0
54 59 0
54 60 0
54 61 0
54 62 0
54 63 0
54 64 0
54 65 0
55 56 0
55 57 0
55 58 0
55 59 0
55 60 0
55 61 0
55 62 0
55 63 0
55 64 0
55 65 0
56 64 0
56 65 0
56 57 0
56 58 0
56 59 0
56 60 0
56 61 0
56 62 0
56 63 0
57 58 0
57 59 0
57 60 0
57 61 0
57 62 0
57 63 0
57 64 0
57 65 0
58 59 0
58 60 0
58 61 0
58 62 0
58 63 0
58 64 0
58 65 0
59 64 0
59 65 0
59 60 0
59 61 0
59 62 0
59 63 0
60 61 0
60 62 0
60 63 0
60 64 0
60 65 0
61 64 0
61 65 0
61 62 0
61 63 0
62 63 0
62 64 0
62 65 0
63 64 0
63 65 0
64 65 0
