44 98
1
1
1
1
1
1
1
1
1
1
1
1
2
1
1
1
1
2
1
1
1
1
1
2
1
1
2
1
1
2
1
1
1
1
1
1
1
1
1
1
1
1
2
4
0 1 2
0 2 6
1 2 4
1 3 6
1 4 2
2 5 2
2 6 2
2 7 3
3 8 4
3 9 2
3 4 4
4 10 2
4 11 4
5 6 4
5 7 1
5 7 2
6 7 5
6 43 8
6 12 2
6 12 4
6 13 2
8 9 2
10 11 2
11 16 5
11 14 1
11 15 3
12 43 8
12 43 8
12 12 6
12 13 4
12 13 2
13 17 2
13 17 4
13 18 6
13 43 8
14 16 1
14 16 6
14 19 4
14 20 5
14 15 4
15 16 2
15 21 3
15 22 5
16 19 5
16 20 6
17 17 2
17 18 4
17 18 2
18 24 2
18 23 2
18 23 4
19 25 2
19 26 3
19 26 4
19 20 1
19 20 1
20 25 3
20 26 2
20 26 3
21 27 3
21 22 2
21 22 2
22 27 5
23 24 4
23 24 2
23 23 6
24 28 3
24 29 5
25 26 5
25 26 6
26 26 1
27 30 7
28 32 5
28 29 2
28 31 3
29 32 3
29 33 5
30 35 4
30 34 3
31 32 2
31 33 2
31 36 3
32 33 2
33 36 5
34 35 2
34 35 1
34 37 2
35 37 4
36 39 5
36 38 3
38 40 3
38 39 2
38 39 2
39 40 5
40 41 2
41 42 4
41 42 2
42 42 2
