59 141
1
1
1
1
1
1
1
1
1
1
1
1
1
1
1
1
1
1
1
1
1
1
1
1
1
2
2
1
1
1
1
1
2
1
1
1
1
1
1
1
1
1
1
1
1
1
1
1
2
1
2
1
1
1
2
1
1
1
4
0 1 2
0 2 6
1 2 4
1 3 5
1 4 3
1 5 2
2 6 4
2 7 6
3 4 2
3 5 3
3 8 2
3 9 5
3 10 6
4 9 5
4 10 3
4 5 7
4 5 1
5 9 2
5 10 4
6 11 2
6 12 6
6 7 2
7 13 2
7 14 2
7 15 4
7 16 3
8 9 3
8 10 4
9 10 2
9 10 1
11 17 6
11 18 2
11 12 4
12 19 3
12 20 3
13 14 4
13 15 6
13 16 1
13 21 4
13 22 3
13 23 2
13 24 5
14 15 2
14 16 5
14 25 1
14 25 2
14 26 4
14 26 6
15 16 7
15 16 1
15 23 2
15 27 3
15 28 1
15 29 5
16 23 1
16 27 2
16 28 2
16 29 4
17 18 4
17 30 6
17 31 3
19 32 5
19 32 3
19 20 6
20 33 2
20 34 2
21 24 2
21 24 1
21 27 1
21 22 2
21 22 1
21 23 6
22 24 4
22 24 2
22 23 5
22 27 3
23 24 7
23 27 1
23 28 3
23 29 3
24 27 1
25 25 1
25 26 3
25 26 5
25 26 2
25 26 4
26 26 2
27 28 4
27 29 2
28 35 3
28 36 4
28 29 2
28 29 6
29 35 5
29 36 6
30 31 3
32 32 2
33 34 4
33 37 2
33 38 5
34 40 4
34 39 2
35 36 1
35 36 2
35 41 2
36 41 4
37 42 3
37 43 5
37 38 3
38 58 8
39 40 2
40 44 4
40 45 6
42 43 2
42 43 2
44 45 2
45 46 2
45 47 4
46 48 4
46 48 2
46 47 6
47 49 1
47 50 3
48 48 2
49 50 1
49 50 4
49 51 4
50 51 5
51 52 3
51 53 2
52 53 5
53 54 3
54 56 4
54 57 3
54 55 2
55 56 1
55 56 2
55 57 3
55 57 5
56 57 2
56 57 7
