63 289
1
1
1
1
1
1
1
1
1
1
1
1
1
2
1
1
1
1
1
1
1
1
1
1
1
2
1
1
1
1
1
2
2
4
3
3
3
3
3
3
3
3
3
3
3
3
3
3
3
3
3
3
3
3
3
3
3
3
3
3
3
3
3
0 1 6
0 2 4
0 34 8
1 2 2
1 2 6
1 3 2
1 4 4
2 3 4
2 4 2
3 4 2
3 5 4
3 6 2
4 7 2
4 8 3
4 9 6
5 11 4
5 10 6
5 12 2
5 6 2
6 37 8
7 8 1
7 8 1
7 9 4
7 13 2
7 13 4
8 9 3
8 13 3
8 13 5
9 15 4
9 14 2
10 35 8
10 11 2
10 12 4
11 12 2
11 16 2
11 17 5
11 18 6
12 18 3
12 17 5
13 13 2
14 19 2
14 20 6
14 15 2
15 38 8
15 33 8
16 17 3
16 18 4
16 36 8
17 18 1
17 18 2
19 20 4
19 22 6
19 23 3
20 21 3
21 24 3
22 25 5
22 25 3
22 23 3
23 26 2
23 27 4
23 28 5
24 47 8
25 25 2
26 27 1
26 27 2
26 28 5
26 28 3
27 28 6
27 28 1
29 34 8
29 35 8
29 36 8
29 37 8
29 38 8
29 39 8
29 41 8
29 60 8
29 30 2
29 31 5
29 31 6
30 32 5
30 32 3
30 31 3
30 31 4
31 31 1
32 32 2
33 38 0
34 35 0
34 36 0
34 37 0
34 38 0
34 39 0
34 41 0
34 60 0
35 36 0
35 37 0
35 38 0
35 39 0
35 41 0
35 60 0
36 37 0
36 38 0
36 39 0
36 41 0
36 60 0
37 38 0
37 39 0
37 41 0
37 60 0
38 39 0
38 41 0
38 60 0
39 41 0
39 60 0
40 42 0
40 43 0
40 44 0
40 45 0
40 46 0
40 47 0
40 48 0
40 49 0
40 50 0
40 51 0
40 52 0
40 53 0
40 54 0
40 55 0
40 56 0
40 57 0
40 58 0
40 59 0
41 60 0
42 43 0
42 44 0
42 45 0
42 46 0
42 47 0
42 48 0
42 49 0
42 50 0
42 51 0
42 52 0
42 53 0
42 54 0
42 55 0
42 56 0
42 57 0
42 58 0
42 59 0
43 44 0
43 45 0
43 46 0
43 47 0
43 48 0
43 49 0
43 50 0
43 51 0
43 52 0
43 53 0
43 54 0
43 55 0
43 56 0
43 57 0
43 58 0
43 59 0
44 45 0
44 46 0
44 47 0
44 48 0
44 49 0
44 50 0
44 51 0
44 52 0
44 53 0
44 54 0
44 55 0
44 56 0
44 57 0
44 58 0
44 59 0
45 46 0
45 47 0
45 48 0
45 49 0
45 50 0
45 51 0
45 52 0
45 53 0
45 54 0
45 55 0
45 56 0
45 57 0
45 58 0
45 59 0
46 47 0
46 48 0
46 49 0
46 50 0
46 51 0
46 52 0
46 53 0
46 54 0
46 55 0
46 56 0
46 57 0
46 58 0
46 59 0
47 56 0
47 48 0
47 49 0
47 50 0
47 51 0
47 52 0
47 53 0
47 54 0
47 55 0
47 57 0
47 58 0
47 59 0
48 49 0
48 50 0
48 51 0
48 52 0
48 53 0
48 54 0
48 55 0
48 56 0
48 57 0
48 58 0
48 59 0
48 61 0
48 62 0
49 50 0
49 51 0
49 52 0
49 53 0
49 54 0
49 55 0
49 56 0
49 57 0
49 58 0
49 59 0
50 51 0
50 52 0
50 53 0
50 54 0
50 55 0
50 56 0
50 57 0
50 58 0
50 59 0
51 52 0
51 53 0
51 54 0
51 55 0
51 56 0
51 57 0
51 58 0
51 59 0
52 53 0
52 54 0
52 55 0
52 56 0
52 57 0
52 58 0
52 59 0
53 54 0
53 55 0
53 56 0
53 57 0
53 58 0
53 59 0
54 55 0
54 56 0
54 57 0
54 58 0
54 59 0
55 56 0
55 57 0
55 58 0
55 59 0
56 57 0
56 58 0
56 59 0
57 58 0
57 59 0
58 59 0
61 62 0
