55 161
1
1
1
1
1
1
1
1
1
1
1
1
1
2
1
1
1
1
1
1
2
1
1
1
1
1
1
1
1
2
1
1
2
1
1
1
1
1
1
1
1
1
1
1
1
1
1
1
1
1
1
1
1
1
4
0 1 1
1 2 4
2 3 2
2 4 4
3 4 2
3 5 4
3 6 6
4 6 2
4 7 6
5 8 2
5 9 4
5 6 2
6 7 4
7 10 2
7 11 3
7 12 4
8 9 2
8 13 5
8 13 3
9 16 6
9 14 3
9 15 5
10 11 5
10 11 3
10 12 6
10 12 1
10 54 8
11 12 1
11 12 2
11 54 8
12 54 8
13 13 2
14 16 3
14 17 2
14 18 4
14 15 2
15 16 2
15 16 1
15 19 2
16 19 4
17 18 2
17 20 6
17 20 4
18 21 3
18 22 5
20 20 2
21 22 2
21 23 2
22 24 2
22 25 4
24 25 6
25 26 3
25 27 2
25 28 3
26 27 1
26 27 1
26 28 6
26 29 5
26 29 4
27 28 5
27 29 4
27 29 3
28 30 2
28 31 4
29 29 1
30 32 1
30 32 1
30 31 2
31 33 3
31 34 2
31 35 2
31 36 5
32 32 2
33 34 6
33 34 1
33 35 5
33 36 2
33 37 2
34 35 4
34 36 3
34 37 4
35 36 1
35 36 7
35 38 3
35 39 2
35 40 2
35 41 3
35 42 4
36 38 2
36 39 1
36 40 3
36 41 4
36 42 3
38 39 1
38 39 2
38 40 5
38 41 6
38 42 1
38 43 4
38 44 1
38 45 2
38 46 5
39 40 4
39 41 5
39 42 2
39 43 2
39 44 3
39 45 4
39 46 3
40 41 1
40 41 2
40 42 6
40 44 3
40 47 4
40 48 2
41 42 7
41 44 1
41 47 2
41 48 4
42 43 2
42 45 1
42 46 3
42 47 1
42 48 2
42 49 4
43 44 5
43 45 1
43 45 6
43 46 1
43 46 1
43 47 3
43 48 4
43 49 2
44 45 1
44 46 6
44 47 1
44 48 5
45 46 2
45 46 7
45 47 2
45 48 3
45 49 3
46 47 4
46 48 5
46 49 1
47 48 1
47 48 6
47 49 5
48 49 6
49 50 4
49 51 3
49 52 2
50 51 1
50 51 2
50 52 6
50 52 1
50 53 4
51 52 5
51 52 3
51 53 2
52 53 5
