32 66
1
1
1
1
1
1
1
1
1
1
1
1
2
1
1
1
1
1
1
1
1
1
1
1
1
2
1
1
1
1
1
4
0 1 2
0 2 2
1 2 4
1 4 3
1 5 5
2 3 3
2 31 8
3 8 5
3 6 3
3 31 8
4 5 2
5 10 4
5 11 6
5 9 2
6 8 2
6 7 4
8 12 4
8 12 2
8 13 2
9 10 2
9 11 4
10 16 5
10 11 2
10 15 3
11 18 3
11 17 2
12 12 2
12 13 6
12 13 4
13 14 3
15 16 2
15 19 5
15 20 3
17 18 5
18 21 2
18 22 4
18 23 3
19 24 3
19 20 2
19 20 6
20 24 3
21 25 2
21 25 3
21 22 2
21 22 1
21 23 5
21 23 3
22 25 3
22 25 4
22 23 7
22 23 2
23 25 5
23 25 6
24 26 6
24 27 4
25 25 1
26 27 2
27 28 5
27 29 4
27 30 2
28 29 6
28 29 1
28 30 5
28 30 3
29 30 1
29 30 2
