43 87
1
1
1
1
1
1
1
2
1
1
2
1
1
1
1
1
1
1
1
1
1
1
2
1
1
2
1
1
2
1
1
2
1
1
2
1
1
2
1
1
1
1
4
0 1 2
0 2 4
1 2 2
2 3 2
2 4 2
3 4 4
4 5 3
4 6 6
5 6 3
5 7 3
5 7 5
6 8 2
6 9 2
7 7 2
8 9 4
8 10 4
8 10 2
9 11 2
9 12 3
9 13 3
10 10 6
11 12 5
11 13 1
11 13 1
11 14 2
11 15 3
12 16 3
12 13 6
12 15 2
13 14 3
13 15 2
14 15 5
15 16 5
16 17 3
16 18 3
17 18 2
17 18 6
17 19 3
18 19 5
19 20 3
19 21 6
20 21 3
20 22 3
20 22 5
21 24 2
21 23 2
22 22 2
23 24 4
23 25 4
23 25 2
24 26 3
24 27 6
25 25 6
26 27 3
26 28 3
26 28 5
27 29 2
27 30 2
28 28 2
29 30 4
29 31 4
29 31 2
30 32 3
30 33 6
31 31 6
32 33 3
32 34 3
32 34 5
33 35 2
33 36 2
34 34 2
35 36 4
35 37 4
35 37 2
36 40 7
36 38 3
36 39 5
37 37 6
38 40 4
38 39 2
39 40 2
39 40 1
39 41 2
39 42 8
40 41 3
40 42 8
41 42 8
