84 213
1
1
1
1
1
1
2
1
1
1
1
1
2
1
1
1
1
1
1
1
1
2
1
1
1
1
1
1
1
1
1
1
1
1
1
1
1
1
1
1
1
1
1
1
1
1
1
1
1
1
1
1
1
1
1
1
1
1
1
1
1
1
1
1
1
2
1
1
1
1
1
1
1
1
1
2
1
1
1
1
1
1
2
4
0 1 1
1 2 4
2 3 3
2 4 2
3 4 5
3 6 5
3 7 2
4 5 3
5 8 2
5 9 2
5 10 3
6 11 2
6 7 2
6 7 3
7 11 4
8 9 4
8 10 2
8 10 1
9 10 5
9 12 2
9 12 4
9 13 6
11 14 2
11 15 6
12 12 2
12 13 4
12 13 2
13 16 2
13 17 3
13 18 3
14 19 2
14 20 4
14 15 4
15 22 2
15 21 2
15 21 4
16 17 5
16 18 2
16 18 1
17 24 5
17 18 6
17 23 3
19 20 2
20 25 3
20 26 6
21 21 6
21 22 4
21 22 2
22 27 2
22 28 4
22 29 5
23 24 2
23 24 2
23 30 3
23 31 4
24 31 6
24 30 5
25 32 2
25 33 4
25 26 3
27 28 2
27 28 1
27 29 3
27 29 5
28 29 1
28 29 6
30 34 3
30 35 5
30 36 1
30 31 1
31 36 2
31 37 1
31 38 4
31 39 5
31 40 2
32 33 2
33 42 6
33 41 3
34 35 2
34 35 2
34 36 4
34 38 4
35 36 6
35 38 2
36 37 3
36 38 2
36 39 3
36 40 4
37 38 5
37 39 6
37 40 1
37 43 4
37 44 2
37 45 5
38 39 1
38 40 6
39 40 1
39 40 7
39 43 3
39 44 2
39 46 4
39 47 2
39 48 5
40 43 2
40 44 1
40 46 3
40 47 3
40 48 4
41 42 3
41 50 4
41 49 2
43 44 1
43 44 6
43 45 1
43 46 1
43 47 5
43 48 2
44 45 7
44 46 2
44 47 4
44 48 3
45 46 1
45 47 2
45 51 2
45 52 4
46 47 6
46 47 1
46 48 1
46 51 3
46 52 5
47 48 7
47 51 4
47 52 6
48 52 1
48 53 3
48 54 5
49 50 2
50 56 6
50 55 3
51 83 8
51 52 2
51 53 2
51 54 4
52 53 2
52 54 4
53 83 8
53 54 6
53 54 2
54 83 8
55 56 3
55 57 2
55 58 4
57 58 2
58 59 3
58 60 5
59 60 2
60 61 2
60 62 3
61 64 2
61 62 5
61 63 3
63 64 5
63 65 3
63 65 5
63 66 7
63 67 7
65 65 2
65 66 4
65 66 2
65 67 4
65 67 2
66 67 0
66 67 0
66 68 4
67 68 4
68 69 2
68 70 3
69 72 5
69 70 5
69 71 2
71 72 3
72 73 2
72 74 4
73 74 6
74 75 3
74 75 5
74 76 2
74 77 2
75 75 2
75 76 5
75 76 7
75 77 5
75 77 7
76 77 0
76 77 0
76 78 4
77 78 4
78 80 4
78 81 3
78 79 2
79 80 2
79 80 1
79 81 5
79 81 3
79 82 2
79 82 3
80 81 7
80 81 2
80 82 3
80 82 4
81 82 5
81 82 6
82 82 1
