118 286
1
1
1
1
1
2
1
1
1
1
1
1
1
1
1
1
1
2
1
1
1
1
1
1
2
1
1
2
1
1
1
1
1
1
1
1
1
1
1
1
1
1
1
1
1
1
1
1
1
1
1
1
1
1
1
1
1
2
1
1
1
1
1
1
1
1
1
1
1
1
1
1
1
1
1
1
1
1
1
1
1
1
2
1
1
1
1
1
1
1
1
1
1
2
1
1
1
2
1
1
1
1
1
1
1
1
2
1
1
1
1
1
1
1
1
1
1
4
0 1 3
0 2 6
1 2 3
1 3 2
1 4 4
2 5 2
2 5 4
2 6 2
3 4 2
4 8 4
4 7 2
5 5 6
5 6 4
5 6 2
6 9 2
6 10 5
7 8 2
8 12 6
8 11 3
9 10 3
9 13 2
9 14 4
10 16 3
10 15 3
11 12 3
12 17 3
12 17 5
12 18 2
12 25 2
13 19 5
13 14 2
13 14 2
14 19 3
15 16 6
15 20 2
15 21 3
15 22 4
15 23 6
16 24 3
16 24 3
17 17 2
17 18 5
17 18 7
17 25 5
17 25 7
18 25 0
18 25 0
18 26 4
20 35 5
20 21 1
20 21 1
20 22 2
20 23 4
20 27 1
20 27 3
20 28 4
20 29 5
20 30 6
21 35 6
21 22 1
21 23 3
21 27 2
21 27 4
21 28 5
21 29 6
21 30 7
22 32 5
22 23 2
22 23 1
22 30 2
22 31 4
23 32 6
23 30 3
23 31 5
24 24 6
25 26 4
26 33 2
26 34 4
27 35 4
27 35 2
27 27 2
27 28 3
27 28 1
27 29 4
27 29 2
27 30 5
27 30 3
28 32 4
28 35 1
28 35 1
28 36 2
28 29 1
28 29 1
28 30 2
28 31 2
29 32 5
29 35 0
29 35 0
29 36 3
29 30 1
29 31 1
30 32 3
30 35 1
30 31 2
31 32 6
31 32 1
31 35 1
31 36 4
32 35 5
32 36 2
33 34 6
34 37 3
34 38 2
34 39 3
35 36 3
36 40 2
37 38 2
37 38 1
37 39 1
37 39 6
38 39 3
38 39 5
40 41 3
40 42 5
41 42 2
41 42 2
41 43 2
42 43 4
43 44 2
43 45 2
43 46 3
44 45 4
44 46 2
44 46 1
45 48 5
45 46 5
45 47 3
47 48 2
47 48 2
47 49 3
48 49 5
49 50 3
49 51 5
50 51 2
50 51 2
50 52 2
51 52 4
52 53 3
52 54 3
53 56 6
53 54 6
53 55 3
55 56 3
56 57 3
56 58 6
57 58 2
57 58 3
57 59 2
58 59 4
59 60 2
59 61 2
59 62 3
60 61 4
60 62 2
60 62 1
61 64 5
61 62 5
61 63 3
63 64 2
63 65 1
63 66 3
63 67 5
64 65 4
64 67 5
65 66 4
65 67 1
65 67 6
66 67 2
66 68 3
66 69 5
66 70 6
68 69 2
68 70 3
68 71 2
69 72 2
69 73 5
69 70 1
69 70 2
70 72 4
70 73 3
71 74 3
71 75 5
72 73 1
72 73 7
72 76 4
72 77 2
73 76 3
73 77 3
74 75 2
74 78 2
74 79 3
74 80 5
74 81 6
75 82 4
75 82 6
76 83 5
76 77 6
76 77 1
77 83 6
78 79 1
78 79 1
78 80 3
78 81 4
78 84 2
78 85 4
79 80 2
79 81 3
79 84 3
79 85 5
80 81 1
80 81 2
82 82 2
83 86 5
84 85 2
84 85 2
86 88 3
86 87 2
87 88 5
87 89 4
87 90 2
88 91 4
88 92 6
89 90 6
89 93 4
89 93 2
90 96 5
90 95 2
90 94 3
91 97 2
91 97 4
91 92 2
92 99 5
92 98 3
93 93 2
94 96 2
94 96 2
94 100 5
94 95 5
94 95 3
95 96 7
95 96 1
95 100 2
96 100 3
97 97 2
98 99 2
98 101 4
98 102 6
99 104 5
99 103 2
100 105 1
100 106 3
101 102 2
101 102 2
101 103 4
102 103 2
103 104 3
104 107 3
104 108 6
105 106 4
105 106 1
105 109 4
106 109 5
107 108 3
108 110 2
108 111 5
109 112 3
109 113 3
110 111 3
111 114 3
111 115 3
112 113 6
113 115 2
113 116 2
114 115 6
115 116 4
116 117 8
