37 69
1
1
1
2
1
1
1
1
1
1
1
2
1
2
1
1
1
2
1
1
1
1
1
2
1
1
1
1
1
1
1
1
1
1
1
2
4
0 1 2
0 2 6
1 2 4
1 3 5
1 4 1
2 5 3
2 6 3
3 4 1
3 4 4
3 7 3
4 7 4
5 6 6
6 8 2
6 10 3
7 11 6
7 11 4
7 12 2
8 9 5
8 10 5
10 13 2
10 13 4
10 14 2
11 11 2
11 12 4
11 12 2
12 15 2
12 17 4
12 17 6
13 13 6
13 14 4
13 14 2
14 19 6
14 18 3
15 16 5
15 17 2
15 17 4
16 20 3
16 21 6
17 17 2
18 19 3
18 22 2
18 23 5
18 23 6
19 24 2
19 25 3
20 26 3
20 27 5
20 21 3
22 23 3
22 23 4
23 23 1
24 25 5
25 36 8
26 27 2
27 28 3
27 29 6
28 29 3
28 30 3
28 31 5
30 31 2
31 32 4
31 33 6
32 33 2
32 34 2
32 35 5
32 35 6
34 35 3
34 35 4
35 35 1
