32 64
1
1
1
1
1
1
1
1
2
1
1
1
1
2
1
1
1
1
2
1
1
1
2
1
1
1
1
1
1
1
2
4
0 1 4
0 2 6
1 2 2
1 4 5
1 5 2
2 3 3
2 31 8
3 31 8
3 6 2
3 7 4
4 8 5
4 8 3
4 5 3
5 10 5
5 11 7
5 9 3
6 12 2
6 13 4
6 13 6
6 7 2
7 14 2
7 15 5
8 8 2
9 16 5
9 17 2
9 10 2
9 11 4
10 18 2
10 18 3
10 11 2
10 11 1
11 18 3
11 18 4
12 19 6
12 20 4
12 13 2
12 13 4
12 21 2
13 13 2
14 15 3
14 22 4
14 22 2
16 17 3
17 23 4
18 18 1
19 24 6
19 25 3
19 21 4
19 20 2
20 25 6
20 26 3
20 21 2
22 22 2
23 24 4
23 27 6
24 27 2
24 25 3
25 26 3
26 29 6
26 28 4
27 30 4
27 30 2
28 29 2
30 30 6
