40 89
1
1
1
1
1
1
1
1
1
1
2
1
1
2
1
1
1
1
1
2
1
1
1
1
1
4
3
3
3
3
3
3
3
3
3
3
3
3
3
3
0 1 2
0 2 4
0 31 8
0 26 8
0 25 8
1 32 8
1 2 2
1 27 8
1 33 8
2 3 2
2 4 4
3 28 8
3 4 2
3 34 8
4 5 2
4 6 4
5 35 8
5 36 8
5 37 8
5 6 2
5 29 8
6 38 8
6 30 8
6 39 8
7 8 3
7 9 5
7 26 8
7 27 8
8 9 2
8 10 6
8 10 4
8 27 8
9 11 2
9 12 6
9 27 8
9 28 8
10 10 2
11 12 4
11 13 4
11 14 2
11 28 8
12 15 2
12 16 5
12 28 8
12 29 8
13 17 4
13 18 6
13 14 2
14 19 4
14 19 6
14 18 2
15 16 3
15 29 8
15 38 8
16 20 3
16 29 8
16 21 5
17 24 5
17 18 2
17 22 2
17 23 3
18 19 2
18 19 4
19 19 2
20 21 2
20 39 8
21 30 8
22 24 5
22 24 3
22 23 6
22 23 1
23 24 1
23 24 2
25 26 0
25 31 0
26 31 0
27 32 0
27 33 0
28 34 0
29 35 0
29 36 0
29 37 0
30 38 0
30 39 0
32 33 0
35 36 0
35 37 0
36 37 0
38 39 0
