52 139
1
1
1
1
1
1
1
1
1
1
1
1
1
1
1
1
1
1
1
1
1
1
1
1
1
1
1
1
1
1
2
1
1
1
1
1
1
1
1
1
2
4
3
3
3
3
3
3
3
3
3
3
0 1 3
0 42 8
0 3 5
0 41 8
1 2 3
1 3 2
2 4 6
2 5 3
3 4 3
4 5 3
5 43 8
5 44 8
5 45 8
5 46 8
5 47 8
5 48 8
5 49 8
5 50 8
5 51 8
6 8 4
6 44 8
6 7 2
7 8 2
7 9 3
7 11 6
8 43 8
8 12 3
8 13 2
8 14 2
9 10 5
9 11 3
10 17 2
10 18 5
11 46 8
12 43 8
12 13 6
12 13 1
12 14 5
13 43 8
13 14 4
14 43 8
14 15 3
15 16 3
16 42 8
16 19 2
16 20 5
17 18 3
17 22 3
17 21 5
18 24 4
18 23 2
19 42 8
19 20 3
19 45 8
20 42 8
20 25 2
20 26 3
20 27 4
21 28 4
21 29 6
21 22 2
22 29 2
22 30 5
23 24 2
23 47 8
24 32 5
24 33 6
24 31 2
25 26 5
25 26 3
25 27 6
25 27 1
26 27 1
26 27 2
28 34 2
28 35 4
28 30 5
28 29 2
29 30 3
30 34 3
30 35 1
31 32 3
31 49 8
31 33 4
32 33 1
32 33 2
32 36 2
32 37 5
33 36 4
33 37 3
34 35 2
34 35 1
34 38 3
35 38 4
36 37 2
36 37 7
38 40 4
38 40 6
38 39 2
39 40 2
39 40 4
40 40 2
41 42 0
43 44 0
43 45 0
43 48 0
43 49 0
43 50 0
43 51 0
43 46 0
43 47 0
44 45 0
44 46 0
44 47 0
44 48 0
44 49 0
44 50 0
44 51 0
45 46 0
45 47 0
45 48 0
45 49 0
45 50 0
45 51 0
46 47 0
46 48 0
46 49 0
46 50 0
46 51 0
47 48 0
47 49 0
47 50 0
47 51 0
48 49 0
48 50 0
48 51 0
49 50 0
49 51 0
50 51 0
