67 177
1
1
1
1
1
1
1
1
2
1
1
1
1
2
1
1
1
2
1
1
1
1
1
1
1
1
2
1
1
1
1
1
1
1
1
1
1
1
1
1
1
1
1
1
2
1
1
1
1
1
4
3
3
3
3
3
3
3
3
3
3
3
3
3
3
3
3
0 1 2
0 2 5
0 51 8
1 2 3
1 3 2
1 4 3
1 5 5
2 6 2
2 7 4
3 8 4
3 8 2
3 4 1
3 5 3
4 9 4
4 5 1
4 5 2
5 9 3
6 10 2
6 11 5
6 12 6
6 7 2
7 50 8
7 13 4
7 13 2
8 8 2
9 14 5
9 15 2
10 11 3
10 12 4
10 16 2
10 17 4
10 17 6
10 58 8
10 60 8
11 12 2
11 12 1
13 50 8
13 50 8
13 13 6
14 54 8
14 15 3
15 18 3
15 19 5
16 17 2
16 17 4
16 20 4
16 21 2
16 58 8
16 60 8
17 17 2
17 60 8
17 60 8
17 58 8
17 58 8
18 55 8
18 19 2
19 20 5
19 22 2
20 21 2
20 22 3
21 64 8
21 65 8
21 57 8
21 59 8
21 61 8
21 62 8
21 63 8
22 56 8
23 56 8
23 51 8
23 57 8
23 54 8
23 55 8
23 24 2
23 25 3
24 25 5
24 26 2
24 26 4
24 27 6
25 58 8
25 52 8
25 53 8
26 26 2
26 27 4
26 27 2
27 28 3
27 29 3
28 29 6
28 30 4
28 31 6
29 60 8
30 32 2
30 33 3
30 34 5
30 35 6
30 31 2
31 61 8
32 33 6
32 33 1
32 34 3
32 35 4
33 34 2
33 35 3
34 35 6
34 35 1
34 36 3
35 36 3
36 37 3
37 38 3
37 39 6
38 40 6
38 41 4
38 39 3
39 65 8
39 66 8
40 41 2
40 42 5
40 43 3
41 44 4
41 44 2
42 59 8
42 43 2
43 45 2
43 46 4
43 47 5
44 44 2
45 48 2
45 49 4
45 46 2
45 46 1
45 47 3
45 47 5
46 48 3
46 49 5
46 47 1
46 47 6
47 48 3
47 49 1
48 64 8
48 49 2
49 63 8
51 55 0
51 54 0
51 56 0
51 57 0
52 58 0
52 53 0
53 58 0
54 55 0
54 56 0
54 57 0
55 56 0
55 57 0
56 57 0
57 64 0
57 65 0
57 59 0
57 61 0
57 62 0
57 63 0
58 60 0
59 64 0
59 65 0
59 61 0
59 62 0
59 63 0
61 64 0
61 65 0
61 62 0
61 63 0
62 64 0
62 65 0
62 63 0
63 64 0
63 65 0
64 65 0
65 66 0
