47 220
1
1
1
1
1
1
1
2
1
2
1
1
1
1
1
1
1
1
1
1
1
1
1
1
1
1
1
1
1
1
4
3
3
3
3
3
3
3
3
3
3
3
3
3
3
3
3
0 32 8
0 1 5
0 34 8
0 3 3
0 36 8
0 37 8
0 38 8
0 33 8
0 40 8
0 41 8
0 42 8
0 39 8
0 44 8
0 45 8
0 46 8
0 43 8
0 35 8
0 31 8
1 2 3
2 3 4
2 30 8
3 32 8
3 35 8
3 36 8
3 37 8
3 38 8
3 33 8
3 40 8
3 41 8
3 42 8
3 39 8
3 44 8
3 34 8
3 46 8
3 45 8
3 43 8
3 30 8
3 31 8
4 5 4
4 6 2
4 31 8
5 6 2
5 7 6
5 7 4
6 8 2
6 9 4
6 9 5
6 10 1
7 7 2
8 9 2
8 9 3
8 10 3
8 11 4
8 12 2
9 9 1
9 10 5
9 10 6
10 13 2
10 14 4
10 15 3
11 16 3
11 12 2
11 12 6
11 17 4
12 16 3
12 17 2
13 14 2
13 14 1
13 15 5
13 15 3
14 15 7
14 15 2
16 17 2
16 17 1
16 18 2
17 18 4
18 19 2
18 20 4
19 20 2
20 21 3
20 22 6
21 24 2
21 22 3
21 23 5
22 33 8
23 24 3
23 34 8
24 25 4
24 26 6
25 26 2
25 27 2
25 28 3
25 29 5
26 35 8
27 28 6
27 28 1
27 29 5
27 29 3
28 29 1
28 29 2
31 32 0
31 33 0
31 34 0
31 35 0
31 36 0
31 37 0
31 38 0
31 39 0
31 40 0
31 41 0
31 42 0
31 43 0
31 44 0
31 45 0
31 46 0
32 33 0
32 34 0
32 35 0
32 36 0
32 37 0
32 38 0
32 39 0
32 40 0
32 41 0
32 42 0
32 43 0
32 44 0
32 45 0
32 46 0
33 34 0
33 35 0
33 36 0
33 37 0
33 38 0
33 39 0
33 40 0
33 41 0
33 42 0
33 43 0
33 44 0
33 45 0
33 46 0
34 35 0
34 36 0
34 37 0
34 38 0
34 39 0
34 40 0
34 41 0
34 42 0
34 43 0
34 44 0
34 45 0
34 46 0
35 36 0
35 37 0
35 38 0
35 39 0
35 40 0
35 41 0
35 42 0
35 43 0
35 44 0
35 45 0
35 46 0
36 37 0
36 38 0
36 39 0
36 40 0
36 41 0
36 42 0
36 43 0
36 44 0
36 45 0
36 46 0
37 38 0
37 39 0
37 40 0
37 41 0
37 42 0
37 43 0
37 44 0
37 45 0
37 46 0
38 39 0
38 40 0
38 41 0
38 42 0
38 43 0
38 44 0
38 45 0
38 46 0
39 40 0
39 41 0
39 42 0
39 43 0
39 44 0
39 45 0
39 46 0
40 41 0
40 42 0
40 43 0
40 44 0
40 45 0
40 46 0
41 42 0
41 43 0
41 44 0
41 45 0
41 46 0
42 43 0
42 44 0
42 45 0
42 46 0
43 44 0
43 45 0
43 46 0
44 45 0
44 46 0
45 46 0
