49 190
1
1
1
1
1
1
1
1
1
2
1
1
1
1
1
1
1
1
1
1
1
1
2
4
3
3
3
3
3
3
3
3
3
3
3
3
3
3
3
3
3
3
3
3
3
3
3
3
3
0 24 8
0 1 2
0 2 6
1 2 4
1 4 4
1 5 2
2 3 3
2 23 8
3 8 6
3 6 4
3 23 8
4 5 2
4 9 6
4 9 4
5 10 3
5 11 6
6 8 2
6 7 3
7 11 4
7 12 2
8 25 8
9 9 2
10 26 8
10 11 3
11 12 2
12 13 2
12 14 5
13 35 8
13 37 8
13 39 8
13 41 8
13 42 8
13 43 8
13 14 3
13 47 8
13 46 8
13 28 8
14 32 8
14 33 8
14 34 8
14 36 8
14 38 8
14 40 8
14 44 8
14 45 8
14 48 8
14 27 8
14 29 8
14 30 8
14 31 8
15 16 3
15 17 5
15 29 8
15 24 8
15 25 8
16 17 2
16 26 8
16 27 8
16 28 8
17 18 2
17 19 5
18 19 3
18 30 8
19 20 3
19 21 5
20 21 2
20 31 8
21 22 2
21 22 4
22 22 6
24 25 0
24 29 0
25 29 0
26 27 0
26 28 0
27 32 0
27 33 0
27 34 0
27 36 0
27 38 0
27 48 0
27 40 0
27 44 0
27 45 0
27 28 0
27 29 0
27 30 0
27 31 0
28 35 0
28 37 0
28 39 0
28 41 0
28 42 0
28 43 0
28 46 0
28 47 0
29 32 0
29 33 0
29 34 0
29 36 0
29 38 0
29 40 0
29 44 0
29 45 0
29 48 0
29 30 0
29 31 0
30 32 0
30 33 0
30 34 0
30 36 0
30 38 0
30 40 0
30 44 0
30 45 0
30 48 0
30 31 0
31 32 0
31 33 0
31 34 0
31 36 0
31 38 0
31 40 0
31 44 0
31 45 0
31 48 0
32 33 0
32 34 0
32 36 0
32 38 0
32 40 0
32 44 0
32 45 0
32 48 0
33 34 0
33 36 0
33 38 0
33 40 0
33 44 0
33 45 0
33 48 0
34 36 0
34 38 0
34 40 0
34 44 0
34 45 0
34 48 0
35 37 0
35 39 0
35 41 0
35 42 0
35 43 0
35 46 0
35 47 0
36 38 0
36 40 0
36 44 0
36 45 0
36 48 0
37 39 0
37 41 0
37 42 0
37 43 0
37 46 0
37 47 0
38 40 0
38 44 0
38 45 0
38 48 0
39 41 0
39 42 0
39 43 0
39 46 0
39 47 0
40 44 0
40 45 0
40 48 0
41 42 0
41 43 0
41 46 0
41 47 0
42 43 0
42 46 0
42 47 0
43 46 0
43 47 0
44 45 0
44 48 0
45 48 0
46 47 0
