43 89
1
1
1
1
1
1
1
1
1
2
2
1
2
1
1
1
1
1
1
1
2
1
1
1
1
2
1
1
2
1
1
1
1
1
2
1
1
1
1
1
1
2
4
0 1 2
0 2 5
0 42 8
1 2 3
1 3 6
1 4 3
2 5 3
2 7 2
3 8 6
3 9 4
3 9 2
3 4 3
5 6 3
5 7 5
6 10 6
6 10 4
6 11 2
8 9 2
8 9 4
8 12 4
8 12 2
9 9 2
10 10 2
10 11 4
10 11 2
11 14 5
11 13 2
12 12 2
13 16 3
13 14 3
13 15 5
15 16 2
15 17 3
15 18 6
16 19 6
16 20 4
16 20 2
17 18 3
17 21 5
17 22 3
18 24 3
18 23 3
19 25 4
19 25 2
19 20 2
19 20 4
20 20 2
21 26 6
21 27 3
21 22 2
22 28 4
22 29 2
23 24 6
23 24 2
23 30 4
24 30 2
25 25 2
26 32 2
26 33 5
26 27 3
26 31 4
27 34 3
27 34 5
28 29 3
28 29 2
30 35 3
30 36 2
30 37 3
31 32 2
31 32 1
31 33 1
31 33 2
32 33 3
32 33 3
34 34 2
35 36 5
35 37 6
35 38 3
35 39 2
35 40 5
36 37 2
36 37 1
38 40 2
38 39 1
38 39 6
39 40 3
40 41 4
40 41 2
41 41 6
