48 101
1
1
1
1
1
1
1
2
1
1
1
1
2
1
1
1
1
2
1
1
1
1
1
1
1
1
1
1
1
1
1
1
1
1
1
1
2
1
2
1
1
1
1
2
1
1
1
4
0 1 2
0 3 6
1 2 4
1 3 4
3 4 4
4 5 4
4 6 6
5 8 2
5 6 2
5 7 6
5 7 4
6 9 3
6 10 3
7 8 4
7 8 2
7 7 2
8 11 2
8 12 4
8 12 6
9 10 6
10 47 8
11 12 2
11 12 4
11 13 4
11 14 2
12 12 2
13 14 2
14 16 3
14 17 5
14 17 6
14 15 2
15 16 1
15 17 3
15 17 4
16 17 2
16 17 3
16 18 2
16 19 4
17 17 1
18 19 2
18 19 2
18 20 4
19 20 2
20 21 5
20 22 3
21 22 6
21 22 2
21 23 4
22 23 2
23 24 6
23 25 4
23 26 2
24 25 6
24 25 2
24 26 4
24 27 3
25 26 2
25 27 3
26 28 4
26 29 6
28 32 7
28 29 2
28 30 3
28 31 5
29 32 4
29 31 3
30 32 4
30 33 3
30 31 2
31 32 1
31 32 2
33 34 3
33 35 6
34 35 3
34 36 6
34 36 4
34 37 2
35 38 3
35 38 5
36 36 2
36 37 4
36 37 2
37 40 4
37 39 2
38 38 2
39 40 2
39 41 3
39 42 5
40 43 4
40 43 6
41 42 2
42 44 3
42 45 4
42 46 6
43 43 2
44 45 1
44 45 2
44 46 3
44 46 3
45 46 2
45 46 1
