78 156
1
1
1
1
1
1
1
1
1
1
1
1
1
1
1
1
1
1
2
1
1
1
1
1
2
1
1
1
1
1
1
1
2
1
1
1
1
1
1
1
1
2
1
1
1
1
1
1
1
1
1
1
1
1
1
1
1
1
1
2
1
1
1
1
1
1
1
1
2
1
1
1
1
1
1
1
1
4
0 1 2
0 3 5
1 2 4
1 3 3
2 4 2
2 5 5
3 8 4
3 6 2
3 7 3
4 9 5
4 10 3
4 5 3
5 11 3
5 12 5
6 8 6
6 8 1
6 7 5
6 7 3
7 8 1
7 8 2
9 10 6
9 10 2
9 13 2
10 13 4
11 16 4
11 17 6
11 12 2
11 14 2
13 18 6
13 18 4
14 16 2
14 17 4
14 15 5
15 19 5
15 20 2
16 17 2
16 22 6
16 21 3
18 18 2
19 20 3
19 23 4
20 24 3
20 24 5
21 25 2
21 26 6
21 22 3
22 27 2
22 28 3
22 29 3
24 24 2
25 26 4
25 30 2
25 31 4
26 32 3
26 32 5
27 28 5
27 29 2
27 29 1
28 33 3
28 34 5
28 29 6
30 35 6
30 36 3
30 31 2
31 38 6
31 37 4
32 32 2
33 40 4
33 34 6
33 34 2
33 39 3
34 40 2
34 39 3
35 36 3
37 38 2
39 40 1
39 41 3
39 41 5
40 42 5
41 41 2
42 43 2
42 44 2
42 45 4
43 44 4
43 45 6
44 45 2
44 45 6
44 46 4
45 46 2
46 48 5
46 47 3
47 48 2
47 48 2
47 49 2
48 49 4
49 50 2
49 51 4
49 52 6
50 51 2
50 52 4
51 52 2
51 52 2
51 53 5
52 53 3
53 54 3
53 55 5
54 55 2
55 56 3
56 57 2
56 58 3
57 58 5
57 59 5
57 59 3
58 60 1
58 61 2
58 62 3
58 63 5
59 59 2
60 64 3
60 65 3
60 61 3
60 62 4
60 63 6
61 62 2
61 62 1
61 63 3
61 63 3
62 63 1
62 63 2
64 65 6
64 66 3
64 67 3
65 68 2
65 68 4
66 67 6
66 69 2
66 70 2
66 71 5
68 68 2
69 70 4
69 71 3
69 72 3
69 73 2
69 77 8
70 71 7
70 71 2
72 73 6
72 73 1
72 74 2
72 77 8
73 74 4
73 77 8
74 75 3
74 76 2
75 76 1
75 76 2
