40 70
1
1
1
1
1
1
1
1
1
1
1
1
1
1
1
1
1
1
1
1
1
1
1
1
1
1
1
1
1
1
1
1
1
1
1
1
1
1
1
4
0 1 3
0 2 5
1 2 2
1 2 2
1 3 2
2 3 4
3 4 3
3 5 6
4 5 3
4 6 3
4 7 5
5 8 2
5 9 3
6 10 4
6 11 6
6 7 2
7 12 3
7 13 6
8 9 5
9 39 8
10 11 2
10 14 6
10 15 4
11 16 3
11 17 3
12 13 3
13 18 3
13 19 5
14 15 2
16 17 6
16 20 2
16 21 4
17 20 2
17 21 4
18 19 2
18 22 3
18 23 6
19 24 2
19 25 4
20 21 6
20 21 2
22 27 5
22 26 2
22 23 3
23 24 3
23 28 3
24 25 2
24 28 6
25 29 3
25 30 3
26 27 3
27 32 5
27 31 3
29 33 2
29 34 4
29 30 6
30 34 4
30 33 2
31 32 2
32 35 3
32 36 5
33 34 2
33 34 6
35 36 2
35 37 4
35 38 2
36 37 4
36 38 2
37 38 6
37 38 2
