48 105
1
1
2
1
1
1
2
1
1
1
1
1
2
1
1
1
1
1
1
1
1
1
1
1
1
1
1
1
1
1
4
3
3
3
3
3
3
3
3
3
3
3
3
3
3
3
3
3
0 1 3
0 2 5
0 2 6
0 31 8
1 2 2
1 2 3
1 3 4
2 2 1
3 4 3
3 5 5
4 32 8
4 5 2
4 38 8
4 37 8
5 8 7
5 6 3
5 6 5
5 7 7
6 8 4
6 8 2
6 6 2
6 7 4
6 7 2
7 8 0
7 8 0
7 9 3
8 9 3
9 10 3
9 11 6
10 40 8
10 11 3
10 12 3
10 12 5
10 39 8
11 13 2
11 14 4
11 15 3
12 40 8
12 40 8
12 12 2
12 39 8
12 39 8
13 30 8
13 14 1
13 14 2
13 15 3
13 15 5
14 30 8
14 15 2
14 15 7
15 30 8
16 17 2
16 18 5
16 37 8
17 18 3
17 38 8
18 19 2
18 20 5
19 20 3
19 21 2
19 22 2
19 23 3
20 24 1
20 25 3
20 26 5
21 25 4
21 22 4
21 23 2
21 23 1
22 23 5
22 27 2
22 28 4
22 29 5
23 25 6
24 32 8
24 25 4
24 26 6
24 26 1
24 31 8
25 26 2
26 32 8
26 31 8
27 28 2
27 28 1
27 29 3
27 29 5
28 29 1
28 29 6
31 32 0
32 37 0
32 38 0
33 42 0
34 35 0
34 43 0
34 44 0
34 45 0
36 46 0
36 47 0
37 38 0
39 40 0
41 42 0
43 44 0
43 45 0
44 45 0
46 47 0
