35 93
1
1
1
1
1
1
1
1
1
1
1
2
2
1
1
1
1
1
1
1
1
1
1
1
1
2
4
3
3
3
3
3
3
3
3
0 1 2
0 2 5
0 27 8
1 2 3
1 29 8
2 3 3
2 4 5
3 4 2
3 5 3
3 6 6
4 28 8
5 30 8
5 6 3
6 8 5
6 7 3
7 8 2
7 9 3
7 10 6
8 11 2
8 11 4
9 10 3
9 12 3
9 12 5
10 13 2
10 14 5
11 11 6
12 12 2
13 33 8
13 14 3
14 16 3
14 15 2
15 16 5
15 17 2
15 18 3
16 32 8
17 18 5
17 34 8
18 19 3
18 20 2
18 21 5
19 20 1
19 20 6
19 21 2
20 21 3
21 22 2
21 23 4
21 24 3
22 24 3
22 24 5
22 25 2
22 25 3
22 26 8
22 23 1
22 23 2
23 24 2
23 24 7
23 25 3
23 25 4
23 26 8
24 25 5
24 25 6
24 26 8
25 25 1
25 26 8
25 26 8
27 32 0
27 34 0
27 33 0
27 28 0
27 29 0
27 30 0
27 31 0
28 32 0
28 33 0
28 34 0
28 29 0
28 30 0
28 31 0
29 32 0
29 34 0
29 33 0
29 30 0
29 31 0
30 32 0
30 33 0
30 34 0
30 31 0
31 32 0
31 33 0
31 34 0
32 33 0
32 34 0
33 34 0
