119 249
1
1
1
2
1
1
1
1
1
1
1
1
1
1
1
1
1
2
1
1
1
1
1
1
1
1
1
1
1
1
1
1
1
1
1
2
1
1
1
2
1
1
1
1
1
1
1
1
1
1
1
1
1
1
1
1
1
1
1
2
1
1
1
1
1
1
1
2
1
2
1
1
1
1
2
1
1
1
1
1
2
1
1
1
1
1
1
2
2
1
1
1
1
2
1
1
1
1
1
1
2
1
1
1
1
1
1
1
1
1
2
1
1
2
1
1
2
2
4
0 1 3
0 2 6
1 2 3
1 3 5
1 4 1
2 5 2
2 6 2
2 7 3
3 8 3
3 4 4
3 4 1
4 8 4
5 6 4
5 7 1
5 7 2
6 9 2
6 10 3
6 7 5
8 11 2
8 12 5
8 13 6
9 16 6
9 10 5
9 14 2
9 15 4
10 17 3
10 17 3
10 118 8
11 18 2
11 19 4
11 12 3
11 13 4
12 13 2
12 13 1
14 16 4
14 20 4
14 15 2
14 15 2
15 16 2
15 20 2
16 21 2
16 22 4
16 23 3
17 17 6
17 118 8
17 118 8
18 24 3
18 19 6
18 19 2
19 24 3
21 22 1
21 22 2
21 23 3
21 23 5
22 23 2
22 23 7
24 25 6
24 26 4
25 26 6
25 26 2
25 27 2
25 28 4
26 27 4
26 28 2
27 28 2
28 32 6
28 29 2
28 30 3
28 31 5
29 32 4
29 30 1
29 30 6
29 31 3
30 32 3
30 31 2
31 32 6
31 32 1
31 33 3
32 33 3
33 34 3
34 35 2
34 36 4
35 36 2
35 37 3
35 38 2
36 38 3
36 39 6
37 40 4
37 38 5
37 39 6
38 39 3
39 40 2
40 41 2
40 42 4
41 42 6
41 42 2
41 43 4
42 43 2
43 44 3
43 45 5
44 48 5
44 45 2
44 46 3
44 47 2
45 49 2
45 50 4
46 48 2
46 48 2
46 51 4
46 47 1
47 48 3
47 52 4
48 51 6
49 50 2
49 53 2
49 54 5
50 56 3
50 55 2
52 57 6
52 58 3
53 59 4
53 59 2
53 54 3
54 60 2
54 62 1
54 61 4
55 64 6
55 56 5
55 63 2
57 65 6
57 66 3
57 58 3
58 67 3
58 67 5
59 59 2
60 62 3
60 68 4
60 61 2
60 61 2
61 68 6
61 62 5
63 64 4
63 69 4
63 69 2
64 70 2
64 71 6
65 72 2
65 66 3
65 73 2
66 74 3
66 74 5
67 67 2
68 75 2
69 69 2
70 71 4
71 76 3
71 77 5
72 79 4
72 78 6
72 73 4
73 80 2
73 80 4
74 74 2
75 81 3
75 82 2
76 83 2
76 84 6
76 77 2
78 85 3
78 86 5
78 79 2
79 87 4
79 87 2
80 80 6
81 88 3
81 88 5
81 89 7
81 82 5
81 96 7
83 92 5
83 84 4
83 90 2
83 91 4
84 93 2
84 93 4
85 94 3
85 86 2
85 95 6
87 87 2
88 88 2
88 96 4
88 96 2
88 89 4
88 89 2
89 96 0
89 96 0
89 97 4
90 91 1
90 91 2
90 92 5
90 92 3
91 92 6
91 92 1
93 93 2
94 98 5
94 99 4
94 95 3
95 100 2
95 100 4
96 97 4
97 101 2
98 99 1
98 99 2
98 102 5
99 102 3
100 100 6
102 104 5
102 103 3
103 104 2
103 105 6
103 106 4
103 107 3
105 106 2
105 107 3
105 108 2
105 109 2
106 107 1
106 107 1
106 110 2
106 110 4
107 110 3
107 110 5
108 112 4
108 109 4
108 111 6
109 113 2
109 113 4
110 110 2
111 112 2
111 114 2
111 115 5
112 116 4
112 116 2
113 113 6
114 115 3
115 117 3
115 117 3
116 116 2
117 117 6
