45 96
1
1
1
2
1
1
1
1
1
1
2
2
1
1
1
1
1
1
1
2
1
1
1
1
1
1
1
1
1
1
1
1
1
1
1
2
1
1
1
1
1
1
1
1
4
0 1 2
0 2 4
0 44 8
1 2 2
2 3 2
2 4 6
3 4 4
3 4 2
3 5 3
4 5 5
5 6 2
5 7 4
6 8 3
6 9 6
6 7 2
7 10 2
7 10 4
8 9 3
8 11 3
8 11 5
9 12 2
9 13 3
10 10 6
11 11 2
12 16 5
12 13 5
12 14 4
12 15 2
13 18 6
13 17 3
14 16 1
14 16 2
14 15 2
14 15 1
15 16 3
15 16 3
17 18 3
17 19 3
17 19 5
18 20 2
18 21 5
19 19 2
20 21 3
20 22 2
20 23 4
21 24 3
21 25 3
22 26 3
22 27 5
22 28 7
22 23 2
23 29 2
23 30 4
23 31 6
24 32 1
24 33 3
24 34 5
24 25 6
25 35 2
25 35 4
26 27 2
26 28 4
27 28 2
27 28 1
27 29 3
28 29 4
29 31 4
29 30 2
30 36 3
30 31 2
30 31 2
31 36 5
32 33 4
32 34 6
32 34 1
33 34 2
33 36 2
33 37 6
35 35 6
36 37 4
37 40 5
37 38 1
37 39 3
38 40 6
38 40 1
38 39 4
39 40 2
39 41 3
39 42 4
39 43 6
41 42 1
41 42 2
41 43 3
41 43 3
42 43 2
42 43 1
