32 69
1
1
1
1
1
1
1
1
2
1
1
1
1
1
1
1
1
2
1
1
1
1
1
1
1
1
1
1
1
1
1
4
0 1 2
0 2 5
1 2 3
2 3 3
2 4 5
2 31 8
3 4 2
3 4 2
3 5 3
3 31 8
4 5 5
4 31 8
5 6 3
5 7 5
6 8 3
6 9 5
6 7 2
7 10 2
7 11 3
7 12 4
8 9 2
8 14 5
8 13 3
9 14 2
9 15 6
10 11 3
10 11 5
10 12 1
10 12 6
11 12 2
11 12 1
13 16 2
13 14 2
13 17 6
14 15 4
15 18 2
15 19 4
15 20 5
16 17 6
16 17 4
16 21 2
16 22 3
17 21 4
17 22 3
18 19 1
18 19 2
18 20 5
18 20 3
18 23 3
19 20 6
19 20 1
19 23 4
20 23 2
21 25 5
21 22 1
21 22 7
21 24 3
22 24 4
22 25 2
24 25 2
24 25 5
24 26 3
25 26 2
26 27 2
26 28 5
27 28 3
28 29 2
28 30 5
29 30 3
