29 62
1
1
1
2
1
1
1
1
1
1
1
1
1
2
1
1
2
1
1
1
1
2
1
4
3
3
3
3
3
0 24 8
0 1 2
0 2 5
0 28 8
0 23 8
1 28 8
1 2 3
1 3 5
1 4 1
2 28 8
2 5 4
2 6 2
3 4 1
3 4 4
3 7 3
4 7 4
5 26 8
5 6 2
6 8 3
6 9 6
7 10 3
7 11 5
8 9 3
8 12 2
8 13 6
9 14 2
9 15 5
10 25 8
10 11 2
11 16 3
11 16 5
12 17 3
12 13 6
12 13 4
13 17 3
14 18 2
14 19 4
14 20 5
14 15 3
15 21 3
15 21 5
16 16 2
17 22 2
18 19 2
18 19 1
18 20 3
18 20 5
19 20 1
19 20 6
21 21 2
22 27 8
23 24 0
24 25 0
24 26 0
24 27 0
24 28 0
25 26 0
25 27 0
25 28 0
26 27 0
26 28 0
27 28 0
