53 105
1
1
1
2
1
1
1
1
1
2
1
1
2
1
2
1
1
1
1
1
2
1
1
1
1
1
2
1
2
1
1
1
1
1
1
2
1
1
1
1
1
2
1
1
1
1
1
1
1
1
1
1
4
0 1 2
0 2 5
1 2 3
1 3 3
1 3 5
2 4 3
2 5 3
3 3 2
4 5 6
4 6 3
4 7 2
5 52 8
6 8 2
6 9 6
6 7 5
8 9 6
8 9 4
8 10 3
9 10 3
10 11 2
10 12 5
10 12 6
11 12 3
11 12 4
11 13 2
11 14 4
11 14 6
12 12 1
13 16 5
13 17 6
13 14 2
13 14 4
13 15 3
14 14 2
15 16 2
15 17 3
15 18 2
15 19 4
16 17 2
16 17 1
18 19 2
18 20 6
18 20 4
19 21 2
19 22 5
20 20 2
21 22 3
22 24 6
22 23 3
23 24 3
24 25 1
24 26 3
25 26 4
25 26 1
25 27 4
26 27 5
27 28 4
27 28 2
27 29 2
28 28 2
28 29 6
28 29 4
29 30 3
29 31 3
30 31 6
31 32 4
31 33 2
32 33 2
32 34 3
32 35 3
34 35 6
34 35 5
34 36 3
35 36 2
36 37 5
36 38 2
37 40 5
37 38 3
37 39 2
38 41 3
38 41 5
39 40 3
39 42 4
39 43 2
39 44 2
41 41 2
42 43 2
42 43 6
42 44 6
42 45 2
43 44 4
43 45 4
45 46 5
45 47 3
46 48 6
46 49 4
46 47 2
46 47 2
47 48 4
47 49 2
48 49 2
48 50 5
48 51 3
50 51 2
50 51 2
