32 65
1
1
1
1
1
2
1
1
1
1
1
1
1
1
2
1
1
1
1
1
1
1
1
1
1
1
2
1
2
1
1
4
0 1 2
0 2 4
1 2 2
2 3 2
2 4 5
3 4 3
4 5 2
4 5 4
4 6 2
4 31 8
5 5 6
5 6 4
5 6 2
5 31 8
5 31 8
6 8 5
6 31 8
6 7 3
7 8 2
7 8 2
7 9 3
8 9 5
9 10 2
9 11 5
10 11 3
10 12 2
10 13 5
11 14 3
11 14 5
12 16 5
12 17 6
12 13 3
12 15 3
13 18 3
13 20 3
14 14 2
15 16 2
15 17 3
15 21 2
15 22 4
16 17 2
16 17 1
18 19 3
18 20 6
19 24 3
19 25 2
19 23 5
21 26 6
21 26 4
21 22 2
22 27 3
22 28 5
22 28 6
23 24 2
23 25 3
23 29 5
24 25 2
24 25 1
24 30 2
25 30 4
26 26 2
27 28 2
27 28 3
27 29 3
28 28 1
