36 78
1
1
1
1
1
1
1
1
1
1
1
1
1
2
1
2
1
1
1
1
1
1
1
1
1
1
1
1
2
2
1
1
2
1
1
4
0 1 3
0 2 5
1 2 2
2 3 2
2 4 4
3 4 2
3 5 2
3 6 3
3 7 5
5 8 3
5 9 5
5 6 1
5 6 7
5 7 3
6 8 4
6 9 2
6 7 2
7 35 8
8 9 2
8 9 2
8 10 4
9 10 6
10 11 2
10 12 4
11 12 2
11 13 6
11 13 4
11 14 2
13 13 2
13 14 4
13 14 2
14 16 2
14 15 6
14 15 4
15 16 4
15 16 2
15 15 2
16 17 4
16 18 2
17 18 2
18 19 3
18 20 6
19 20 3
19 21 5
19 22 4
19 23 2
20 24 2
20 25 4
21 22 6
21 22 1
21 23 5
21 23 3
22 23 1
22 23 2
24 25 2
24 26 3
24 27 6
25 28 2
25 28 4
26 27 3
26 29 3
26 29 5
27 30 3
27 31 2
28 28 6
29 29 2
30 32 3
30 32 5
30 33 7
30 34 7
30 31 5
32 32 2
32 33 4
32 33 2
32 34 4
32 34 2
33 34 0
33 34 0
