28 65
1
1
1
1
1
1
1
1
1
1
1
1
1
1
1
1
1
1
1
1
1
1
1
1
1
1
1
4
0 1 3
0 2 5
0 27 8
1 27 8
1 2 2
1 2 2
1 3 3
2 3 5
2 27 8
3 4 3
3 5 4
3 6 6
4 8 5
4 5 7
4 5 1
4 6 3
4 7 3
5 8 2
5 6 2
5 7 4
7 8 2
7 9 3
7 10 6
8 10 2
8 11 5
9 10 3
9 11 6
9 12 4
10 11 3
11 12 2
12 13 2
12 14 5
13 16 5
13 17 6
13 14 3
13 15 2
14 20 3
14 18 2
14 19 2
15 16 3
15 17 4
15 21 2
15 22 3
15 23 5
16 17 1
16 17 2
18 19 4
18 20 2
18 20 1
19 20 5
19 24 2
19 25 4
19 26 3
21 22 6
21 22 1
21 23 5
21 23 3
22 23 1
22 23 2
24 25 2
24 25 1
24 26 5
24 26 3
25 26 7
25 26 2
