66 236
1
1
1
1
1
1
1
1
1
1
1
1
1
2
1
1
1
1
2
1
1
1
1
1
1
1
1
1
1
1
1
1
1
1
1
1
1
1
1
1
1
1
2
1
1
4
3
3
3
3
3
3
3
3
3
3
3
3
3
3
3
3
3
3
3
3
0 1 3
0 2 6
0 46 8
1 2 3
1 3 5
1 4 4
1 5 3
1 6 2
1 7 1
1 47 8
2 8 3
2 9 5
3 4 1
3 4 6
3 5 2
3 6 3
3 7 4
3 10 2
3 11 4
3 12 5
3 47 8
4 5 1
4 6 2
4 7 3
4 10 4
4 11 2
4 12 1
4 47 8
5 6 1
5 7 2
5 10 2
5 11 1
5 47 8
5 49 8
6 7 1
6 7 6
6 12 1
6 13 3
6 13 4
6 47 8
6 48 8
7 12 5
7 13 3
7 13 2
7 47 8
7 48 8
8 16 3
8 9 2
8 14 2
8 15 2
9 17 3
9 18 3
10 11 2
10 11 1
10 12 3
10 49 8
11 12 1
11 49 8
12 13 2
12 13 3
12 48 8
13 48 8
13 48 8
13 13 1
14 16 2
14 16 1
14 19 4
14 15 4
15 16 5
15 20 2
15 21 4
15 22 5
16 19 6
17 18 6
17 18 3
17 19 2
17 45 8
18 19 5
18 45 8
19 45 8
20 21 2
20 21 1
20 22 3
20 22 5
21 22 1
21 22 6
23 24 3
23 25 5
23 60 8
24 25 2
24 26 4
24 27 6
25 26 4
25 27 2
25 28 7
26 27 2
26 27 2
26 28 3
27 28 5
28 29 3
29 30 3
29 31 5
30 32 2
30 33 4
30 31 2
30 31 2
31 32 4
31 33 6
32 33 2
32 61 8
33 34 2
33 35 4
34 35 2
34 36 4
34 37 6
35 46 8
35 47 8
35 48 8
35 49 8
35 50 8
35 51 8
35 52 8
35 53 8
35 54 8
35 55 8
35 56 8
35 57 8
36 37 2
36 63 8
37 38 2
37 39 4
38 40 3
38 41 6
38 39 2
39 42 3
39 42 3
40 41 3
40 62 8
41 43 4
41 44 6
42 42 6
43 44 2
43 65 8
44 64 8
44 58 8
44 59 8
46 47 0
46 48 0
46 49 0
46 50 0
46 51 0
46 52 0
46 53 0
46 54 0
46 55 0
46 56 0
46 57 0
47 48 0
47 49 0
47 50 0
47 51 0
47 52 0
47 53 0
47 54 0
47 55 0
47 56 0
47 57 0
48 49 0
48 50 0
48 51 0
48 52 0
48 53 0
48 54 0
48 55 0
48 56 0
48 57 0
49 50 0
49 51 0
49 52 0
49 53 0
49 54 0
49 55 0
49 56 0
49 57 0
50 51 0
50 52 0
50 53 0
50 54 0
50 55 0
50 56 0
50 57 0
51 52 0
51 53 0
51 54 0
51 55 0
51 56 0
51 57 0
52 53 0
52 54 0
52 55 0
52 56 0
52 57 0
53 54 0
53 55 0
53 56 0
53 57 0
54 55 0
54 56 0
54 57 0
55 56 0
55 57 0
56 57 0
57 64 0
57 65 0
57 60 0
57 61 0
57 62 0
57 63 0
58 64 0
58 59 0
59 64 0
60 64 0
60 65 0
60 61 0
60 62 0
60 63 0
61 64 0
61 65 0
61 62 0
61 63 0
62 64 0
62 65 0
62 63 0
63 64 0
63 65 0
64 65 0
