28 72
1
1
1
2
1
1
1
1
1
1
1
1
1
1
1
1
1
1
1
1
1
2
1
1
1
1
1
4
0 1 2
0 2 5
0 27 8
1 2 3
1 3 5
1 3 3
2 4 2
2 5 4
3 3 2
4 5 2
4 6 5
4 7 3
5 8 4
5 9 2
6 10 5
6 11 4
6 7 2
6 7 2
7 10 3
7 11 2
8 9 2
8 12 5
8 13 3
10 11 1
10 12 5
12 13 2
13 14 1
13 15 2
13 16 3
13 17 4
13 18 5
14 15 1
14 16 2
14 17 3
14 18 4
14 19 3
14 20 2
15 16 1
15 16 7
15 17 2
15 17 6
15 18 3
15 18 5
15 21 1
15 21 2
16 17 1
16 17 1
16 18 2
16 18 2
16 21 6
16 21 5
17 18 1
17 18 1
17 21 5
17 21 4
18 21 4
18 21 3
19 20 6
19 20 1
19 22 2
20 22 4
21 21 1
22 23 3
23 24 2
23 25 3
23 26 5
24 25 6
24 25 1
24 26 5
24 26 3
25 26 1
25 26 2
