59 143
1
1
1
1
1
2
1
1
1
1
2
1
1
1
1
1
1
1
1
1
1
1
1
2
1
1
1
1
2
1
1
2
1
1
1
1
2
1
1
1
2
1
1
1
1
1
1
1
1
1
1
1
2
1
2
1
1
2
4
0 1 2
0 2 5
0 58 8
1 2 3
1 3 5
1 4 2
2 5 3
2 5 5
3 4 3
3 6 5
3 7 3
4 8 2
4 10 5
4 10 6
4 9 3
5 5 2
6 11 4
6 7 2
6 7 2
7 11 2
8 9 1
8 9 1
8 10 3
8 10 4
8 12 2
8 13 4
8 14 5
9 10 2
9 10 3
9 12 3
9 13 5
9 14 6
10 10 1
11 15 4
12 13 2
12 14 3
12 16 5
12 17 2
13 18 4
13 14 6
13 14 1
14 18 2
16 17 3
16 19 4
16 20 2
17 21 4
17 22 6
18 23 3
18 23 5
19 24 3
19 20 2
19 20 6
19 25 4
20 24 3
20 25 2
21 26 2
21 27 5
21 22 2
22 28 2
22 28 4
23 23 2
24 25 1
24 25 2
26 27 3
26 29 3
26 30 5
27 31 3
27 31 5
28 28 2
29 32 6
29 33 2
29 30 2
30 35 4
30 34 2
31 31 2
32 33 4
32 36 5
32 36 3
33 34 6
33 37 4
34 35 2
34 37 2
35 37 2
35 38 1
35 39 4
35 40 6
35 40 7
36 36 2
37 38 1
37 39 2
37 40 4
37 40 5
38 39 3
38 39 1
38 40 5
38 40 6
38 41 2
38 42 4
38 43 5
39 40 2
39 40 3
39 41 3
39 42 5
39 43 6
40 40 1
41 42 2
41 43 3
41 44 6
41 45 2
42 43 1
42 43 6
42 46 4
43 46 2
44 45 4
44 47 3
45 48 1
45 49 2
45 50 5
46 48 4
46 50 5
47 51 5
48 49 3
48 50 6
48 50 1
49 50 3
49 52 5
49 52 3
49 53 1
51 54 5
51 54 3
52 52 2
52 53 4
52 53 2
53 56 5
53 55 3
54 54 2
55 56 2
55 56 2
55 57 3
55 57 4
56 57 5
56 57 6
57 57 1
