38 80
1
1
1
1
1
1
2
1
1
1
2
1
1
1
2
1
1
1
1
1
1
1
1
1
1
1
1
1
1
1
1
1
1
1
1
1
1
4
0 1 2
0 2 6
1 2 4
1 3 6
1 4 4
2 6 2
2 6 4
2 7 1
3 4 2
4 5 5
5 8 4
5 9 6
6 6 2
6 7 3
6 7 5
7 10 4
7 10 2
8 9 2
8 11 3
8 12 6
9 13 2
9 14 3
9 14 4
10 10 6
11 16 3
11 17 5
11 12 3
11 15 2
13 18 4
13 19 2
13 14 5
13 14 6
14 14 1
15 16 1
15 16 6
15 17 3
15 17 5
16 17 2
16 17 1
18 19 2
18 20 3
18 21 2
18 22 5
20 24 2
20 21 5
20 22 2
20 23 3
21 25 4
21 22 7
21 22 2
22 25 6
23 24 1
23 26 5
23 27 3
23 28 1
24 28 6
24 29 3
25 37 8
26 32 2
26 27 2
26 28 4
26 30 6
26 31 3
27 32 5
27 31 3
27 28 2
28 29 3
29 33 3
29 34 5
30 32 4
30 31 3
31 32 1
31 32 2
33 34 2
33 35 4
33 36 6
34 35 4
34 36 2
35 36 2
35 36 2
