44 95
1
1
1
1
1
1
1
1
1
1
1
1
1
1
2
1
1
2
2
1
1
1
1
1
2
1
1
1
1
2
1
1
1
1
1
1
2
1
2
1
1
1
2
4
0 1 2
0 2 6
1 2 4
1 3 6
1 4 4
1 5 3
2 8 3
2 6 2
2 7 2
3 4 2
3 4 7
3 5 3
3 5 5
4 5 1
4 5 2
6 8 1
6 8 2
6 7 4
7 8 5
7 9 3
7 10 5
9 10 2
9 11 3
9 12 5
10 13 2
10 14 3
10 14 4
11 16 6
11 12 2
11 15 2
12 17 3
12 17 5
13 18 4
13 18 2
13 43 8
13 14 5
13 14 6
14 14 1
15 16 4
16 19 2
16 20 3
17 17 2
18 18 2
18 43 8
18 43 8
19 20 5
19 21 3
19 22 6
20 24 1
20 24 3
20 23 2
21 25 6
21 26 4
21 22 3
23 24 3
23 24 5
24 24 2
25 26 2
26 27 6
26 28 2
27 28 4
27 30 3
27 31 5
28 29 6
29 32 3
29 33 6
30 35 3
30 31 2
30 31 2
31 35 5
32 33 3
32 36 3
32 36 5
33 34 5
34 37 3
34 38 3
35 40 4
35 41 3
35 39 2
36 36 2
37 38 4
37 38 6
39 40 1
39 40 2
39 41 3
39 41 5
39 42 2
39 42 3
40 41 2
40 41 7
40 42 3
40 42 4
41 42 5
41 42 6
42 42 1
