38 69
1
1
1
1
1
2
1
1
1
1
1
1
1
1
1
1
1
1
1
1
1
1
1
1
2
1
1
1
2
1
1
1
1
1
1
1
2
4
0 1 2
0 2 6
1 2 4
2 3 2
2 4 5
3 4 3
3 5 3
3 5 5
4 8 3
4 6 2
4 7 3
5 5 2
6 8 1
6 8 2
6 9 4
6 7 5
7 8 6
7 10 3
7 11 5
7 12 2
8 9 6
10 11 2
10 12 5
10 13 2
10 14 6
11 15 4
11 12 7
11 12 2
12 15 6
13 14 4
14 16 3
14 17 6
16 17 3
17 18 4
17 19 2
18 19 6
18 20 3
18 21 5
19 37 8
20 21 2
20 21 2
20 22 3
21 22 5
22 24 6
22 23 2
23 24 4
23 24 6
23 25 3
24 25 3
25 26 2
25 28 4
25 28 6
26 27 5
26 28 2
26 28 4
27 29 2
27 30 5
28 28 2
29 30 3
30 32 2
30 31 3
31 32 5
31 33 4
32 34 2
32 35 4
33 36 6
33 36 4
34 35 6
36 36 2
