25 99
2
1
1
1
1
1
1
1
1
1
1
1
4
3
3
3
3
3
3
3
3
3
3
3
3
0 1 3
0 2 5
0 13 8
0 23 8
1 2 6
1 2 2
1 3 2
1 4 3
2 3 4
2 4 3
3 4 1
3 4 1
3 5 2
3 6 4
4 5 3
4 6 5
5 6 2
5 6 2
5 7 4
6 7 2
7 8 6
7 9 4
7 10 3
8 9 7
8 9 2
8 10 5
8 10 3
9 10 2
9 10 1
11 12 8
11 13 8
11 14 8
11 15 8
11 16 8
11 17 8
11 18 8
11 19 8
11 20 8
11 21 8
11 22 8
11 23 8
11 24 8
12 23 0
13 14 0
13 15 0
13 16 0
13 17 0
13 18 0
13 19 0
13 20 0
13 21 0
13 22 0
13 23 0
13 24 0
14 15 0
14 16 0
14 17 0
14 18 0
14 19 0
14 20 0
14 21 0
14 22 0
14 24 0
15 16 0
15 17 0
15 18 0
15 19 0
15 20 0
15 21 0
15 22 0
15 24 0
16 17 0
16 18 0
16 19 0
16 20 0
16 21 0
16 22 0
16 24 0
17 18 0
17 19 0
17 20 0
17 21 0
17 22 0
17 24 0
18 19 0
18 20 0
18 21 0
18 22 0
18 24 0
19 20 0
19 21 0
19 22 0
19 24 0
20 21 0
20 22 0
20 24 0
21 22 0
21 24 0
22 24 0
