45 98
1
1
1
2
1
1
2
1
1
1
1
1
1
1
1
1
1
1
1
1
1
1
1
1
1
1
1
1
2
1
1
1
1
1
4
3
3
3
3
3
3
3
3
3
3
0 1 3
0 2 6
0 35 8
0 34 8
1 2 3
1 3 5
1 4 1
2 36 8
3 4 1
3 4 4
3 5 3
4 5 4
5 6 6
5 6 4
5 7 2
6 6 2
6 7 4
6 7 2
7 8 3
7 9 5
7 10 6
8 9 2
8 10 3
8 11 2
8 12 3
8 13 5
9 40 8
9 10 2
9 10 1
10 40 8
11 12 1
11 12 6
11 13 3
11 13 5
12 13 2
12 13 1
14 35 8
14 36 8
14 37 8
14 38 8
14 39 8
14 43 8
15 16 3
15 17 4
15 18 6
15 40 8
16 17 1
16 17 2
16 18 3
16 18 3
16 19 3
17 18 2
17 18 1
17 19 5
18 19 6
19 20 3
19 21 2
20 21 5
20 22 3
20 23 6
22 24 2
22 25 2
22 26 3
22 23 3
23 24 4
23 26 6
24 25 4
24 26 1
24 26 2
25 26 5
25 27 3
27 28 3
27 28 5
27 29 7
27 30 7
28 28 2
28 29 4
28 29 2
28 30 4
28 30 2
29 30 0
29 30 0
29 31 4
30 31 4
31 32 3
31 33 6
32 33 3
32 44 8
33 43 8
34 35 0
35 36 0
35 37 0
35 38 0
36 37 0
36 38 0
37 38 0
39 43 0
41 42 0
