38 93
1
2
1
1
2
1
1
1
1
2
1
1
1
1
1
2
1
1
1
1
1
1
1
1
1
1
1
4
3
3
3
3
3
3
3
3
3
3
0 1 3
0 2 3
0 28 8
1 2 6
1 2 2
1 3 4
2 3 2
3 4 2
3 4 4
3 5 3
4 4 6
4 5 5
4 5 1
5 37 8
5 6 2
5 7 6
6 37 8
6 29 8
6 7 4
7 34 8
7 35 8
7 36 8
7 8 4
7 9 2
7 37 8
8 33 8
8 34 8
8 35 8
8 36 8
8 9 6
8 9 4
8 10 2
9 33 8
9 34 8
9 35 8
9 36 8
9 10 6
10 32 8
10 33 8
10 11 2
10 12 2
10 13 5
10 30 8
11 32 8
11 12 4
11 13 3
11 14 5
11 30 8
11 31 8
12 32 8
12 13 7
12 13 2
12 27 8
12 30 8
13 32 8
13 27 8
13 30 8
14 31 8
14 15 5
14 15 3
15 15 2
16 17 2
16 18 4
16 30 8
17 32 8
17 18 2
18 19 2
18 20 4
18 21 5
19 20 2
19 20 1
19 21 3
19 21 5
19 22 2
20 21 1
20 21 6
20 22 3
21 22 3
22 24 6
22 23 2
23 24 4
23 25 4
23 26 2
24 35 8
25 26 2
25 34 8
26 36 8
28 31 0
29 37 0
30 32 0
34 35 0
34 36 0
35 36 0
