23 67
1
1
1
1
1
2
1
1
1
1
1
1
1
1
1
1
1
1
1
2
1
1
4
0 1 2
0 2 5
1 2 3
2 3 2
2 4 3
3 4 5
3 5 3
3 6 6
5 6 3
5 6 2
5 7 2
6 7 4
7 8 2
7 9 2
8 9 4
8 22 8
9 10 2
9 11 4
9 12 1
10 11 2
10 11 2
10 12 3
10 13 2
11 12 5
11 13 4
13 16 5
13 14 2
13 15 4
14 15 2
14 16 3
14 17 1
14 18 1
14 19 2
14 19 4
14 20 5
14 21 2
15 16 1
15 16 1
15 17 4
15 18 3
15 20 5
15 21 6
16 17 5
16 18 4
16 20 6
16 21 7
17 18 1
17 18 2
17 19 3
17 19 5
17 20 1
17 20 6
17 21 2
17 21 1
18 19 1
18 19 3
18 20 2
18 20 4
18 21 3
18 21 3
19 19 2
19 20 3
19 20 1
19 21 4
19 21 6
20 21 1
20 21 7
