39 85
1
2
1
1
1
1
1
1
1
1
1
1
1
1
1
1
2
1
1
2
2
1
1
2
1
1
1
1
1
2
2
1
1
1
1
2
1
1
4
0 1 2
0 1 4
0 2 2
0 38 8
1 1 6
1 2 4
1 2 2
1 38 8
1 38 8
2 3 4
2 4 6
2 38 8
3 4 2
3 4 2
3 5 3
4 5 5
5 8 5
5 9 6
5 6 2
6 8 3
6 9 4
6 7 3
7 10 2
7 12 5
8 9 2
8 9 1
10 11 3
10 12 3
12 13 3
12 14 2
13 16 6
13 14 5
13 15 2
15 16 6
15 16 4
15 17 4
16 17 2
17 18 2
17 19 4
17 19 6
18 19 2
18 19 4
18 20 6
18 20 4
18 21 2
19 19 2
20 20 2
20 21 4
20 21 2
21 22 2
21 23 4
21 23 6
22 24 3
22 25 5
22 26 7
22 23 2
22 23 4
23 23 2
24 25 2
24 26 4
24 27 4
24 28 2
25 26 1
25 26 2
25 29 2
25 29 3
26 29 3
26 29 4
27 28 2
27 30 4
27 30 2
28 32 3
28 31 6
29 29 1
30 30 6
31 32 3
31 33 6
31 34 4
32 35 3
32 35 5
33 34 2
33 36 6
33 37 4
35 35 2
36 37 2
