36 137
1
1
1
1
1
1
1
1
1
1
1
1
1
1
1
1
1
1
1
1
1
1
1
2
1
2
2
2
1
1
1
1
1
1
1
4
0 1 2
0 2 6
1 2 4
1 3 2
1 4 3
1 5 5
1 6 6
2 7 1
2 8 2
2 9 3
2 10 4
2 11 5
2 12 2
3 4 1
3 4 6
3 5 3
3 6 4
4 5 2
4 6 3
5 13 4
5 6 1
5 6 6
6 13 2
7 35 8
7 8 3
7 9 4
7 10 5
7 11 1
7 11 6
7 12 1
7 12 1
7 14 2
7 15 3
7 16 4
7 17 5
8 9 1
8 10 2
8 11 3
8 12 4
8 18 4
8 19 6
9 10 1
9 11 2
9 12 5
9 14 1
9 20 4
9 21 6
10 11 1
10 12 6
10 15 1
10 16 5
10 17 2
10 21 1
10 22 4
11 35 8
11 12 2
11 12 7
11 14 1
11 15 2
11 16 3
11 17 4
12 35 8
12 14 3
12 15 4
12 16 5
12 17 6
13 24 1
13 23 6
13 23 4
14 35 8
14 15 1
14 16 2
14 17 3
14 20 5
14 21 7
15 35 8
15 16 1
15 16 6
15 17 2
15 17 1
15 21 2
15 22 5
16 35 8
16 17 1
16 17 7
16 21 4
16 22 1
17 35 8
17 21 3
17 22 6
18 19 2
18 19 2
18 20 4
19 20 2
20 21 2
21 22 3
22 25 1
22 25 1
22 26 2
22 26 4
22 27 5
22 27 2
23 24 5
23 24 3
23 23 2
24 28 3
24 29 5
25 25 2
25 26 3
25 26 5
25 26 1
25 26 3
25 27 6
25 27 1
25 27 4
25 27 3
26 26 2
26 27 3
26 27 4
26 27 1
26 27 6
27 27 7
28 29 2
29 32 5
29 33 7
29 30 2
29 31 3
30 32 5
30 32 3
30 33 5
30 31 6
30 31 1
31 32 1
31 32 2
31 33 4
32 33 2
33 34 4
