35 70
1
1
1
1
1
1
1
1
1
1
2
2
1
1
1
2
2
1
1
1
1
1
1
1
1
1
2
1
1
1
2
1
1
1
4
0 1 3
0 2 5
1 2 2
1 3 2
1 4 4
2 5 2
2 6 3
3 4 2
4 8 2
4 7 4
5 9 3
5 10 5
5 6 5
6 34 8
6 11 3
6 11 3
7 8 2
8 12 2
8 13 5
9 10 2
9 14 3
9 15 5
9 15 6
10 16 3
10 16 5
11 34 8
11 34 8
11 11 6
12 17 4
12 18 2
12 13 3
13 19 2
13 20 5
14 15 2
14 15 3
15 15 1
16 16 2
17 18 2
17 21 4
17 22 3
17 23 2
18 24 2
18 22 3
19 20 3
20 25 3
20 26 5
21 22 1
21 23 1
21 23 6
22 24 5
22 23 5
24 27 3
24 28 5
25 26 2
25 29 3
25 30 5
25 30 6
27 32 3
27 28 2
27 31 5
28 32 3
28 33 6
28 31 2
29 30 2
29 30 3
30 30 1
31 32 2
31 32 1
31 33 4
32 33 3
