36 71
1
1
1
1
1
1
1
1
1
1
1
2
1
1
1
1
1
2
1
1
1
1
1
1
2
2
1
1
1
1
1
2
1
2
2
4
0 1 4
0 2 6
1 2 2
1 3 3
1 4 5
2 35 8
3 4 2
3 4 6
3 5 4
4 5 2
5 8 6
5 6 3
5 7 5
6 8 3
6 9 2
6 10 4
6 7 2
7 8 1
7 8 2
9 10 2
9 11 6
9 11 4
10 12 3
10 13 5
11 11 2
12 13 2
12 14 6
12 15 4
13 16 2
13 17 4
13 18 6
14 15 2
16 17 2
16 18 4
16 19 5
16 20 3
17 18 2
17 20 5
17 21 3
17 22 1
18 24 5
18 23 3
19 25 6
19 25 4
19 20 2
20 21 2
20 22 4
21 26 3
21 22 2
21 22 1
22 26 4
23 24 2
23 27 3
23 28 5
24 28 3
24 29 5
25 25 2
27 28 2
28 29 2
29 30 3
29 31 5
30 32 3
30 33 5
30 33 6
30 31 2
31 34 3
31 34 5
32 33 2
32 33 3
33 33 1
34 34 2
