61 111
1
1
1
1
1
1
1
1
1
1
2
1
1
1
1
1
1
1
2
1
1
1
1
1
1
1
1
1
1
1
1
1
1
1
1
1
1
1
1
1
1
1
1
1
1
1
1
1
1
1
1
1
1
2
1
1
1
1
1
1
4
0 1 4
0 60 8
1 2 2
1 3 5
2 3 3
3 4 2
3 5 5
4 5 3
4 6 5
4 7 3
5 8 3
5 9 6
6 10 5
6 10 3
6 7 2
7 11 3
7 12 6
8 9 3
9 14 2
9 13 3
10 10 2
11 16 3
11 17 1
11 15 5
11 12 3
13 18 2
13 19 6
13 14 5
15 16 2
15 17 4
15 20 3
15 21 5
16 23 6
16 17 2
16 22 3
17 24 4
18 25 3
18 19 4
18 19 2
19 25 5
20 26 2
20 21 2
20 21 2
21 26 4
22 23 3
23 24 2
23 27 2
24 27 4
25 28 3
25 29 5
26 30 3
26 31 6
28 32 3
28 33 5
28 29 2
30 35 3
30 34 6
30 31 3
32 33 2
33 36 2
33 37 4
34 35 3
34 38 2
34 39 5
36 40 3
36 37 2
36 41 5
38 43 2
38 42 4
38 39 3
40 41 2
40 41 2
40 44 3
41 44 5
42 46 3
42 43 2
42 45 4
42 47 2
44 48 3
44 49 5
45 46 2
45 46 1
45 47 1
45 47 6
46 47 3
46 47 5
48 49 2
48 50 3
48 51 6
49 52 5
49 51 2
50 51 3
51 52 3
52 53 2
52 53 4
52 54 6
53 53 2
53 54 4
53 54 2
54 56 3
54 55 2
55 56 5
55 57 3
55 58 4
55 59 6
57 58 1
57 58 2
57 59 3
57 59 3
58 59 2
58 59 1
