24 69
1
1
1
1
1
1
2
1
1
2
1
1
1
1
1
1
1
1
1
1
1
1
1
4
0 1 3
0 2 2
0 23 8
1 2 5
1 3 3
1 4 2
2 6 2
2 6 4
3 4 5
3 7 1
3 8 1
3 9 2
3 10 3
3 11 4
3 12 2
4 5 3
5 12 3
5 13 5
5 7 2
6 6 6
7 8 2
7 9 3
7 10 4
7 11 5
7 12 1
7 12 1
7 13 3
8 9 1
8 10 2
8 11 3
8 12 3
8 14 6
8 15 4
8 16 2
9 10 1
9 10 2
9 11 2
9 11 3
9 12 4
9 17 2
9 18 5
10 11 1
10 11 1
10 12 5
10 17 4
10 18 3
11 12 6
11 17 5
11 18 2
12 13 2
13 17 3
13 18 2
14 16 4
14 19 3
14 15 6
14 15 2
15 16 2
15 19 3
17 18 1
17 18 7
19 22 3
19 20 6
19 21 4
20 21 2
20 21 7
20 22 3
20 22 5
21 22 1
21 22 2
