43 81
1
1
1
1
1
1
1
1
1
1
1
1
1
1
1
1
1
1
1
1
1
1
2
1
1
1
1
1
1
1
1
1
1
1
1
2
1
1
1
1
1
1
4
0 1 2
0 2 4
0 42 8
1 2 2
2 3 2
2 4 4
3 4 6
3 4 2
3 5 4
4 5 2
5 6 4
5 7 6
6 8 2
6 9 6
6 7 2
8 9 4
8 11 3
8 12 5
8 13 6
9 10 4
10 14 3
10 15 6
11 16 2
11 12 2
11 12 1
11 13 3
11 13 5
12 16 3
12 13 1
12 13 6
13 16 3
14 17 6
14 18 3
14 15 3
15 19 1
15 20 3
15 21 5
17 18 3
17 22 5
17 22 3
18 24 4
18 23 2
19 25 5
19 20 4
19 21 1
19 21 6
20 26 2
20 27 4
20 21 2
21 25 6
22 22 2
23 24 2
25 28 2
25 29 4
26 27 2
26 27 2
26 30 2
26 31 4
27 30 4
27 31 6
28 29 6
28 29 2
30 32 2
30 31 2
30 31 2
31 32 4
32 33 3
32 34 5
33 34 2
33 35 3
33 35 5
34 36 3
34 37 6
35 35 2
36 37 3
37 38 2
37 39 4
38 39 2
39 40 2
39 41 4
40 41 6
