45 101
1
1
1
1
1
1
1
1
1
1
1
1
2
1
1
1
1
1
1
1
1
1
1
1
2
1
1
1
1
1
1
1
1
1
1
1
1
1
1
1
1
1
2
2
4
0 1 3
0 2 5
1 2 2
1 2 2
1 3 2
2 3 4
3 4 4
3 5 6
4 5 2
4 6 5
4 7 2
5 8 2
5 9 4
6 7 3
7 10 2
7 11 5
8 9 6
9 44 8
10 11 3
10 12 6
10 13 4
11 16 6
11 14 3
11 15 4
12 17 3
12 13 2
12 13 6
13 17 3
14 15 1
14 15 7
14 16 3
14 18 2
14 19 3
14 20 4
14 21 5
14 22 6
15 16 2
15 18 5
15 19 4
15 20 3
15 21 2
15 22 1
16 23 2
16 24 3
17 25 5
17 26 3
18 19 6
18 19 1
18 20 4
18 20 2
18 21 3
18 22 4
19 20 2
19 20 1
19 21 2
19 22 3
20 21 1
20 22 2
21 22 6
21 22 1
21 27 3
21 28 5
22 27 3
22 28 1
23 24 5
23 29 4
23 30 3
24 29 1
24 30 3
25 26 2
26 32 2
26 31 5
27 33 1
27 34 3
27 35 5
27 28 2
28 33 4
28 35 5
29 30 1
29 30 2
31 32 3
33 35 6
33 35 1
33 34 4
34 36 2
34 35 2
36 37 2
36 38 6
37 40 5
37 38 4
37 39 2
39 40 3
39 41 6
39 42 4
39 42 3
40 43 3
40 43 5
41 42 2
41 42 3
42 42 1
43 43 2
