51 98
1
1
1
1
1
1
1
1
1
1
1
1
2
1
1
1
1
2
1
1
1
1
1
2
1
1
1
1
1
1
1
1
2
1
1
1
1
1
2
1
1
2
1
1
1
1
1
1
1
1
4
0 1 3
0 2 6
1 2 3
1 3 2
1 4 4
3 4 2
3 5 5
3 6 2
4 9 5
4 7 3
5 6 3
6 11 2
6 10 4
7 8 3
7 9 2
8 12 3
8 13 5
9 50 8
10 11 6
10 11 2
10 14 3
11 14 3
12 16 2
12 13 2
12 15 3
13 16 3
13 17 6
15 16 5
15 17 6
15 18 4
16 17 3
17 18 2
18 19 3
18 20 5
19 20 2
20 21 2
20 22 3
20 23 5
20 23 6
21 24 2
21 22 1
21 22 1
21 23 3
21 23 4
22 24 3
22 23 2
22 23 3
23 23 1
24 25 5
25 26 3
25 27 5
26 27 2
27 28 3
27 29 6
28 29 3
28 30 5
28 31 3
30 32 3
30 32 5
30 31 2
31 33 4
31 35 2
32 32 2
33 34 3
33 35 2
34 36 3
34 37 5
35 38 2
35 38 4
36 37 2
37 40 6
37 39 3
38 38 2
39 40 3
39 41 2
39 41 4
40 42 2
40 43 3
40 44 3
41 41 2
42 43 5
42 44 1
42 44 2
42 45 4
43 44 6
43 46 3
43 47 5
43 48 2
44 45 6
46 48 5
46 48 3
46 49 3
46 47 2
46 47 1
47 48 7
47 48 2
47 49 4
48 49 6
