27 79
1
1
1
2
1
1
1
1
1
1
1
1
1
1
4
3
3
3
3
3
3
3
3
3
3
3
3
0 1 3
0 2 6
0 15 8
1 2 3
1 3 6
1 3 4
1 4 2
2 25 8
2 16 8
2 23 8
3 3 2
3 4 4
3 4 2
4 5 3
5 6 6
5 7 4
5 8 3
5 24 8
5 26 8
6 8 3
6 8 5
6 24 8
6 26 8
6 7 2
6 7 7
7 8 1
7 8 2
7 24 8
7 26 8
8 24 8
8 26 8
9 10 2
9 11 5
9 14 8
9 23 8
10 11 3
10 12 6
10 13 3
11 25 8
12 16 8
12 24 8
12 13 3
12 15 8
13 17 8
13 18 8
13 19 8
13 20 8
13 21 8
13 22 8
13 26 8
14 23 0
15 16 0
15 24 0
16 23 0
16 24 0
16 25 0
17 18 0
17 19 0
17 20 0
17 21 0
17 22 0
17 26 0
18 19 0
18 20 0
18 21 0
18 22 0
18 26 0
19 20 0
19 21 0
19 22 0
19 26 0
20 21 0
20 22 0
20 26 0
21 22 0
21 26 0
22 26 0
23 25 0
24 26 0
