34 65
1
1
1
1
1
1
1
1
1
1
1
1
1
1
1
1
1
1
1
1
1
1
1
1
1
1
1
1
1
1
1
2
2
4
0 1 2
0 2 4
0 33 8
1 2 2
1 3 4
1 4 2
2 5 3
2 6 5
3 8 3
3 4 2
3 9 1
3 7 5
4 11 4
4 10 6
5 12 4
5 13 6
5 6 2
6 13 2
6 14 1
6 15 5
7 16 3
7 17 2
7 8 2
7 9 4
8 9 1
8 9 2
10 11 2
10 18 3
10 19 2
10 20 5
12 13 2
12 21 3
12 22 5
13 14 3
13 15 3
14 15 1
14 15 6
16 17 6
16 17 1
16 23 2
17 23 4
18 24 2
18 19 1
18 19 6
18 20 2
19 24 4
19 20 3
20 25 4
21 26 4
21 22 2
21 22 2
22 26 6
23 27 6
26 28 2
26 29 3
28 29 5
28 30 4
28 31 6
30 32 3
30 32 5
30 31 7
30 31 2
31 32 4
31 32 2
32 32 2
