57 129
1
1
1
1
1
1
1
1
1
1
1
1
1
1
1
1
1
1
1
1
1
1
1
1
1
1
1
1
1
1
1
2
4
3
3
3
3
3
3
3
3
3
3
3
3
3
3
3
3
3
3
3
3
3
3
3
3
0 1 3
0 2 6
0 33 8
1 2 3
1 35 8
2 3 3
2 4 3
3 4 6
3 5 4
3 6 6
4 32 8
4 34 8
5 8 6
5 6 2
5 7 3
6 37 8
7 8 3
7 9 3
7 10 5
8 39 8
9 40 8
9 10 2
10 11 4
10 12 6
11 12 2
11 13 3
11 14 5
12 41 8
13 43 8
13 14 2
14 44 8
15 33 8
15 35 8
15 36 8
15 38 8
15 42 8
15 16 2
15 17 4
16 17 2
16 45 8
17 18 2
17 19 4
18 19 2
18 20 4
18 21 2
19 21 2
19 22 4
19 23 5
20 21 2
20 47 8
21 22 2
21 23 3
22 50 8
22 23 1
23 51 8
23 54 8
23 56 8
24 25 3
24 26 6
24 52 8
24 53 8
24 49 8
25 26 3
25 27 2
25 28 4
26 55 8
27 28 2
27 29 6
27 30 4
28 31 4
28 31 6
29 54 8
29 30 2
30 56 8
31 31 2
32 34 0
33 35 0
33 36 0
33 38 0
33 42 0
34 37 0
34 39 0
34 40 0
34 43 0
35 36 0
35 38 0
35 42 0
36 42 0
36 38 0
37 40 0
37 43 0
37 39 0
38 42 0
39 40 0
39 43 0
40 43 0
41 44 0
41 55 0
41 52 0
42 45 0
42 46 0
42 48 0
42 50 0
42 51 0
42 47 0
44 52 0
44 55 0
45 48 0
45 46 0
45 47 0
45 50 0
45 51 0
46 47 0
46 48 0
46 50 0
46 51 0
47 48 0
47 50 0
47 51 0
48 50 0
48 51 0
49 52 0
49 53 0
50 51 0
51 54 0
51 56 0
52 53 0
52 55 0
54 56 0
