37 82
1
1
1
1
1
1
2
1
1
1
1
1
1
1
1
1
1
1
1
2
1
1
2
4
3
3
3
3
3
3
3
3
3
3
3
3
3
0 24 8
0 1 2
0 3 5
0 23 8
1 2 5
1 3 3
2 4 2
2 5 5
3 25 8
4 5 3
4 6 5
4 6 3
5 8 5
5 7 3
6 6 2
7 8 2
7 27 8
8 26 8
9 24 8
9 25 8
9 10 2
9 11 5
9 28 8
10 11 3
10 12 5
10 13 3
11 35 8
11 30 8
11 33 8
12 13 2
12 29 8
13 32 8
13 34 8
13 36 8
13 26 8
13 27 8
13 31 8
14 16 6
14 28 8
14 29 8
14 30 8
14 15 2
15 16 4
15 17 2
15 18 5
16 19 2
16 19 4
17 18 3
17 20 3
17 21 6
18 35 8
19 19 2
20 21 3
20 22 4
20 22 2
21 33 8
22 22 2
23 24 0
24 25 0
24 28 0
25 28 0
26 32 0
26 34 0
26 36 0
26 27 0
26 31 0
27 32 0
27 34 0
27 36 0
27 31 0
28 29 0
28 30 0
29 30 0
30 33 0
30 35 0
31 32 0
31 34 0
31 36 0
32 34 0
32 36 0
33 35 0
34 36 0
