42 114
1
1
1
1
1
1
1
1
1
1
1
1
1
1
1
1
1
1
1
1
1
1
1
1
2
4
3
3
3
3
3
3
3
3
3
3
3
3
3
3
3
3
0 1 2
0 2 6
0 26 8
1 2 4
1 3 3
1 5 5
2 8 6
2 7 4
3 4 4
3 5 2
4 28 8
5 6 5
6 9 2
6 10 3
6 11 4
7 8 2
7 12 5
7 13 4
7 14 2
8 25 8
8 27 8
9 10 3
9 10 5
9 11 1
9 11 6
10 11 2
10 11 1
12 13 1
12 13 6
12 14 3
12 14 5
13 14 2
13 14 1
15 32 8
15 33 8
15 34 8
15 35 8
15 37 8
15 38 8
15 40 8
15 41 8
15 26 8
15 27 8
15 28 8
15 29 8
15 30 8
15 31 8
16 17 5
16 34 8
17 18 4
17 19 6
18 19 2
18 20 5
18 21 3
19 22 2
19 23 4
20 21 2
20 38 8
21 24 6
21 24 4
22 39 8
22 23 2
23 36 8
24 24 2
25 27 0
26 32 0
26 34 0
26 27 0
26 31 0
27 32 0
27 34 0
27 31 0
28 33 0
28 35 0
28 37 0
28 38 0
28 40 0
28 41 0
28 29 0
28 30 0
29 33 0
29 35 0
29 37 0
29 38 0
29 40 0
29 41 0
29 30 0
30 33 0
30 35 0
30 37 0
30 38 0
30 40 0
30 41 0
31 32 0
31 34 0
32 34 0
32 36 0
32 39 0
33 35 0
33 37 0
33 38 0
33 40 0
33 41 0
35 37 0
35 38 0
35 40 0
35 41 0
36 39 0
37 38 0
37 40 0
37 41 0
38 40 0
38 41 0
40 41 0
