48 157
1
2
1
2
1
1
1
1
1
1
1
2
1
1
1
1
1
1
1
1
1
1
1
1
1
1
1
1
1
1
4
3
3
3
3
3
3
3
3
3
3
3
3
3
3
3
3
3
0 32 8
0 1 1
0 1 1
0 2 2
0 3 3
0 3 4
0 4 2
0 31 8
1 1 2
1 2 3
1 2 1
1 3 4
1 3 5
1 3 2
1 3 3
1 4 1
1 4 3
1 32 8
1 32 8
2 3 1
2 3 2
2 4 4
2 5 4
2 6 2
2 32 8
3 3 1
3 4 5
3 4 6
3 32 8
3 32 8
4 32 8
4 7 2
4 8 3
4 9 4
4 46 8
5 33 8
5 6 2
6 11 6
6 10 3
7 8 3
7 8 5
7 9 1
7 9 6
7 46 8
7 30 8
8 9 2
8 9 1
8 46 8
8 30 8
9 46 8
9 30 8
10 11 5
10 11 3
10 12 2
10 13 4
11 12 3
11 13 1
12 13 1
12 13 2
12 14 3
13 14 4
14 16 4
14 17 5
14 15 2
15 16 1
15 16 2
15 17 5
15 17 3
15 18 2
16 17 6
16 17 1
16 18 3
17 18 3
18 19 3
18 20 4
18 21 6
19 20 7
19 20 1
19 21 3
19 22 3
19 23 5
20 21 2
20 22 4
20 23 2
21 41 8
21 47 8
22 42 8
22 23 2
23 24 2
23 25 4
24 25 2
24 44 8
25 26 4
26 45 8
27 32 8
27 33 8
27 34 8
27 35 8
27 36 8
27 40 8
27 43 8
27 46 8
27 28 2
27 29 4
27 31 8
28 37 8
28 38 8
28 39 8
28 40 8
28 41 8
28 42 8
28 43 8
28 44 8
28 29 2
29 40 8
29 43 8
29 45 8
29 47 8
31 32 0
31 34 0
31 35 0
31 36 0
31 33 0
31 46 0
32 33 0
32 34 0
32 46 0
32 35 0
32 36 0
33 34 0
33 35 0
33 36 0
33 46 0
34 35 0
34 36 0
34 46 0
35 36 0
35 46 0
36 46 0
37 38 0
37 39 0
37 41 0
37 42 0
37 44 0
38 39 0
38 41 0
38 42 0
38 44 0
39 41 0
39 42 0
39 44 0
40 43 0
41 42 0
41 44 0
41 47 0
42 44 0
45 47 0
