34 61
1
1
1
1
1
1
1
1
1
1
1
1
1
1
1
1
1
1
1
2
1
1
1
1
1
1
1
1
1
1
1
1
2
4
0 1 2
0 2 6
1 2 4
1 3 6
1 4 2
2 5 2
2 6 3
2 7 3
3 4 4
4 8 4
4 9 2
5 33 8
5 6 5
5 7 2
5 7 1
6 7 6
6 10 3
6 11 5
7 33 8
8 9 2
9 12 3
9 13 6
10 11 2
10 14 4
10 15 6
11 16 5
11 15 2
12 17 5
12 18 2
12 13 3
14 19 4
14 19 2
14 15 2
15 16 3
16 20 3
16 21 5
17 18 3
18 22 2
18 23 4
19 19 2
20 24 3
20 21 6
20 21 2
21 24 3
22 23 2
23 25 3
23 26 6
24 28 5
24 27 2
25 26 3
25 29 2
25 30 4
27 28 3
28 32 5
28 32 6
28 31 2
29 30 2
30 31 4
31 32 3
31 32 4
32 32 1
