62 122
1
1
1
1
1
1
1
2
1
1
1
1
1
1
1
1
1
1
1
1
1
1
1
1
1
1
1
1
1
1
1
1
1
1
1
2
1
1
1
1
2
1
1
1
2
1
1
1
1
1
1
1
1
1
1
1
1
1
1
1
1
4
0 1 3
0 2 5
1 2 2
1 3 2
1 4 5
2 5 4
2 6 2
3 4 3
3 7 5
3 7 3
4 8 4
4 9 2
5 10 2
5 11 2
5 6 6
7 7 2
8 9 2
9 12 2
9 13 4
10 11 4
11 16 3
11 14 2
11 15 3
12 13 2
13 18 6
13 17 4
14 16 1
14 16 2
14 15 5
15 16 6
15 19 2
15 20 4
15 61 8
17 18 2
17 22 4
17 21 2
19 20 6
19 20 2
19 61 8
19 23 3
20 61 8
20 23 3
21 22 2
22 24 3
22 25 6
23 27 5
23 28 7
23 26 3
24 25 3
25 29 3
25 30 6
26 27 2
26 28 4
27 31 2
27 28 2
27 28 1
28 31 3
29 30 3
30 32 3
30 33 5
30 34 7
31 35 2
31 35 4
31 36 6
32 33 2
32 34 4
33 34 2
33 34 1
33 37 2
34 37 3
35 35 2
35 36 4
35 36 2
36 38 3
36 39 3
37 40 2
37 40 4
37 41 6
38 42 2
38 43 4
38 39 6
39 44 2
39 44 4
40 40 2
40 41 4
40 41 2
41 45 2
41 46 3
42 43 2
43 48 4
43 47 2
44 44 6
45 46 5
46 49 2
46 50 3
47 48 2
47 51 5
47 52 2
48 55 6
48 53 3
48 54 4
49 50 5
50 56 1
50 57 3
50 58 5
51 60 5
51 59 3
51 52 3
53 54 2
53 54 1
53 55 3
53 55 3
54 55 1
54 55 2
56 57 4
56 59 2
56 60 4
56 58 6
57 58 2
57 58 2
59 60 2
59 60 2
