35 104
1
1
1
1
1
1
1
1
1
1
1
1
1
1
1
1
1
1
1
1
1
1
1
1
1
1
2
1
1
1
1
2
1
2
4
0 1 2
0 2 6
1 2 4
1 3 6
1 4 2
2 5 2
2 6 3
3 8 2
3 4 4
3 7 4
4 9 5
4 10 2
5 6 5
6 11 1
6 12 3
6 13 5
7 8 2
9 10 3
10 16 5
10 14 2
10 15 4
11 34 8
11 12 4
11 13 6
11 13 1
12 17 2
12 18 4
12 13 2
13 34 8
14 16 5
14 16 3
14 15 1
14 15 2
15 16 6
15 16 1
17 18 2
18 19 1
18 20 4
18 21 5
18 22 6
18 23 1
19 20 3
19 21 4
19 22 5
19 23 2
19 24 1
19 25 1
19 26 2
19 26 4
19 27 5
20 21 1
20 22 2
20 23 5
20 24 4
20 25 3
20 27 5
20 28 1
21 22 2
21 22 1
21 23 4
21 23 6
21 28 1
21 29 1
21 30 2
22 23 2
22 23 7
22 28 1
22 29 3
22 30 4
23 28 3
23 29 5
23 30 6
24 25 2
24 25 1
24 26 3
24 26 5
24 27 6
24 27 1
24 28 5
25 26 1
25 26 3
25 27 4
25 27 2
25 28 4
26 26 2
26 27 3
26 27 1
27 28 6
28 29 2
28 30 3
29 32 2
29 30 1
29 30 1
29 31 3
29 31 4
30 32 1
30 31 4
30 31 5
31 32 5
31 32 6
31 31 1
32 33 3
32 33 3
33 33 6
