47 92
1
1
1
1
1
1
1
1
1
1
1
1
1
1
1
1
1
1
1
1
2
1
1
1
1
2
1
1
1
1
1
1
1
1
1
1
1
1
1
1
1
1
1
1
1
1
4
0 1 2
0 2 5
1 2 3
2 3 3
2 4 6
3 4 3
3 5 6
3 6 4
4 8 3
4 7 2
5 6 2
6 11 2
6 9 5
6 10 4
7 8 5
7 12 3
7 13 6
8 14 2
8 15 4
9 10 6
9 10 1
9 11 5
9 11 3
10 11 1
10 11 2
12 13 3
13 16 3
13 17 6
14 15 6
15 18 2
15 19 4
16 17 3
17 20 2
17 20 4
17 21 2
18 19 6
19 23 3
19 22 3
20 20 6
20 21 4
20 21 2
21 25 2
21 25 4
21 26 6
22 27 4
22 28 2
22 23 6
23 24 3
23 46 8
24 46 8
24 29 3
24 30 5
25 25 2
25 26 4
25 26 2
26 32 5
26 31 3
27 28 2
29 33 3
29 30 2
29 30 2
30 33 5
31 32 2
31 34 3
31 35 6
32 36 3
32 37 2
32 38 5
33 40 6
33 38 3
33 39 5
34 41 5
34 42 4
34 35 3
34 43 2
35 44 4
35 45 6
36 37 6
36 37 1
36 38 2
37 38 3
38 39 2
38 40 3
39 40 1
39 40 2
41 42 6
41 42 1
41 43 5
41 43 3
42 43 1
42 43 2
44 45 2
