100 260
1
1
1
1
1
1
1
1
1
1
1
1
1
1
1
1
1
1
1
1
1
1
1
1
1
1
2
1
1
1
1
1
2
1
1
1
2
1
1
1
1
1
1
1
1
1
2
2
2
1
1
1
1
1
1
1
1
1
1
1
1
1
1
1
1
1
1
1
1
1
1
1
1
1
1
2
1
2
1
1
1
1
1
1
1
2
1
2
2
2
1
1
1
1
2
1
1
2
2
4
0 1 2
0 2 4
1 2 2
2 3 2
2 4 6
3 4 4
3 5 4
3 6 2
4 8 2
4 9 3
4 7 2
5 10 6
5 11 4
5 6 2
6 12 3
6 13 4
6 14 6
7 8 4
7 9 1
7 9 2
7 99 8
8 9 5
8 15 2
8 16 2
8 17 3
9 99 8
10 11 2
11 19 2
11 18 5
12 14 3
12 20 3
12 13 1
12 13 7
12 21 5
13 20 4
13 14 2
13 21 2
15 17 2
15 17 1
15 16 4
16 17 5
16 23 4
16 22 2
18 19 3
19 24 2
19 25 3
19 26 5
19 26 6
20 21 2
21 27 2
21 28 5
21 29 6
22 23 2
22 30 3
22 31 6
23 32 2
23 32 4
24 25 1
24 25 1
24 26 3
24 26 4
24 33 2
25 33 3
25 26 2
25 26 3
26 26 1
27 34 3
27 35 5
27 28 3
27 29 4
28 29 1
28 29 2
30 36 3
30 36 5
30 31 3
31 37 2
31 38 4
32 32 6
33 40 6
33 39 3
34 35 2
35 41 3
35 42 4
35 43 6
36 36 2
37 38 2
38 44 2
38 45 4
39 40 3
39 46 6
39 47 4
39 47 3
40 48 3
40 48 5
41 43 3
41 42 1
41 42 7
41 50 5
41 49 3
42 50 2
42 43 2
42 49 4
44 45 2
45 51 3
45 52 5
45 53 6
46 47 2
46 47 3
47 47 1
48 48 2
49 50 2
50 54 2
50 55 4
51 52 2
51 53 3
51 56 2
51 57 3
51 58 5
51 59 6
52 53 1
52 53 2
54 55 2
55 62 6
55 60 2
55 61 4
56 57 1
56 57 6
56 58 3
56 59 4
57 59 3
57 58 2
58 59 1
58 59 6
58 63 3
59 63 3
60 64 6
60 65 4
60 66 3
60 61 2
60 62 4
61 68 2
61 67 4
61 62 2
62 70 4
62 69 2
63 71 3
64 65 2
64 66 3
64 72 4
64 73 2
64 74 5
65 66 1
65 66 1
65 75 2
65 75 4
66 75 3
66 75 5
67 68 2
69 70 6
70 76 1
70 77 3
71 78 1
71 79 2
71 80 3
71 81 4
71 82 5
71 83 6
72 73 2
72 73 1
72 74 1
72 74 2
73 74 3
73 74 3
75 75 2
76 84 4
76 77 4
76 77 1
77 84 5
78 79 1
78 79 1
78 80 2
78 81 3
78 82 4
78 83 5
78 85 4
78 85 3
78 86 2
78 87 1
78 87 6
79 80 1
79 81 2
79 82 3
79 83 4
79 85 3
79 85 2
79 86 1
79 87 2
79 87 5
80 81 1
80 81 1
80 82 2
80 82 2
80 83 3
80 86 6
80 88 5
80 88 3
81 82 1
81 82 1
81 83 2
81 86 5
81 88 4
81 88 2
82 83 1
82 86 4
82 88 3
82 88 1
83 89 2
83 89 4
84 90 3
84 91 3
85 87 5
85 87 2
85 87 4
85 87 3
85 86 2
85 86 1
85 85 1
86 87 3
86 87 4
86 88 1
86 88 3
87 87 7
88 88 2
89 89 2
90 92 3
90 91 6
90 93 1
90 94 1
90 94 2
91 96 6
91 95 4
92 97 3
92 97 5
92 93 7
92 93 2
92 94 4
92 94 5
93 97 4
93 97 2
93 94 2
93 94 3
94 94 1
95 96 2
95 96 2
95 98 4
95 98 2
96 98 2
96 98 4
97 97 2
98 98 6
