59 126
1
1
2
1
1
1
1
1
1
1
1
1
1
1
1
1
1
1
1
1
1
1
1
1
1
1
2
1
1
1
1
1
1
1
1
1
1
1
1
1
1
1
1
1
1
1
1
1
2
1
1
1
1
1
1
1
1
1
4
0 1 3
0 58 8
1 2 5
1 3 2
2 3 3
2 4 2
2 5 4
3 6 2
3 7 4
4 5 2
5 8 4
5 9 2
6 11 1
6 12 3
6 13 5
6 7 2
6 7 2
7 11 3
7 12 5
7 13 7
8 9 6
8 14 3
8 15 2
9 10 3
10 16 4
10 18 5
10 17 2
11 12 2
11 13 4
11 19 3
11 20 6
12 13 2
12 21 2
12 22 3
12 23 5
13 24 4
14 25 2
14 15 5
15 26 4
15 26 2
16 17 2
16 17 1
16 27 3
16 18 1
16 18 2
17 27 2
17 18 3
17 18 3
18 27 5
19 20 3
19 28 3
19 29 5
19 30 2
20 24 3
20 31 2
21 22 1
21 22 6
21 23 3
21 23 5
22 23 2
22 23 1
24 31 5
25 32 2
25 33 3
26 26 6
27 35 4
27 34 6
28 36 3
28 37 5
28 38 6
28 29 2
28 30 5
29 40 4
29 30 7
29 30 2
29 39 3
30 40 6
30 39 5
31 41 4
32 42 2
32 43 4
32 33 5
33 34 4
33 35 2
34 35 2
34 35 2
36 37 2
36 38 3
36 44 3
36 45 5
36 46 6
37 38 1
37 38 2
37 41 2
38 41 4
39 40 2
39 40 1
39 47 5
40 47 3
42 48 2
42 48 4
42 43 2
43 49 2
44 45 2
44 46 3
44 50 3
44 51 5
44 52 6
45 46 1
45 46 2
47 53 3
47 54 2
48 48 2
49 56 2
49 55 4
50 52 3
50 51 2
50 57 6
50 55 3
51 52 2
51 52 1
53 54 1
53 54 6
55 56 6
55 57 3
56 57 2
