33 60
1
1
1
1
1
1
1
1
1
1
1
1
1
1
1
1
1
1
1
1
1
1
1
1
1
1
1
1
1
1
1
1
4
0 1 4
0 2 6
1 2 2
1 3 2
1 4 4
2 32 8
3 4 2
4 5 2
4 7 5
5 6 3
5 7 3
6 8 5
6 9 2
7 10 2
7 11 5
8 9 3
9 12 2
9 13 4
10 11 3
10 14 2
10 15 6
11 16 3
11 17 3
12 13 2
13 18 3
13 19 6
14 20 3
14 21 5
14 15 4
15 16 3
16 17 6
17 22 3
17 23 3
18 19 3
19 24 2
19 25 4
20 24 4
20 25 2
20 21 2
21 28 5
21 26 2
21 27 4
22 29 2
22 30 4
22 23 6
23 29 2
23 30 4
24 25 6
24 25 2
26 27 2
26 27 1
26 28 3
26 28 5
26 31 3
27 28 1
27 28 6
27 31 4
28 31 2
29 30 6
29 30 2
