53 106
1
1
1
1
1
1
1
1
1
1
1
1
1
1
1
1
1
1
1
1
1
1
1
1
1
1
1
2
1
2
2
1
1
1
1
1
1
1
1
1
1
1
1
2
1
1
1
1
1
1
1
1
4
0 1 6
0 2 4
0 52 8
1 2 2
2 3 2
2 4 5
3 4 3
4 5 2
4 6 5
5 8 2
5 6 3
5 7 4
6 9 2
6 10 4
7 8 2
7 11 6
7 12 4
8 13 2
8 14 4
9 10 2
11 16 2
11 15 4
11 12 2
12 17 6
12 18 4
12 19 2
13 20 5
13 21 3
13 14 2
14 22 3
14 23 6
15 16 2
17 24 4
17 18 2
17 18 2
17 19 4
18 24 2
18 19 2
19 25 2
19 26 3
19 27 5
19 27 6
20 21 2
20 28 5
20 29 3
21 30 3
21 30 5
22 32 4
22 31 2
22 23 3
23 33 2
23 34 3
23 35 3
24 36 4
24 37 2
25 27 3
25 27 4
25 26 1
25 26 1
25 38 2
26 27 2
26 27 3
26 38 3
27 27 1
28 29 4
28 29 2
28 39 6
29 39 2
30 30 2
31 32 2
32 40 2
32 41 5
32 42 6
33 43 2
33 43 4
33 34 5
33 34 3
33 35 1
33 35 1
34 35 6
34 35 2
34 43 5
34 43 1
35 43 3
35 43 3
36 37 2
38 44 6
38 45 4
38 46 2
39 48 5
39 47 2
40 41 3
40 42 4
41 42 1
41 42 2
41 49 2
42 49 4
43 43 6
44 46 4
44 45 2
45 46 2
45 46 6
47 48 3
49 50 3
49 51 3
50 51 6
