44 86
1
1
1
1
1
1
1
1
1
1
1
1
1
1
1
1
1
1
1
1
1
1
1
1
1
1
1
1
1
1
1
1
1
1
1
1
1
2
1
1
1
2
2
4
0 1 4
0 2 2
0 43 8
1 2 2
1 3 3
1 4 5
2 5 4
2 6 2
3 4 2
4 5 5
4 7 2
5 6 2
5 7 3
6 8 2
6 9 4
6 10 6
8 9 2
8 10 4
8 11 6
8 12 3
9 10 2
9 14 3
9 15 5
10 16 1
10 17 3
10 18 5
11 12 3
12 13 5
13 20 4
13 19 2
13 14 5
14 19 3
14 20 1
14 15 2
15 22 6
15 21 4
16 17 4
16 18 1
16 18 6
16 23 5
17 24 3
17 25 3
17 18 2
18 23 6
19 26 4
19 27 6
19 20 2
20 28 3
21 22 2
21 29 2
21 30 4
22 32 2
22 33 5
22 31 3
23 24 4
24 25 6
25 34 3
25 35 6
26 27 2
26 27 2
26 28 4
27 28 2
29 30 2
30 37 5
30 37 6
30 36 2
31 32 1
31 32 6
31 33 2
32 33 3
33 39 3
33 38 3
34 40 2
34 35 3
34 38 4
36 37 3
36 37 4
37 37 1
38 40 2
38 39 6
39 41 2
39 41 4
40 42 5
40 42 3
41 41 2
42 42 2
