38 79
1
1
2
1
1
1
1
2
1
1
1
2
1
1
1
1
2
1
1
1
1
1
1
1
1
1
1
1
1
1
1
1
1
1
1
1
2
4
0 1 2
0 2 6
1 2 4
1 3 2
1 4 4
1 5 5
2 6 2
2 7 3
2 7 4
3 4 1
3 4 2
3 5 5
3 5 3
4 5 6
4 5 1
6 8 4
6 9 2
6 7 5
6 7 6
7 7 1
8 9 6
9 10 3
9 11 5
9 11 6
10 11 2
10 11 3
10 12 2
10 13 2
10 14 3
11 11 1
12 13 4
12 14 2
12 14 1
12 15 4
13 16 2
13 16 4
13 17 6
13 14 5
14 15 6
16 16 2
16 17 4
16 17 2
17 18 3
18 19 3
18 20 5
19 20 2
19 21 3
19 22 6
20 25 6
20 22 2
20 23 4
21 26 6
21 27 4
21 22 3
22 25 4
22 23 2
23 24 3
23 25 2
24 28 4
24 29 2
25 30 2
25 31 4
26 32 3
26 27 2
28 29 2
30 34 3
30 33 3
30 31 6
31 34 2
31 35 2
31 33 3
32 36 5
32 36 3
33 34 6
33 34 1
33 35 5
34 35 4
35 37 8
36 36 2
