42 84
1
1
1
2
1
1
1
1
1
1
1
1
1
2
1
1
2
1
1
1
1
1
1
1
1
1
1
1
1
1
1
1
1
1
1
2
1
1
2
1
1
4
0 1 2
0 2 6
1 2 4
1 3 6
1 3 4
1 4 2
2 5 2
2 6 4
3 3 2
3 4 4
3 4 2
4 8 5
4 7 3
5 6 6
6 9 2
6 10 3
6 11 3
7 8 2
8 12 2
8 13 5
8 13 6
9 10 5
9 11 1
9 11 2
9 14 4
10 11 6
10 15 3
11 14 6
12 16 5
12 16 3
12 13 3
12 13 4
13 13 1
15 17 3
15 18 5
16 16 2
17 18 2
17 18 2
17 19 3
18 19 5
19 20 2
19 21 4
19 22 6
20 21 2
20 22 4
21 24 2
21 25 6
21 22 2
22 23 3
23 26 3
23 27 2
23 28 3
24 25 4
26 27 5
26 28 6
26 29 3
26 30 1
26 31 5
27 28 1
27 28 2
27 30 3
28 30 1
29 32 3
29 33 2
29 30 4
29 31 2
30 31 6
32 33 5
32 34 3
32 35 2
34 35 5
34 35 2
34 36 3
34 37 2
35 36 5
35 37 4
36 37 1
36 37 6
36 38 2
37 38 4
38 41 8
38 39 2
39 40 2
39 41 8
