81 159
1
1
1
1
1
1
1
1
1
1
1
1
1
1
1
1
1
2
1
1
1
1
1
1
1
1
1
1
1
1
1
1
1
1
1
1
2
1
1
1
1
2
1
1
1
1
1
1
1
1
1
1
1
1
1
1
1
1
1
1
1
1
1
1
1
1
1
1
1
1
1
1
1
1
2
1
1
1
1
1
4
0 80 8
0 1 2
0 2 4
1 2 2
2 3 3
2 4 5
3 4 2
3 5 4
3 6 6
5 8 3
5 9 1
5 6 2
5 7 5
7 8 2
7 8 6
7 9 4
7 10 3
8 9 2
8 10 3
9 11 4
11 12 4
11 13 6
12 16 6
12 13 2
12 14 2
12 15 5
14 16 4
14 17 5
14 18 1
14 15 3
15 16 2
15 16 1
17 18 4
17 18 1
17 19 3
18 19 4
19 20 4
19 21 2
20 21 2
20 22 6
20 23 4
21 24 2
21 25 5
22 26 3
22 27 2
22 28 5
22 23 2
23 29 5
23 30 3
24 25 3
26 27 1
26 27 6
26 28 2
26 31 2
27 28 3
27 31 4
28 32 5
28 33 3
29 34 4
29 35 2
29 30 2
30 36 3
30 36 5
31 37 3
31 38 2
32 40 7
32 33 2
32 38 3
32 39 5
33 40 4
33 39 3
34 41 4
34 41 2
34 35 2
35 43 3
35 42 6
36 36 2
37 44 3
37 45 5
37 38 5
38 40 4
38 39 2
39 40 2
39 40 1
41 41 6
42 43 3
42 46 5
42 47 3
43 48 3
43 49 5
44 50 3
44 51 6
44 45 2
45 52 2
45 53 4
46 56 2
46 55 3
46 54 4
46 47 2
48 49 2
48 49 2
48 57 4
49 57 2
50 59 2
50 58 4
50 51 3
51 52 2
51 53 4
52 53 6
52 53 2
54 56 1
54 56 6
54 60 5
54 55 1
55 56 5
55 62 4
55 61 6
56 60 6
58 59 2
59 64 2
59 65 5
59 63 3
60 66 3
60 67 3
61 68 3
61 62 6
61 62 2
62 68 3
63 64 5
63 65 2
63 69 5
63 70 3
63 71 6
64 72 4
64 65 7
64 65 2
65 72 6
66 73 2
66 74 3
66 67 6
69 75 4
69 70 1
69 70 2
69 71 2
69 71 1
70 75 3
70 71 3
70 71 3
71 75 6
73 76 4
73 74 5
73 74 2
74 76 6
76 77 4
76 78 2
77 78 2
77 78 2
77 79 4
78 79 2
