30 60
1
1
1
1
2
1
1
1
1
1
1
2
1
2
1
2
1
1
1
1
1
2
1
1
1
1
2
1
1
4
0 1 2
0 2 5
0 29 8
1 2 3
2 3 2
2 4 5
3 4 3
3 5 6
3 6 3
4 6 6
4 7 2
5 8 3
5 9 2
5 6 3
6 7 4
7 10 2
7 11 5
7 11 6
8 9 1
8 9 6
8 12 2
9 12 4
10 11 3
10 11 4
10 13 5
10 14 1
11 11 1
12 15 4
12 15 2
13 16 3
13 14 1
13 14 4
14 16 4
15 15 2
16 17 2
16 18 5
17 18 3
17 19 5
17 20 3
18 21 3
18 21 5
19 20 2
20 22 5
20 23 2
21 21 2
22 24 4
22 25 2
22 23 3
24 25 2
24 26 3
24 26 5
24 27 2
24 28 2
26 26 2
26 27 5
26 27 7
26 28 5
26 28 7
27 28 0
27 28 0
