39 86
1
1
1
1
1
1
2
2
1
1
1
1
2
1
1
1
1
1
2
1
2
1
1
1
1
1
1
2
2
1
1
1
1
1
2
1
1
1
4
0 1 4
0 2 6
1 2 2
1 3 6
1 4 2
2 5 3
2 6 5
3 4 4
4 8 5
4 7 3
5 9 3
5 6 5
5 6 2
6 9 2
7 8 2
7 10 4
7 11 6
8 12 6
8 11 2
9 13 4
9 14 6
10 16 4
10 11 2
10 12 5
10 15 2
11 12 4
12 16 1
12 15 3
13 18 5
13 18 6
13 14 2
13 17 2
14 19 1
14 20 3
15 16 2
15 16 1
15 21 3
16 21 4
17 24 7
17 18 3
17 18 4
17 22 3
17 23 5
18 18 1
19 25 4
19 20 4
19 20 1
20 25 5
22 24 4
22 26 5
22 27 3
22 23 2
23 24 1
23 24 2
23 28 2
23 28 3
24 28 3
24 28 4
25 29 3
25 30 3
26 27 3
26 27 2
28 28 1
29 32 2
29 33 2
29 30 6
29 31 3
30 34 3
30 34 5
31 32 6
31 32 1
31 33 5
32 33 4
33 35 4
33 36 3
33 37 2
34 34 2
35 36 2
35 36 1
35 37 1
35 37 6
35 38 8
36 37 3
36 37 5
36 38 8
37 38 8
