41 87
1
1
1
1
1
1
1
1
2
1
1
1
1
1
1
1
2
1
1
1
1
1
1
1
1
1
1
1
1
1
1
1
1
1
1
1
1
1
1
2
4
0 1 2
0 2 3
0 3 6
1 2 1
1 2 1
1 3 4
1 5 2
1 6 4
2 3 3
2 5 3
2 6 5
3 4 3
3 40 8
4 8 6
4 40 8
4 7 2
5 10 3
5 6 2
5 9 6
6 12 2
6 13 4
7 8 6
7 8 4
7 14 4
8 14 2
9 10 3
10 11 5
11 16 6
11 15 2
12 13 2
13 17 2
13 18 4
13 19 5
14 20 2
14 21 5
14 22 6
15 16 4
15 16 5
15 24 4
15 23 2
16 23 3
16 24 1
17 25 3
17 18 2
17 18 1
17 19 3
17 19 5
18 19 1
18 19 6
18 25 4
19 25 2
20 21 3
20 22 4
20 26 5
20 27 4
20 28 2
21 22 2
21 22 1
23 24 2
23 24 1
23 29 3
24 29 4
25 30 2
25 31 4
26 27 6
26 27 1
26 28 5
26 28 3
27 28 1
27 28 2
30 31 2
31 32 3
31 33 6
32 33 3
32 34 2
32 35 4
34 35 2
34 36 5
34 37 3
34 38 2
35 39 2
35 39 4
36 37 2
36 37 7
36 38 3
37 38 1
39 39 2
