42 100
1
1
1
1
1
1
1
1
1
1
1
1
1
1
1
1
1
1
1
1
1
1
1
1
1
1
1
1
4
3
3
3
3
3
3
3
3
3
3
3
3
3
0 1 2
0 2 4
0 29 8
1 2 2
1 3 2
1 4 4
1 5 6
2 30 8
2 41 8
3 4 2
3 5 4
3 6 5
3 7 3
4 8 2
4 5 2
4 9 6
5 10 2
5 11 3
5 12 4
6 13 6
6 7 3
6 7 2
7 13 3
8 9 4
8 14 6
8 15 3
9 16 3
9 17 3
10 11 3
10 11 5
10 12 1
10 12 6
11 12 2
11 12 1
13 18 4
13 19 2
14 37 8
14 15 3
15 38 8
16 40 8
16 17 6
17 39 8
18 19 6
18 20 3
18 21 2
19 34 8
20 24 2
20 21 5
20 23 5
21 22 4
22 32 8
23 24 3
23 31 8
24 33 8
25 32 8
25 33 8
25 34 8
25 26 3
25 27 5
25 29 8
25 30 8
25 31 8
26 37 8
26 38 8
26 39 8
26 40 8
26 41 8
26 27 2
27 35 8
27 28 8
27 36 8
28 35 0
28 36 0
29 32 0
29 34 0
29 33 0
29 30 0
29 31 0
30 32 0
30 33 0
30 34 0
30 41 0
30 31 0
31 32 0
31 33 0
31 34 0
32 33 0
32 34 0
33 34 0
35 36 0
37 38 0
37 39 0
37 40 0
37 41 0
38 39 0
38 40 0
38 41 0
39 40 0
39 41 0
40 41 0
