36 79
1
1
1
1
1
1
1
1
1
1
1
1
1
1
1
2
1
1
1
2
1
2
2
1
1
1
1
4
3
3
3
3
3
3
3
3
0 1 2
0 2 5
0 27 8
0 28 8
0 31 8
1 33 8
1 2 3
1 30 8
1 31 8
2 34 8
2 35 8
2 32 8
2 29 8
2 31 8
3 28 8
3 31 8
3 4 3
3 5 5
3 29 8
4 5 2
4 5 2
4 6 4
5 6 6
6 8 6
6 7 4
7 8 2
7 9 6
7 10 3
8 11 2
8 12 3
9 10 3
9 13 3
9 14 5
10 15 3
10 15 5
11 16 3
11 12 5
11 17 5
12 19 3
12 18 1
13 14 2
13 33 8
14 30 8
15 15 2
16 17 2
16 20 3
16 21 5
16 21 6
17 22 2
17 22 4
18 19 4
18 19 1
18 23 4
19 23 5
20 34 8
20 21 2
20 21 3
21 21 1
22 22 6
23 24 2
23 25 3
23 26 4
24 25 3
24 25 5
24 26 1
24 26 6
25 26 2
25 26 1
27 28 0
28 29 0
28 31 0
29 32 0
29 34 0
29 35 0
29 31 0
30 33 0
32 34 0
32 35 0
34 35 0
