33 71
1
1
1
1
1
1
1
1
1
1
1
2
1
1
2
1
1
1
1
1
1
1
1
1
1
2
1
1
1
1
1
1
4
0 1 2
0 2 3
1 2 5
1 3 3
1 4 5
1 5 6
2 8 3
2 6 3
2 7 2
3 10 5
3 4 2
3 5 3
3 9 3
4 5 1
4 5 2
6 7 5
6 8 6
6 11 3
6 12 1
6 13 5
7 8 2
7 8 1
7 12 3
8 12 1
9 10 2
9 14 6
9 14 4
10 16 4
10 15 2
11 17 1
11 18 5
11 12 4
11 13 3
11 13 2
12 13 6
13 17 4
13 18 2
14 14 2
15 16 2
16 19 4
16 20 2
17 18 6
17 18 1
17 21 4
18 21 5
19 20 2
19 22 5
19 23 2
21 24 2
22 23 3
23 25 2
23 25 4
24 26 4
24 27 2
25 25 2
26 27 6
26 27 2
26 28 3
27 28 5
28 29 2
28 30 3
28 31 4
29 32 8
29 30 5
29 30 3
29 31 6
29 31 1
30 32 8
30 31 1
30 31 2
31 32 8
