28 67
1
1
1
1
1
1
1
1
1
1
1
1
1
1
1
1
1
1
1
1
1
1
1
1
1
1
1
4
0 1 2
0 2 6
1 2 4
1 3 5
1 4 3
2 5 2
2 6 3
3 8 4
3 4 2
3 4 6
3 7 3
4 8 2
4 7 3
5 9 2
5 6 5
5 6 2
6 9 4
7 8 1
7 8 7
7 11 5
7 10 3
8 11 2
8 10 4
9 12 2
9 13 3
9 14 5
9 27 8
10 11 2
11 16 4
11 15 2
12 27 8
12 13 1
12 13 2
12 14 3
12 14 3
13 27 8
13 14 2
13 14 1
14 27 8
15 16 6
15 16 2
15 17 3
15 18 4
16 17 3
16 18 2
17 18 1
17 19 2
17 20 5
17 21 6
18 22 1
18 23 3
18 24 5
19 20 3
19 21 4
20 21 1
20 21 2
20 22 5
21 22 3
22 24 4
22 23 2
23 24 2
23 25 4
23 26 2
24 25 4
24 26 2
25 26 2
25 26 6
