42 108
1
1
1
1
1
1
1
1
1
1
1
1
1
1
1
1
2
1
2
1
1
1
1
2
1
2
1
1
1
1
1
1
1
1
1
1
1
1
1
1
1
4
0 1 1
0 1 2
0 2 3
0 3 4
0 4 5
0 5 2
0 6 4
0 7 6
1 2 1
1 3 2
1 4 3
1 5 3
1 6 5
1 7 7
2 3 1
2 4 2
2 4 1
2 7 2
2 8 5
2 9 6
3 4 1
3 8 3
3 9 1
3 10 5
4 7 3
4 8 6
4 9 7
5 11 2
5 6 2
5 6 2
5 7 4
6 11 4
6 7 2
7 8 3
7 9 4
8 9 2
8 9 1
8 10 2
9 10 4
10 12 3
10 13 3
11 14 4
11 15 2
12 16 5
12 16 3
12 13 6
13 17 1
13 18 3
14 19 2
14 15 2
14 15 2
15 19 4
16 16 2
17 18 4
17 18 1
17 20 4
18 20 5
19 21 3
19 22 6
20 24 2
20 28 2
20 23 3
20 23 5
21 25 6
21 25 4
21 26 2
21 22 3
22 27 3
22 26 6
23 24 5
23 24 7
23 28 5
23 28 7
23 23 2
24 28 0
24 28 0
24 29 4
25 25 2
25 26 4
25 26 2
26 27 3
27 30 4
27 31 6
28 29 4
29 32 2
29 33 3
29 34 4
30 35 2
30 36 4
30 31 2
32 33 5
32 33 3
32 34 6
32 34 1
32 41 8
33 41 8
33 34 1
33 34 2
34 41 8
35 36 2
36 40 5
36 37 1
36 38 3
37 40 6
37 40 1
37 38 4
38 40 2
38 39 3
