32 67
1
1
1
1
1
1
2
1
1
2
1
1
1
1
1
1
1
1
1
1
1
1
1
1
1
1
1
1
2
1
2
4
0 1 4
1 2 2
1 3 2
1 4 3
2 3 4
2 4 1
2 4 2
2 31 8
3 4 5
3 5 3
3 6 5
4 31 8
5 6 5
5 6 2
5 7 3
6 7 2
7 8 2
7 9 6
8 9 4
8 9 6
8 10 4
9 10 2
10 11 5
10 12 2
11 12 3
11 13 6
11 14 4
11 15 3
12 16 3
12 17 6
13 14 2
13 14 7
13 15 3
13 15 5
14 15 1
14 15 2
16 17 3
16 18 3
16 19 5
17 20 3
17 21 5
18 19 2
18 19 5
18 22 3
19 22 2
20 21 2
20 21 2
20 23 3
21 23 5
22 24 3
22 25 6
23 26 4
23 27 6
24 25 2
24 25 3
24 28 3
24 28 4
25 28 5
25 28 6
26 27 2
26 29 2
26 30 4
26 30 6
28 28 1
29 30 2
29 30 4
30 30 2
