60 138
1
1
1
1
1
1
1
1
1
1
1
1
2
1
1
1
1
2
1
1
1
1
1
1
2
1
1
1
1
1
1
1
1
1
1
1
1
1
1
1
1
2
1
1
1
2
1
1
1
2
1
2
2
1
1
1
2
1
1
4
0 1 2
0 2 2
0 3 3
1 2 4
1 3 1
1 3 2
2 3 5
2 4 2
2 5 3
2 6 6
4 8 4
4 5 1
4 5 1
4 6 4
4 7 2
5 8 5
5 6 3
5 7 3
6 9 2
6 10 5
7 8 2
7 8 2
7 11 4
8 11 2
9 10 3
10 59 8
10 12 2
10 12 4
10 13 2
11 14 4
11 15 2
12 59 8
12 59 8
12 12 6
12 13 4
12 13 2
13 16 4
13 17 6
13 59 8
14 18 3
14 15 2
14 15 6
15 18 3
16 17 5
16 17 2
16 19 3
17 19 2
18 20 6
18 21 4
18 22 3
19 24 6
19 23 2
20 25 4
20 26 2
20 21 2
20 22 3
21 27 5
21 22 1
21 22 2
22 27 3
23 24 6
23 24 4
23 28 4
24 28 2
25 26 2
25 26 2
25 27 4
26 27 6
28 29 4
28 30 2
29 32 3
29 33 2
29 30 2
29 31 4
30 34 3
30 35 6
31 32 1
31 33 1
31 33 6
32 33 5
32 37 3
32 36 5
34 40 5
34 35 3
34 38 2
34 39 3
35 41 2
35 41 4
35 42 6
36 43 5
36 44 3
36 37 2
38 40 3
38 40 5
38 39 1
38 39 6
39 40 2
39 40 1
41 41 2
41 42 4
41 42 2
42 45 2
42 45 4
42 46 2
43 48 5
43 44 2
43 47 2
44 49 4
44 49 2
45 45 6
45 46 4
45 46 2
46 51 5
46 50 3
47 48 3
47 52 6
47 52 4
48 53 4
48 54 2
49 49 2
50 51 2
50 51 5
50 55 3
51 55 2
52 52 2
53 54 6
53 54 2
55 56 3
55 56 5
55 57 7
55 58 7
56 56 2
56 57 4
56 57 2
56 58 4
56 58 2
57 58 0
57 58 0
