41 77
1
1
1
1
1
1
1
1
1
1
1
1
1
1
1
1
1
2
1
2
1
1
1
1
1
1
1
1
1
1
2
1
2
1
1
1
1
2
1
1
4
0 40 8
0 1 6
0 2 3
1 2 3
2 3 3
2 4 5
3 4 2
3 4 6
3 5 4
4 5 2
5 8 6
5 6 3
5 7 4
6 8 3
6 9 3
6 10 5
6 7 1
6 7 7
7 8 2
7 9 4
7 10 2
8 11 2
8 12 4
9 10 2
10 13 2
10 14 5
11 16 6
11 12 2
11 15 3
13 17 4
13 17 2
13 14 3
14 18 3
14 19 5
15 16 3
16 20 2
16 21 3
17 17 2
18 19 2
18 22 3
18 23 6
19 24 6
19 23 3
20 25 2
20 26 3
20 21 5
22 23 3
23 24 3
24 27 2
24 28 4
25 26 5
25 29 3
25 30 5
27 28 2
28 32 3
28 31 3
29 34 6
29 30 2
29 33 3
30 34 3
30 35 5
31 32 4
31 32 6
31 36 2
32 36 6
33 34 3
33 35 2
33 37 3
33 37 4
34 35 2
35 37 5
35 37 6
36 39 5
36 38 3
37 37 1
38 39 2
38 39 2
