35 82
1
2
1
2
1
1
1
2
1
1
1
1
1
1
1
1
1
1
1
1
1
1
1
1
1
1
1
1
2
1
1
2
1
1
4
0 1 1
0 1 3
0 2 4
0 3 5
0 3 6
0 4 1
1 1 2
1 2 3
1 2 1
1 3 4
1 3 5
1 3 2
1 3 3
1 4 2
1 4 4
2 3 1
2 3 2
2 4 5
3 3 1
3 4 6
3 4 7
4 5 2
4 6 5
5 6 3
5 7 4
5 7 2
6 8 2
6 9 2
6 10 4
7 7 2
8 9 4
8 10 6
8 11 2
8 12 5
9 10 2
9 13 3
9 14 5
9 15 6
10 16 2
10 17 2
11 12 3
13 14 2
13 15 3
13 18 2
13 19 3
13 20 5
13 21 6
14 15 2
14 15 1
16 17 4
16 22 4
16 23 2
17 25 2
17 26 4
18 19 6
18 19 1
18 20 3
18 21 4
19 20 2
19 21 3
20 27 3
20 21 6
20 21 1
21 27 3
22 23 6
23 24 3
23 34 8
24 34 8
25 26 2
25 28 4
25 28 2
27 29 4
28 28 2
29 30 2
29 31 4
29 31 6
30 32 5
30 33 3
30 31 2
30 31 4
31 31 2
32 33 2
