28 98
1
1
1
1
1
1
1
1
1
1
1
1
1
1
1
1
1
1
1
2
1
1
1
2
1
1
1
4
0 1 1
0 2 2
0 3 3
0 4 4
0 5 5
0 6 2
0 7 2
0 8 3
1 2 1
1 2 1
1 3 2
1 3 1
1 4 3
1 5 4
1 6 3
1 10 3
1 11 4
1 12 5
2 3 1
2 3 2
2 4 2
2 5 3
2 6 4
2 10 2
2 11 3
2 12 4
3 4 1
3 5 2
3 6 5
3 10 4
3 11 5
3 12 6
4 5 1
4 6 6
4 12 1
4 13 3
4 14 4
4 15 5
5 6 7
5 6 1
5 7 4
6 7 3
7 8 5
8 9 3
8 27 8
9 16 3
9 18 6
9 27 8
9 17 5
10 11 1
10 11 1
10 12 2
10 13 2
10 14 4
10 15 3
10 19 1
10 19 3
11 12 1
11 13 1
11 14 5
11 15 2
11 19 2
11 19 4
12 13 2
12 14 3
12 15 4
13 14 6
13 14 1
13 15 1
13 15 2
13 19 3
13 19 5
14 15 7
14 15 1
14 19 3
14 19 1
15 19 4
15 19 6
16 18 3
16 20 3
16 21 5
16 17 2
17 18 2
17 18 1
19 19 2
20 21 2
21 22 2
21 23 6
22 24 2
22 25 4
22 23 4
22 23 5
23 24 3
23 25 1
24 25 1
24 25 2
24 26 3
25 26 4
