21 70
1
1
1
1
1
1
1
1
2
1
1
1
2
1
1
1
1
2
2
2
4
0 1 3
0 2 6
1 2 3
2 3 3
2 20 8
3 20 8
3 4 2
3 5 4
4 5 2
5 6 2
5 7 4
6 7 2
7 8 5
8 9 2
8 10 4
8 11 3
9 10 2
9 11 5
9 12 1
9 13 4
9 14 5
9 15 6
9 16 7
10 17 2
10 17 4
10 18 1
10 18 3
10 11 1
10 11 7
11 17 1
11 17 3
11 18 2
11 18 4
12 13 3
12 13 1
12 14 4
12 14 1
12 15 5
12 15 5
12 16 6
12 16 2
12 19 2
12 19 4
13 14 1
13 14 2
13 15 2
13 15 4
13 16 3
13 16 3
13 19 1
13 19 3
14 15 1
14 15 6
14 16 2
14 16 1
14 19 3
14 19 5
15 16 1
15 16 7
15 19 3
15 19 1
16 19 4
16 19 6
17 17 2
17 18 3
17 18 5
17 18 5
17 18 7
18 18 2
19 19 2
