32 80
1
1
1
1
1
1
1
1
1
1
1
1
1
1
2
1
1
1
1
4
3
3
3
3
3
3
3
3
3
3
3
3
0 1 2
0 2 5
0 20 8
0 28 8
1 28 8
1 2 3
1 4 6
1 5 4
2 3 3
2 28 8
2 19 8
3 8 5
3 19 8
3 6 2
3 7 4
4 5 2
4 21 8
5 9 6
5 10 3
6 8 5
6 8 3
6 7 1
6 7 2
7 8 6
7 8 1
9 10 3
9 22 8
10 23 8
11 12 2
11 13 5
11 20 8
11 21 8
11 22 8
11 23 8
11 24 8
11 25 8
11 28 8
12 25 8
12 13 3
12 14 4
12 14 2
13 16 4
13 25 8
13 15 2
14 14 2
15 16 2
15 29 8
16 17 2
16 18 4
16 26 8
16 27 8
17 18 2
17 27 8
17 26 8
17 30 8
18 26 8
18 27 8
18 31 8
20 21 0
20 22 0
20 23 0
20 24 0
20 28 0
21 22 0
21 23 0
21 24 0
21 28 0
22 23 0
22 24 0
22 28 0
23 24 0
23 28 0
24 28 0
26 27 0
26 29 0
26 30 0
26 31 0
29 30 0
29 31 0
30 31 0
