51 142
1
1
1
1
1
1
1
1
1
1
1
1
1
1
1
1
1
1
1
1
1
1
1
1
1
1
1
2
1
1
1
1
1
1
1
1
1
1
1
1
1
1
1
1
1
1
1
1
1
2
4
0 1 3
0 2 6
1 2 3
1 3 6
1 4 4
1 5 3
2 8 3
2 6 2
2 7 3
3 10 2
3 4 2
3 5 3
3 9 4
4 5 1
4 10 1
4 11 3
4 12 4
4 13 5
4 14 6
4 15 7
5 15 3
5 16 4
5 17 5
5 18 6
6 8 2
6 8 1
6 7 5
7 8 6
7 19 3
7 20 5
9 10 2
10 11 2
10 12 3
10 13 4
10 14 5
10 15 6
11 12 1
11 13 2
11 13 1
11 14 3
11 15 4
11 16 2
11 21 2
11 22 4
11 23 5
12 13 1
12 14 2
12 15 3
12 21 7
12 24 2
12 25 3
12 26 5
13 14 1
13 15 2
13 16 1
13 21 3
13 22 5
13 23 6
14 15 1
14 17 1
14 18 5
14 22 3
14 23 1
15 16 1
15 17 2
15 18 3
16 17 1
16 18 2
16 21 4
16 22 6
16 23 7
17 18 6
17 18 1
17 22 4
17 23 2
18 22 2
18 23 4
19 20 2
19 27 3
19 27 5
19 28 7
19 30 7
21 22 2
21 23 3
21 24 5
21 25 4
21 26 2
22 23 1
22 23 2
24 25 1
24 25 6
24 26 3
24 26 5
24 29 2
25 26 2
25 26 1
25 29 4
26 29 3
27 27 2
27 28 4
27 28 2
27 30 4
27 30 2
28 30 0
28 30 0
28 31 4
30 31 4
31 32 3
31 33 2
32 33 5
32 34 2
32 35 6
33 50 8
34 35 4
35 36 2
35 37 4
36 37 2
37 38 3
37 39 5
38 40 2
38 41 3
38 39 2
38 39 2
39 40 4
39 41 5
40 41 2
40 41 1
40 42 4
41 42 6
42 43 6
43 44 2
43 45 4
44 45 2
44 45 2
44 46 4
45 46 6
46 48 2
46 47 3
47 48 5
48 49 2
48 49 4
49 49 2
