31 64
1
1
1
1
1
1
1
1
1
1
2
1
1
1
1
1
1
1
2
2
1
1
2
1
1
1
1
1
1
2
4
0 1 3
0 2 5
1 2 2
2 3 3
2 4 2
3 4 5
3 5 2
3 6 4
4 30 8
5 6 2
6 8 5
6 9 6
6 7 2
7 8 3
7 9 4
8 9 1
8 9 2
8 10 2
9 10 4
10 11 3
10 12 5
11 12 2
12 13 2
12 14 3
13 16 4
13 17 6
13 14 5
13 15 2
14 18 3
14 18 3
15 16 2
15 17 4
15 19 6
15 19 4
15 20 2
16 17 2
16 20 2
16 21 5
17 22 2
17 22 4
18 18 6
19 19 2
19 20 4
19 20 2
20 21 3
21 24 5
21 23 3
22 22 6
23 24 2
23 24 2
23 25 5
24 25 3
25 26 2
25 27 3
25 28 3
26 27 5
26 28 1
26 28 1
26 29 2
26 29 4
27 28 6
28 29 3
28 29 3
29 29 6
