56 204
1
1
1
1
1
1
1
1
1
2
1
1
1
1
1
1
1
1
1
1
1
1
1
1
1
1
1
1
1
1
1
1
1
1
1
1
1
1
2
2
2
4
3
3
3
3
3
3
3
3
3
3
3
3
3
3
0 1 2
0 2 5
0 42 8
0 41 8
1 2 3
1 3 3
1 4 5
2 44 8
3 4 2
3 6 5
3 7 3
4 5 3
5 8 2
5 9 5
5 9 6
6 43 8
6 7 2
7 11 3
7 49 8
7 10 6
8 9 3
8 9 4
8 47 8
9 9 1
10 49 8
10 11 3
10 45 8
11 46 8
11 49 8
11 50 8
11 51 8
11 52 8
11 53 8
11 54 8
11 55 8
12 42 8
12 43 8
12 44 8
12 13 3
12 14 6
12 45 8
12 49 8
12 46 8
13 16 4
13 17 6
13 14 3
13 15 3
14 48 8
14 47 8
15 16 1
15 17 3
15 18 1
15 19 2
15 20 4
15 21 5
16 17 1
16 17 2
16 18 4
16 21 5
17 18 5
17 21 6
18 19 3
18 20 5
18 21 1
18 21 6
19 20 2
19 21 3
20 21 1
20 22 2
20 23 4
20 24 5
22 23 2
22 23 1
22 24 3
22 25 2
22 27 4
22 28 5
23 24 1
23 25 3
23 27 5
23 28 6
24 27 3
24 28 1
24 29 5
25 26 5
25 27 2
25 28 3
26 32 4
26 33 3
26 34 2
26 35 1
26 53 8
26 30 6
26 31 5
27 28 2
27 28 1
27 29 2
28 29 4
29 36 2
29 37 4
30 32 2
30 32 7
30 33 3
30 33 5
30 34 4
30 34 6
30 35 5
30 38 2
30 38 4
30 53 8
30 54 8
30 31 1
30 31 1
31 32 1
31 32 6
31 33 2
31 33 4
31 34 3
31 34 5
31 35 4
31 38 1
31 38 3
31 53 8
31 54 8
32 33 1
32 33 2
32 34 2
32 34 1
32 35 3
32 38 5
32 38 3
32 53 8
32 54 8
33 34 1
33 34 1
33 35 2
33 38 3
33 38 1
33 53 8
33 54 8
34 35 1
34 38 4
34 38 2
34 53 8
34 54 8
35 39 3
35 39 4
35 40 6
35 40 7
35 53 8
35 55 8
36 37 2
36 37 6
38 38 2
38 54 8
38 54 8
39 40 3
39 40 4
39 40 2
39 40 3
39 55 8
39 55 8
39 39 1
40 40 1
40 55 8
40 55 8
41 42 0
42 43 0
42 44 0
42 45 0
42 46 0
42 49 0
43 44 0
43 45 0
43 46 0
43 49 0
44 45 0
44 46 0
44 49 0
45 46 0
45 49 0
46 49 0
46 50 0
46 51 0
46 52 0
46 53 0
46 54 0
46 55 0
47 48 0
50 51 0
50 52 0
50 53 0
50 54 0
50 55 0
51 52 0
51 53 0
51 54 0
51 55 0
52 53 0
52 54 0
52 55 0
53 54 0
53 55 0
54 55 0
