30 128
1
1
1
1
1
2
1
1
1
1
1
1
1
1
2
1
4
3
3
3
3
3
3
3
3
3
3
3
3
3
0 1 2
0 2 5
0 17 8
1 2 3
1 18 8
2 3 3
2 4 5
3 19 8
3 4 2
4 5 1
4 5 3
4 6 4
4 7 5
4 8 6
4 9 1
4 21 8
5 5 2
5 6 3
5 6 1
5 7 4
5 7 2
5 8 5
5 8 3
5 9 2
5 9 4
5 21 8
5 21 8
6 7 1
6 7 1
6 8 2
6 8 2
6 9 5
6 10 3
6 11 2
6 12 4
6 21 8
6 22 8
7 8 1
7 8 1
7 9 6
7 10 2
7 11 3
7 12 3
7 21 8
7 22 8
8 9 7
8 10 1
8 11 4
8 12 2
8 21 8
8 22 8
9 10 3
9 11 4
9 12 5
9 13 1
9 20 8
9 21 8
10 11 1
10 11 5
10 12 2
10 12 1
10 13 4
10 20 8
10 22 8
11 12 1
11 12 6
11 13 5
11 20 8
11 22 8
12 13 6
12 20 8
12 22 8
13 14 4
13 14 2
13 16 8
13 20 8
14 16 8
14 16 8
14 14 6
15 17 8
15 18 8
15 19 8
15 20 8
15 21 8
15 22 8
15 23 8
15 24 8
15 25 8
15 26 8
15 27 8
15 28 8
15 29 8
17 18 0
17 19 0
17 26 0
17 27 0
17 28 0
18 19 0
18 26 0
18 27 0
18 28 0
19 26 0
19 27 0
19 28 0
20 21 0
20 22 0
20 23 0
20 24 0
20 25 0
20 29 0
21 22 0
21 23 0
21 24 0
21 25 0
21 29 0
22 23 0
22 24 0
22 25 0
22 29 0
23 24 0
23 25 0
23 29 0
24 25 0
24 29 0
25 29 0
26 27 0
26 28 0
27 28 0
