40 84
1
1
1
1
1
1
1
1
1
2
1
1
1
1
1
1
1
1
1
2
2
1
1
1
1
1
4
3
3
3
3
3
3
3
3
3
3
3
3
3
0 1 2
0 2 6
0 27 8
1 2 4
1 28 8
2 3 1
2 4 3
2 5 5
3 4 4
3 5 1
3 5 6
3 6 4
4 8 5
4 5 2
4 7 2
5 6 5
6 33 8
7 8 3
7 9 5
7 9 3
8 10 3
8 11 6
9 9 2
10 35 8
10 11 3
11 34 8
11 39 8
12 32 8
12 36 8
12 13 3
12 14 5
12 26 8
12 31 8
13 37 8
13 14 2
13 27 8
13 28 8
13 29 8
13 30 8
14 16 4
14 15 2
15 16 2
15 33 8
15 38 8
16 17 2
16 18 5
17 18 3
17 20 5
17 20 3
18 19 6
19 21 3
19 22 6
20 20 2
21 35 8
21 34 8
21 22 3
22 24 4
22 23 2
23 24 2
23 24 6
23 25 4
24 25 2
25 39 8
26 32 0
26 36 0
26 31 0
27 37 0
27 28 0
27 29 0
27 30 0
28 37 0
28 29 0
28 30 0
29 37 0
29 30 0
30 37 0
30 38 0
31 32 0
31 36 0
32 36 0
33 38 0
34 35 0
34 39 0
36 37 0
