33 74
1
1
1
1
1
1
1
2
1
1
1
1
1
1
2
1
1
1
1
2
1
1
1
1
1
1
1
1
1
1
1
1
4
0 1 2
0 2 6
1 2 4
1 3 2
1 4 4
2 5 4
2 6 6
3 8 3
3 9 2
3 4 2
3 7 5
3 7 4
4 10 4
4 11 6
5 12 2
5 13 5
5 6 2
5 6 2
6 12 4
6 13 3
7 8 2
7 8 1
7 9 3
7 9 2
7 7 1
8 9 1
9 14 6
9 14 4
9 15 2
10 16 2
10 11 2
10 11 2
11 16 4
12 17 3
12 13 7
12 13 2
13 17 5
14 14 2
14 15 4
14 15 2
15 18 2
15 19 4
15 19 6
16 20 2
16 21 3
17 22 2
17 23 2
18 24 2
18 25 4
18 26 5
18 19 2
18 19 4
19 19 2
20 27 4
20 28 6
20 21 5
22 32 8
22 23 4
23 30 3
23 29 2
23 31 5
24 25 1
24 25 2
24 26 5
24 26 3
25 26 6
25 26 1
27 28 2
29 30 2
29 30 1
29 31 3
29 31 3
30 31 1
30 31 2
