39 92
1
1
1
1
1
1
1
1
1
1
2
1
1
1
1
1
2
1
1
1
1
1
1
1
1
1
1
1
1
4
3
3
3
3
3
3
3
3
3
0 1 3
0 2 6
0 30 8
1 2 3
1 31 8
2 3 4
2 4 6
3 32 8
3 4 2
4 5 2
4 6 2
4 7 3
5 6 4
5 7 2
5 7 1
6 8 2
6 9 5
6 7 5
8 9 3
8 10 3
8 10 5
9 11 2
9 12 2
9 13 3
10 10 2
11 12 4
11 13 1
11 13 2
12 13 5
12 14 2
12 15 5
14 16 3
14 16 5
14 15 3
15 17 2
15 18 2
15 19 3
16 16 2
17 18 4
17 19 1
17 19 2
17 29 8
18 19 5
18 20 3
18 21 5
18 22 7
19 29 8
20 33 8
20 21 2
20 22 4
21 22 1
21 22 2
21 23 2
22 23 3
23 24 2
23 25 3
23 26 5
24 25 2
24 25 1
24 26 3
24 26 3
24 27 2
25 26 1
25 26 2
25 27 4
26 27 5
27 34 8
28 32 8
28 33 8
28 34 8
28 35 8
28 36 8
28 37 8
28 38 8
28 30 8
28 31 8
30 32 0
30 38 0
30 31 0
31 32 0
31 38 0
32 38 0
33 34 0
33 35 0
33 36 0
33 37 0
34 35 0
34 36 0
34 37 0
35 36 0
35 37 0
36 37 0
