29 78
1
1
1
1
1
1
1
1
1
1
1
4
3
3
3
3
3
3
3
3
3
3
3
3
3
3
3
3
3
0 1 2
0 2 3
0 3 4
0 12 8
1 11 8
1 2 5
1 2 3
1 3 6
1 3 1
2 3 1
2 3 2
2 11 8
3 11 8
4 5 2
4 6 4
4 12 8
4 21 8
4 23 8
4 24 8
5 28 8
5 6 2
6 8 3
6 7 2
7 8 5
7 13 8
7 14 8
7 15 8
7 16 8
7 17 8
7 18 8
7 25 8
8 9 3
8 10 5
9 10 2
9 27 8
10 19 8
10 20 8
10 22 8
10 26 8
12 24 0
12 21 0
12 23 0
13 14 0
13 15 0
13 16 0
13 17 0
13 18 0
13 25 0
14 15 0
14 16 0
14 17 0
14 18 0
14 25 0
15 16 0
15 17 0
15 18 0
15 25 0
16 17 0
16 18 0
16 25 0
17 18 0
17 25 0
18 25 0
19 26 0
19 20 0
19 22 0
20 26 0
20 22 0
21 24 0
21 23 0
22 26 0
23 24 0
25 26 0
25 27 0
25 28 0
26 27 0
26 28 0
27 28 0
