22 71
1
1
1
1
1
1
2
1
4
3
3
3
3
3
3
3
3
3
3
3
3
3
0 8 8
0 1 5
0 2 3
0 9 8
1 2 2
1 10 8
2 3 2
2 4 4
3 11 8
3 4 2
4 5 6
5 6 5
5 6 3
6 6 2
7 9 8
7 10 8
7 11 8
7 12 8
7 13 8
7 14 8
7 15 8
7 16 8
7 17 8
7 18 8
7 19 8
7 20 8
7 21 8
8 9 0
9 10 0
9 11 0
9 12 0
9 13 0
9 17 0
9 18 0
9 19 0
9 20 0
10 11 0
10 12 0
10 13 0
10 17 0
10 18 0
10 19 0
10 20 0
11 12 0
11 13 0
11 17 0
11 18 0
11 19 0
11 20 0
12 13 0
12 17 0
12 18 0
12 19 0
12 20 0
13 17 0
13 18 0
13 19 0
13 20 0
14 16 0
14 21 0
14 15 0
15 16 0
15 21 0
16 21 0
17 18 0
17 19 0
17 20 0
18 19 0
18 20 0
19 20 0
19 21 0
