46 108
1
1
1
1
1
1
1
1
1
1
1
2
1
1
1
1
1
1
1
2
1
1
1
1
1
1
2
1
1
1
1
1
1
1
1
2
1
4
3
3
3
3
3
3
3
3
0 1 5
0 2 3
0 38 8
1 2 2
1 3 3
1 4 3
2 5 2
2 6 4
2 7 5
3 8 3
3 10 2
3 4 6
3 9 2
4 11 3
4 11 5
5 12 5
5 13 3
5 6 2
5 7 3
6 7 6
6 7 1
8 9 6
8 9 1
8 10 5
9 10 4
10 14 2
10 15 2
11 11 2
12 39 8
12 13 2
13 16 3
13 17 5
13 18 7
14 19 5
14 19 3
14 15 4
15 22 5
15 20 3
15 21 2
16 17 2
16 18 4
16 23 5
16 24 4
16 25 2
17 18 2
17 18 1
17 26 2
17 26 3
18 26 3
18 26 4
19 19 2
20 27 4
20 28 6
20 21 5
20 22 2
21 29 4
21 22 7
22 28 2
22 27 4
23 24 1
23 25 3
23 30 2
23 31 5
24 25 2
24 25 1
24 30 4
25 30 3
26 26 1
27 28 2
27 28 2
29 32 3
29 33 3
30 31 3
31 40 8
32 33 2
32 33 6
32 34 4
33 34 2
34 35 4
34 35 2
34 37 8
35 35 2
35 37 8
35 37 8
36 38 8
36 39 8
36 40 8
36 41 8
36 42 8
36 43 8
36 44 8
36 45 8
38 39 0
38 40 0
38 41 0
38 42 0
38 43 0
39 40 0
39 41 0
39 42 0
39 43 0
40 41 0
40 42 0
40 43 0
41 42 0
41 43 0
42 43 0
44 45 0
