44 96
1
1
1
2
1
1
1
1
1
1
1
1
1
1
1
1
2
1
1
1
1
1
1
1
1
1
1
1
1
1
1
1
1
1
1
1
1
1
1
1
1
1
1
4
0 1 2
0 2 6
1 2 4
1 3 5
1 4 1
2 5 1
2 6 3
2 7 5
3 8 3
3 4 4
3 4 1
4 8 4
5 9 4
5 10 5
5 6 4
5 7 6
5 7 1
6 7 2
6 11 3
6 12 4
6 13 6
7 9 5
7 10 6
8 14 2
8 15 4
9 10 2
9 10 1
9 43 8
10 43 8
11 12 2
11 12 1
11 13 3
11 13 3
12 13 1
12 13 2
14 16 6
14 16 4
14 15 2
15 17 3
15 18 5
15 19 6
16 16 2
17 18 2
17 19 3
17 20 2
17 21 3
17 22 5
17 23 6
18 19 2
18 19 1
20 21 1
20 21 6
20 22 3
20 23 4
21 22 2
21 23 3
22 24 3
22 23 1
22 23 6
23 24 3
24 25 2
24 26 4
24 27 5
25 26 2
25 26 1
25 27 3
25 27 5
25 28 3
26 27 1
26 27 6
26 28 4
27 28 2
28 29 2
28 30 6
29 30 4
30 32 3
30 31 2
31 32 5
31 33 3
31 34 5
33 34 2
33 34 2
33 35 3
34 35 5
35 36 2
35 37 4
36 37 2
36 38 2
36 39 3
37 40 3
37 38 2
38 40 5
38 39 5
39 41 3
39 42 3
41 42 6
