27 64
1
1
1
1
1
1
2
1
1
1
1
1
1
2
1
1
1
4
3
3
3
3
3
3
3
3
3
0 1 2
0 2 2
0 3 3
0 18 8
1 2 4
1 3 1
1 3 2
2 3 5
2 4 2
2 5 5
4 5 3
4 6 3
4 6 5
5 8 4
5 9 3
5 7 2
6 6 2
7 8 2
7 9 5
7 10 3
7 11 4
7 12 6
8 9 7
8 9 1
8 17 8
8 13 4
8 13 2
9 17 8
9 13 3
9 13 3
10 11 2
10 11 1
10 12 3
10 12 3
11 12 1
11 12 2
13 13 6
13 17 8
13 17 8
14 15 2
14 16 5
14 18 8
14 22 8
14 23 8
14 24 8
15 16 3
15 25 8
16 19 8
16 20 8
16 21 8
16 26 8
18 24 0
18 22 0
18 23 0
19 26 0
19 20 0
19 21 0
20 26 0
20 21 0
21 26 0
22 24 0
22 23 0
23 24 0
24 25 0
