42 142
1
1
1
1
1
1
2
1
1
1
2
1
1
1
1
1
1
1
1
1
1
1
1
4
3
3
3
3
3
3
3
3
3
3
3
3
3
3
3
3
3
3
0 24 8
0 1 2
0 2 5
1 2 3
1 3 5
1 4 3
1 5 1
2 23 8
2 6 2
2 6 4
2 7 2
3 4 2
3 5 4
3 25 8
4 8 2
4 9 3
4 5 1
4 5 2
5 8 3
5 9 4
6 23 8
6 23 8
6 6 6
6 7 4
6 7 2
7 11 6
7 10 2
7 10 4
7 23 8
8 9 1
8 9 7
8 12 2
8 13 3
8 14 5
9 12 5
9 13 4
9 14 2
10 10 2
10 11 4
10 11 2
11 16 3
11 15 2
12 17 2
12 13 6
12 13 1
12 14 5
12 14 3
13 17 4
13 14 1
13 14 2
14 17 3
15 16 5
15 19 2
15 18 3
16 29 8
17 26 8
18 19 5
18 36 8
19 31 8
20 36 8
20 40 8
20 21 3
20 22 5
20 24 8
20 25 8
20 29 8
20 31 8
21 32 8
21 33 8
21 34 8
21 35 8
21 37 8
21 41 8
21 22 2
21 26 8
21 27 8
21 28 8
21 30 8
22 38 8
22 39 8
24 36 0
24 40 0
24 25 0
24 29 0
24 31 0
25 36 0
25 40 0
25 29 0
25 31 0
26 32 0
26 33 0
26 34 0
26 35 0
26 37 0
26 41 0
26 27 0
26 28 0
26 30 0
27 32 0
27 33 0
27 34 0
27 35 0
27 37 0
27 41 0
27 28 0
27 30 0
28 32 0
28 33 0
28 34 0
28 35 0
28 37 0
28 41 0
28 30 0
29 36 0
29 40 0
29 31 0
30 32 0
30 33 0
30 34 0
30 35 0
30 37 0
30 41 0
31 36 0
31 40 0
32 33 0
32 34 0
32 35 0
32 37 0
32 41 0
33 34 0
33 35 0
33 37 0
33 41 0
34 35 0
34 37 0
34 41 0
35 37 0
35 41 0
36 40 0
37 41 0
38 39 0
40 41 0
