40 140
1
1
1
1
1
1
1
2
2
2
1
1
1
2
1
1
2
1
1
1
1
1
1
1
2
1
1
1
1
1
4
3
3
3
3
3
3
3
3
3
0 1 2
0 2 1
0 3 2
0 4 3
0 5 4
0 6 3
0 34 8
0 31 8
1 32 8
1 2 1
1 2 2
1 3 4
1 4 5
1 5 6
1 5 1
1 6 1
1 6 2
1 7 3
1 7 5
1 34 8
2 34 8
2 3 3
2 4 4
2 5 5
2 5 3
2 6 2
2 6 4
2 7 1
2 7 3
2 32 8
3 4 1
3 5 2
3 6 5
3 8 2
3 8 4
3 34 8
4 5 1
4 6 6
4 33 8
4 9 3
4 9 4
4 10 1
4 34 8
5 6 7
5 6 1
5 7 4
5 7 6
5 34 8
5 32 8
6 7 5
6 7 7
6 34 8
6 32 8
7 32 8
7 32 8
7 7 2
8 8 2
9 9 1
9 10 4
9 10 5
9 33 8
9 33 8
10 11 3
10 12 6
10 33 8
11 12 3
11 13 3
11 13 5
12 14 2
12 15 2
13 13 2
14 16 3
14 16 3
14 15 4
15 17 3
15 18 2
16 16 6
17 18 5
17 19 3
17 20 5
18 35 8
18 30 8
19 20 2
19 21 5
19 22 3
19 23 2
20 36 8
21 22 2
21 23 3
21 24 3
21 24 5
21 25 7
21 28 7
22 26 3
22 27 5
22 23 7
22 23 1
23 26 4
23 27 2
24 24 2
24 25 4
24 25 2
24 28 4
24 28 2
25 26 4
25 27 3
25 28 0
25 28 0
26 27 2
26 27 1
26 28 4
27 28 3
29 32 8
29 33 8
29 34 8
29 35 8
29 36 8
29 37 8
29 38 8
29 39 8
29 31 8
30 35 0
31 37 0
31 38 0
32 33 0
32 34 0
32 35 0
32 36 0
32 39 0
33 34 0
33 35 0
33 36 0
33 39 0
34 39 0
34 35 0
34 36 0
35 36 0
35 39 0
36 39 0
37 38 0
