36 88
1
1
1
1
1
1
1
1
1
1
1
1
1
1
1
1
1
1
1
1
1
1
4
3
3
3
3
3
3
3
3
3
3
3
3
3
0 1 3
0 23 8
1 2 2
1 3 4
2 3 2
2 3 2
2 4 3
3 4 5
4 5 3
4 6 6
5 24 8
5 6 3
6 8 5
6 7 3
7 8 2
7 9 4
7 10 6
8 11 2
8 12 5
9 10 2
9 10 2
9 11 4
10 11 2
11 12 3
12 13 2
12 14 4
12 15 3
13 14 2
13 14 1
13 15 5
13 15 3
14 15 7
14 15 2
16 32 8
16 34 8
16 35 8
16 22 8
16 23 8
16 24 8
16 25 8
16 26 8
16 27 8
16 28 8
16 29 8
16 31 8
17 33 8
17 18 2
17 19 6
17 30 8
18 19 4
18 20 6
18 21 3
19 34 8
20 32 8
20 21 3
21 35 8
22 34 0
22 25 0
22 26 0
22 27 0
22 28 0
22 31 0
23 32 0
23 35 0
23 24 0
23 29 0
24 32 0
24 35 0
24 29 0
25 34 0
25 26 0
25 27 0
25 28 0
25 31 0
26 34 0
26 27 0
26 28 0
26 31 0
27 34 0
27 28 0
27 31 0
28 34 0
28 31 0
29 32 0
29 35 0
30 33 0
31 34 0
32 35 0
