37 125
1
1
1
1
1
1
1
2
2
1
1
1
2
1
1
2
1
1
1
2
1
1
1
1
1
1
4
3
3
3
3
3
3
3
3
3
3
0 1 1
0 1 2
0 2 1
0 2 3
0 3 5
0 3 4
0 4 2
0 4 5
0 5 3
0 6 4
0 27 8
0 29 8
1 2 2
1 2 1
1 3 4
1 3 2
1 4 3
1 4 3
1 5 2
1 6 3
1 27 8
1 29 8
2 3 6
2 3 1
2 4 1
2 4 2
2 5 4
2 6 5
2 27 8
2 29 8
3 4 7
3 4 1
3 5 2
3 6 1
3 27 8
3 29 8
4 5 5
4 6 6
4 27 8
4 29 8
5 6 1
5 7 2
5 7 4
5 29 8
6 8 3
6 8 4
6 9 1
6 28 8
6 29 8
7 7 2
8 8 1
8 9 4
8 9 5
8 28 8
8 28 8
9 10 3
9 11 5
9 28 8
10 32 8
10 11 2
10 12 2
10 12 4
10 33 8
11 13 3
11 14 5
12 32 8
12 32 8
12 33 8
12 33 8
12 12 2
13 14 2
13 15 2
13 15 4
14 16 5
14 17 3
14 18 2
14 19 1
15 15 2
16 17 7
16 17 2
16 18 5
16 18 3
16 19 6
17 18 2
17 18 1
17 19 4
18 19 3
20 34 8
20 35 8
20 21 5
20 22 2
20 26 8
20 30 8
20 31 8
21 32 8
21 22 3
21 27 8
21 28 8
21 29 8
22 33 8
22 36 8
23 24 2
23 25 5
23 34 8
24 25 3
24 36 8
25 35 8
26 34 0
26 35 0
26 30 0
26 31 0
27 32 0
27 28 0
27 29 0
28 32 0
28 29 0
29 32 0
30 35 0
30 34 0
30 31 0
31 35 0
31 34 0
32 33 0
33 36 0
34 35 0
