33 111
1
1
1
1
1
1
1
1
1
1
1
1
1
1
1
2
2
2
1
1
4
3
3
3
3
3
3
3
3
3
3
3
3
0 1 2
0 2 6
0 21 8
1 2 4
1 4 6
1 5 4
1 6 3
2 3 3
3 8 4
3 20 8
3 7 2
4 9 2
4 10 3
4 5 7
4 5 2
4 6 5
4 6 3
5 9 5
5 10 4
5 6 2
5 6 1
6 9 3
6 10 2
7 8 2
7 8 2
7 11 3
7 20 8
8 11 5
8 20 8
9 10 6
9 10 1
9 12 2
10 12 4
11 13 2
11 14 4
12 22 8
13 25 8
13 14 2
14 15 1
14 15 3
14 16 4
14 16 5
14 17 6
14 17 1
14 27 8
15 16 3
15 16 4
15 16 1
15 16 2
15 17 5
15 17 2
15 17 3
15 17 4
15 27 8
15 27 8
15 15 2
16 16 1
16 17 2
16 17 5
16 17 1
16 17 6
16 27 8
16 27 8
17 17 7
17 27 8
17 27 8
18 32 8
18 21 8
18 22 8
18 23 8
18 24 8
18 25 8
18 26 8
18 27 8
18 28 8
18 29 8
18 30 8
18 31 8
19 32 8
19 31 8
21 32 0
21 22 0
21 25 0
21 26 0
21 27 0
21 30 0
22 32 0
22 25 0
22 26 0
22 27 0
22 30 0
23 24 0
23 28 0
23 29 0
23 31 0
24 31 0
24 28 0
24 29 0
25 32 0
25 26 0
25 27 0
25 30 0
26 32 0
26 27 0
26 30 0
27 32 0
27 30 0
28 31 0
28 29 0
29 31 0
30 32 0
