25 87
1
1
1
1
1
1
1
1
1
1
1
4
3
3
3
3
3
3
3
3
3
3
3
3
3
0 1 1
0 2 2
0 3 4
0 4 5
0 12 8
1 2 3
1 3 5
1 4 6
1 5 1
1 6 5
2 3 2
2 4 3
2 13 8
3 4 1
3 4 2
3 5 3
3 6 5
4 5 1
4 6 3
5 6 6
5 6 2
7 11 8
7 12 8
7 13 8
7 14 8
7 15 8
7 16 8
7 17 8
7 18 8
7 19 8
7 20 8
7 21 8
7 22 8
7 23 8
7 24 8
8 9 2
8 10 5
8 23 8
9 10 3
9 22 8
10 24 8
11 16 0
11 24 0
11 20 0
11 21 0
12 13 0
12 14 0
12 15 0
12 17 0
12 18 0
12 19 0
12 22 0
12 23 0
13 14 0
13 15 0
13 17 0
13 18 0
13 19 0
13 22 0
13 23 0
14 15 0
14 17 0
14 18 0
14 19 0
14 22 0
14 23 0
15 17 0
15 18 0
15 19 0
15 22 0
15 23 0
16 24 0
16 20 0
16 21 0
17 18 0
17 19 0
17 22 0
17 23 0
18 19 0
18 22 0
18 23 0
19 22 0
19 23 0
20 24 0
20 21 0
21 24 0
22 23 0
