29 66
1
1
1
1
1
1
1
1
1
1
1
1
1
1
1
1
1
4
3
3
3
3
3
3
3
3
3
3
3
0 1 2
0 2 6
0 18 8
1 2 4
1 3 6
1 4 3
2 5 3
2 6 5
3 19 8
3 4 3
4 8 4
4 9 5
4 7 2
5 24 8
5 6 2
6 17 8
6 23 8
7 8 1
7 8 2
7 9 5
7 9 3
8 9 6
8 9 1
10 11 5
10 12 2
10 18 8
10 19 8
10 20 8
10 21 8
10 23 8
10 24 8
10 27 8
10 28 8
11 12 3
11 20 8
11 21 8
11 22 8
11 25 8
12 20 8
12 26 8
12 21 8
13 27 8
13 14 2
13 15 6
14 26 8
14 15 4
15 16 3
16 28 8
17 23 0
18 19 0
18 23 0
18 24 0
18 27 0
18 28 0
19 23 0
19 24 0
19 27 0
19 28 0
20 21 0
22 25 0
23 24 0
23 27 0
23 28 0
24 27 0
24 28 0
27 28 0
