79 178
1
1
1
1
1
1
1
1
1
1
1
1
1
1
2
2
1
1
2
1
1
1
1
1
1
1
1
1
1
1
1
1
1
1
1
1
1
1
1
1
1
1
2
1
1
1
1
1
1
1
1
1
1
1
1
1
1
1
1
1
1
1
1
1
1
1
1
1
1
1
1
1
2
1
1
1
1
1
4
0 1 3
0 2 5
1 2 2
1 3 3
1 4 5
2 5 2
2 6 2
2 7 3
3 8 4
3 4 2
3 4 2
4 8 2
5 6 4
5 7 2
5 7 1
6 8 2
6 9 5
6 7 5
8 9 3
9 10 3
9 11 3
10 11 6
10 12 3
10 13 6
11 14 3
11 14 3
12 13 3
12 15 3
12 15 5
13 16 2
13 17 2
14 14 6
15 15 2
16 17 4
16 18 4
16 18 2
17 19 2
17 20 2
18 18 6
19 20 4
20 21 2
20 22 3
21 24 6
21 22 5
21 23 2
22 25 3
22 26 3
23 24 4
23 27 4
23 28 6
24 29 3
24 30 3
25 26 2
25 26 6
25 31 5
26 31 3
27 32 2
27 33 3
27 28 6
27 28 2
28 32 4
28 33 3
29 34 3
29 35 2
29 30 6
30 36 2
30 37 4
31 38 4
31 39 2
32 40 2
32 33 1
32 33 1
32 41 4
33 40 3
33 41 5
34 43 2
34 42 2
34 42 4
34 35 5
35 36 2
35 37 4
36 37 6
36 37 2
38 39 6
38 44 2
38 45 4
39 44 3
39 45 2
39 46 2
39 47 5
40 48 5
40 41 2
40 41 2
41 48 3
42 43 4
42 43 2
42 42 6
43 49 3
43 50 5
44 47 2
44 46 5
44 45 6
44 45 1
45 47 3
45 46 4
46 51 4
46 47 2
46 47 7
47 51 6
48 52 5
48 53 3
49 56 3
49 50 2
49 54 2
49 55 2
50 56 5
50 54 3
51 57 2
51 58 3
51 59 3
52 60 3
52 53 6
52 53 2
52 61 4
53 60 3
53 61 2
54 56 1
54 56 2
54 55 4
55 56 5
57 58 5
57 59 2
57 59 1
57 62 4
58 64 2
58 65 4
58 66 5
58 59 6
58 63 1
59 62 6
60 68 5
60 67 3
60 61 1
60 61 7
61 68 2
61 67 4
62 78 8
63 64 3
63 65 5
63 66 6
64 65 2
64 66 3
64 69 3
64 70 5
65 66 2
65 66 1
65 71 2
66 71 4
67 72 3
67 72 4
67 68 2
67 68 2
68 72 5
68 72 6
69 73 4
69 74 6
69 70 2
70 73 4
70 74 2
71 75 5
71 76 7
72 72 1
73 74 2
73 74 2
75 76 2
75 76 1
75 77 3
76 77 4
