74 171
1
1
1
2
1
1
1
1
1
2
1
1
1
1
1
1
1
1
1
1
1
1
1
1
1
2
1
1
2
1
1
1
1
1
1
1
1
1
1
1
1
1
1
1
1
1
1
1
1
1
1
1
1
1
1
1
1
2
2
1
1
1
1
1
1
1
1
1
1
1
1
1
2
4
0 1 3
0 2 6
1 2 3
2 3 3
2 4 6
3 4 2
3 4 3
3 5 2
4 5 4
5 8 3
5 6 2
5 7 2
6 8 2
6 8 1
6 7 4
7 8 5
7 9 3
7 9 5
7 10 7
7 11 7
9 9 2
9 10 4
9 10 2
9 11 4
9 11 2
10 11 0
10 11 0
10 12 3
11 12 3
12 13 3
12 14 5
13 14 2
13 14 2
13 15 5
14 15 3
15 16 3
15 18 5
16 17 4
16 18 2
17 19 5
17 20 2
18 21 2
18 22 3
19 24 2
19 20 3
19 23 4
21 25 3
21 25 5
21 22 5
22 26 2
22 27 2
23 24 2
25 25 2
26 32 2
26 27 4
26 28 3
26 28 5
26 29 2
27 30 4
27 31 6
28 32 5
28 32 7
28 28 2
28 29 5
28 29 7
29 32 0
29 32 0
29 33 4
30 34 3
30 31 2
30 31 2
31 34 5
32 33 4
33 35 2
33 36 4
34 37 2
34 38 3
34 39 5
35 36 6
36 40 2
36 41 4
37 38 1
37 38 2
37 39 3
37 39 3
38 39 2
38 39 1
40 41 6
41 42 3
41 43 3
42 43 6
43 44 2
43 45 2
43 46 3
44 45 4
44 46 1
44 46 2
45 48 3
45 46 5
45 47 2
47 48 5
47 49 2
47 50 6
48 73 8
49 50 4
50 51 2
50 52 3
51 52 5
51 53 3
51 54 5
51 55 6
53 56 2
53 57 4
53 57 6
53 54 2
53 55 3
54 55 2
54 55 1
56 57 2
56 57 4
56 58 5
56 59 1
57 57 2
58 59 1
58 59 4
58 60 3
59 60 4
60 61 5
60 62 2
61 64 2
61 65 2
61 66 5
61 62 3
61 63 4
63 64 2
63 65 6
63 66 1
63 67 4
63 68 3
63 69 2
63 70 5
64 65 4
64 66 3
65 66 7
65 66 1
65 69 2
65 71 3
65 72 1
65 72 5
66 69 1
66 71 2
66 72 2
66 72 4
67 68 2
67 68 1
67 69 6
67 70 2
67 70 1
67 71 1
68 69 5
68 70 4
68 70 2
68 71 3
69 70 7
69 71 1
69 72 3
69 72 3
70 71 1
71 72 4
71 72 2
72 72 6
