38 76
1
1
1
1
1
1
1
1
1
2
1
1
1
1
2
1
1
1
1
1
1
1
1
1
1
1
1
1
1
1
1
1
1
1
1
1
1
4
0 1 3
0 2 4
0 3 6
1 2 1
1 3 3
1 4 6
1 5 2
2 3 1
2 3 2
2 6 5
3 6 6
4 8 2
4 5 4
4 7 3
5 9 3
5 9 5
6 10 3
7 8 6
7 8 1
7 11 2
8 11 4
9 9 2
10 12 2
10 13 5
12 13 3
13 14 3
13 15 6
14 16 2
14 15 2
14 15 3
15 16 4
16 17 2
16 18 4
17 18 6
17 19 4
17 20 2
18 20 2
18 21 2
18 22 4
19 20 6
20 21 4
20 22 6
21 24 6
21 22 2
21 23 3
23 24 3
23 25 3
23 26 5
24 27 2
24 28 3
25 26 2
26 29 3
26 30 5
27 32 3
27 28 5
27 33 2
27 31 4
28 35 4
28 34 3
28 36 6
29 30 2
31 32 2
31 32 1
31 33 1
31 33 6
31 37 8
32 33 3
32 33 5
32 37 8
33 37 8
34 35 2
34 35 1
34 36 3
34 36 3
35 36 1
35 36 2
