33 73
1
1
1
1
1
1
1
1
1
2
1
1
1
1
1
1
1
1
1
1
4
3
3
3
3
3
3
3
3
3
3
3
3
0 1 4
0 2 2
0 21 8
1 2 2
1 22 8
2 3 2
2 4 4
2 5 3
3 4 2
3 5 5
3 6 3
3 7 4
3 8 6
4 9 4
4 9 2
4 5 1
4 5 7
5 9 3
5 9 3
6 8 3
6 8 3
6 7 2
6 7 1
7 8 1
7 8 2
9 9 6
10 27 8
10 11 3
10 12 5
11 12 2
11 13 2
11 14 4
12 20 8
12 23 8
12 24 8
12 25 8
12 26 8
13 28 8
13 14 2
14 31 8
14 32 8
14 29 8
15 16 2
15 17 4
15 30 8
15 21 8
15 22 8
16 17 2
16 31 8
17 18 4
17 19 6
18 32 8
18 19 2
19 28 8
19 29 8
20 24 0
20 25 0
20 26 0
20 23 0
21 30 0
21 22 0
22 30 0
23 24 0
23 25 0
23 26 0
24 25 0
24 26 0
25 26 0
27 30 0
28 29 0
29 32 0
29 31 0
31 32 0
