75 164
1
1
1
1
1
1
1
1
1
1
1
1
1
1
1
1
1
1
1
1
1
1
1
1
1
1
1
1
1
1
1
2
1
1
1
1
1
1
1
1
1
2
1
1
1
1
2
2
1
2
1
1
1
2
1
1
1
1
1
1
1
1
1
1
1
1
2
1
1
1
1
2
1
2
4
0 1 2
0 2 4
1 2 2
2 3 2
2 4 6
3 4 4
3 5 2
3 6 5
4 8 4
4 7 2
5 9 3
5 10 5
5 6 3
7 8 2
7 11 4
7 12 2
8 13 2
8 14 4
9 16 3
9 17 1
9 10 2
9 15 5
10 18 3
10 19 6
11 12 2
11 20 4
11 21 2
12 22 2
12 23 6
13 24 2
13 25 4
13 26 5
13 14 2
14 74 8
15 16 2
15 17 4
16 17 1
16 17 2
16 27 2
17 27 3
18 19 3
18 28 5
18 29 4
18 30 2
19 31 3
19 31 5
20 32 5
20 33 2
20 21 2
21 35 4
21 34 2
22 36 2
22 37 3
22 38 5
22 23 4
23 40 6
23 39 2
24 41 5
24 41 3
24 26 3
24 25 2
25 26 1
25 26 6
25 42 4
26 42 2
28 29 1
28 29 6
28 30 3
28 30 5
29 30 2
29 30 1
31 31 2
32 33 3
32 43 3
32 44 2
33 45 6
33 46 4
33 46 2
34 48 3
34 49 4
34 49 5
34 35 2
34 35 2
34 47 1
34 47 2
35 48 5
35 49 6
35 49 7
35 47 3
35 47 4
36 37 6
36 37 1
36 38 5
36 38 3
37 38 1
37 38 2
39 40 4
40 42 2
40 50 4
41 41 2
42 50 6
43 52 3
43 51 5
43 44 5
44 53 2
44 53 4
45 54 6
45 46 2
45 46 4
45 55 4
46 46 2
47 48 2
47 48 1
47 49 3
47 49 4
47 49 2
47 49 3
47 47 1
48 49 1
48 49 2
49 49 1
51 56 4
51 57 3
51 58 2
51 52 2
52 57 3
52 59 2
53 53 6
54 60 5
54 55 2
54 55 2
55 60 3
56 57 1
56 58 6
56 58 1
57 59 5
57 58 5
59 61 5
59 62 3
60 64 3
60 63 5
61 65 4
61 62 2
62 66 4
62 66 2
63 64 2
63 67 4
63 68 3
63 69 2
64 68 3
64 70 2
65 71 6
65 71 4
66 66 2
67 68 1
67 69 6
67 69 1
68 69 5
68 70 5
70 72 5
70 73 3
71 71 2
72 73 1
72 73 2
