42 78
1
1
1
1
1
1
1
1
1
1
1
1
1
1
1
1
1
1
2
1
1
1
1
2
1
1
1
1
1
1
1
1
1
1
1
2
2
1
1
1
2
4
0 1 2
0 2 5
1 2 3
1 3 2
1 4 5
2 5 2
2 6 3
3 8 4
3 4 3
3 7 6
4 9 2
4 10 4
5 11 2
5 12 4
5 6 5
6 41 8
7 8 2
9 10 2
10 13 2
10 14 4
11 12 2
12 16 5
12 15 2
13 14 2
14 17 2
14 18 5
14 18 6
15 16 3
16 19 3
16 20 5
17 18 3
17 18 4
18 18 1
19 20 2
19 21 2
19 22 4
20 23 3
20 23 3
21 24 3
21 25 4
21 22 2
21 22 2
22 24 5
22 25 6
23 23 6
24 25 1
24 26 1
24 27 3
24 28 5
25 26 2
25 28 3
25 29 3
26 27 4
26 28 1
26 28 6
26 29 5
27 28 2
27 30 3
28 29 6
29 32 3
29 31 3
30 33 3
30 34 6
31 32 6
32 35 3
32 35 3
33 34 3
33 36 4
33 36 2
34 37 2
34 38 4
35 35 6
36 36 2
37 40 4
37 40 2
37 38 6
38 39 3
40 40 6
