50 131
1
1
1
1
1
1
1
1
1
1
1
1
1
1
1
1
1
1
1
1
1
1
1
1
1
1
2
2
1
1
1
1
1
1
1
1
1
1
1
1
2
1
1
1
1
1
1
1
1
4
0 1 3
0 2 6
1 2 3
1 3 3
1 4 5
2 5 2
2 6 3
2 7 4
3 8 6
3 4 2
3 9 4
4 11 5
4 10 2
5 6 5
5 6 3
5 7 6
5 7 1
6 7 1
6 7 2
8 9 2
10 12 2
10 11 3
10 14 4
11 16 2
11 17 5
11 15 3
12 13 5
12 14 2
13 18 2
13 19 6
14 20 3
14 21 4
14 22 6
15 16 5
15 17 2
15 24 6
15 23 4
16 25 4
16 17 7
17 24 2
17 23 4
18 26 4
18 26 2
18 19 4
19 27 1
19 27 3
19 28 4
19 29 5
19 30 6
19 31 1
20 32 2
20 21 2
20 21 1
20 22 3
20 22 3
21 32 4
21 22 1
21 22 2
22 32 5
23 24 2
23 24 2
25 33 3
25 34 3
26 26 2
27 27 2
27 28 3
27 28 1
27 29 4
27 29 2
27 30 5
27 30 3
27 31 2
27 31 4
28 35 3
28 36 2
28 37 4
28 29 1
28 29 1
28 30 2
28 30 2
28 31 5
29 35 2
29 36 3
29 37 3
29 30 1
29 30 1
29 31 6
30 35 1
30 36 4
30 37 2
30 31 7
31 35 3
31 36 4
31 37 5
31 38 1
33 34 6
33 34 2
33 39 4
34 39 2
35 36 5
35 36 1
35 37 1
35 37 2
35 38 4
36 37 6
36 37 1
36 38 5
37 38 6
38 40 4
38 40 2
39 41 4
39 42 2
40 40 6
41 42 6
41 43 3
41 44 3
43 44 6
43 45 4
43 46 2
45 48 2
45 49 8
45 46 2
45 46 6
45 47 4
46 48 4
46 49 8
46 47 6
47 48 2
47 48 6
47 49 8
48 49 8
