56 121
1
1
1
1
1
1
1
1
1
1
1
1
1
1
1
2
1
1
1
1
1
1
1
1
1
1
1
1
1
1
1
2
1
1
1
2
1
1
1
1
1
1
1
1
1
1
1
2
1
1
1
2
1
1
2
4
0 1 2
0 2 5
1 2 3
1 3 6
1 4 3
2 5 2
2 6 4
3 4 3
4 8 4
4 7 6
5 9 3
5 10 5
5 6 2
6 12 2
6 13 3
6 14 3
7 8 2
8 16 1
8 15 5
9 17 2
9 18 4
9 10 2
10 11 1
11 19 4
11 20 2
11 21 5
12 14 2
12 14 1
12 13 5
13 14 6
13 22 2
13 23 1
13 24 2
13 25 4
15 16 1
15 16 4
15 26 3
16 26 4
17 18 2
17 27 5
17 28 3
18 29 2
18 30 4
19 20 2
19 21 1
19 21 1
19 31 2
19 31 4
20 32 6
20 33 4
20 34 3
20 21 3
21 31 3
21 31 3
22 24 4
22 25 6
22 55 8
22 23 3
23 24 1
23 25 3
23 35 3
23 35 5
24 25 2
24 25 2
26 36 2
26 37 4
26 38 5
27 28 2
28 40 4
28 41 6
28 39 3
29 43 2
29 42 5
29 30 2
30 44 3
30 45 6
31 31 6
32 33 7
32 33 2
32 34 5
32 34 3
33 34 2
33 34 1
35 35 2
36 37 1
36 37 2
36 38 5
36 38 3
37 38 6
37 38 1
39 40 2
39 40 1
39 41 3
39 41 3
39 46 3
40 41 1
40 41 2
40 46 5
41 46 6
42 43 3
42 46 4
43 47 3
43 47 5
44 45 3
45 48 2
45 49 2
45 50 3
47 47 2
48 49 4
48 50 1
48 50 2
49 50 5
49 51 3
49 52 6
51 52 2
51 52 3
51 53 2
52 53 4
53 54 3
53 54 3
54 54 6
