51 120
1
1
1
1
1
1
1
1
1
1
1
1
1
1
1
1
1
1
1
1
1
1
1
1
2
1
1
1
1
1
1
1
1
1
1
1
2
2
1
1
1
1
1
1
1
1
1
1
1
1
4
0 1 2
0 2 4
0 3 6
1 2 2
1 3 4
1 4 6
1 5 4
2 3 2
2 6 2
2 7 5
3 8 2
3 9 2
3 10 3
4 5 2
5 11 5
5 12 3
6 13 2
6 14 4
6 7 3
7 16 2
7 15 3
8 9 4
8 10 2
8 10 1
8 50 8
9 10 5
9 17 2
9 18 4
9 19 3
10 50 8
11 12 7
11 12 2
13 20 5
13 14 2
13 21 2
14 22 3
14 23 5
15 24 5
15 24 3
15 16 5
16 27 3
16 25 2
16 26 4
17 18 2
17 18 1
17 19 5
17 19 3
18 19 7
18 19 2
20 21 3
21 28 2
21 29 5
22 23 2
22 30 2
22 31 4
23 32 4
23 33 2
23 34 1
23 35 2
24 24 2
25 26 1
25 26 2
25 27 3
25 27 5
25 36 2
25 36 3
26 27 2
26 27 7
26 36 3
26 36 4
27 36 5
27 36 6
28 29 3
28 37 5
28 37 3
29 40 6
29 38 3
29 39 4
30 41 5
30 42 3
30 43 2
30 31 2
32 33 2
32 34 5
32 35 6
32 44 4
32 45 2
33 34 3
33 35 4
33 44 4
33 45 6
34 35 1
34 35 1
34 46 3
34 47 5
35 46 4
35 47 6
36 36 1
37 37 2
38 40 3
38 40 3
38 39 1
38 39 2
39 40 2
39 40 1
41 42 2
41 42 7
41 43 3
41 43 5
42 43 1
42 43 2
44 45 2
44 45 2
46 48 4
46 49 2
46 47 2
47 48 4
47 49 2
48 49 2
48 49 6
