43 96
1
1
1
2
1
1
2
1
1
2
1
1
2
1
1
1
1
1
1
1
1
1
2
1
1
1
1
1
2
1
1
1
1
1
2
1
1
2
1
1
1
1
4
0 1 2
0 2 6
1 2 4
1 3 4
1 3 2
2 4 3
2 5 6
3 3 2
4 5 3
4 6 3
4 6 5
5 8 2
5 7 2
6 6 2
7 8 4
7 9 4
7 9 2
8 10 3
8 11 6
9 9 6
10 11 3
10 12 3
10 12 5
11 13 2
11 14 3
12 12 2
13 16 6
13 14 5
13 15 3
14 18 3
14 19 2
14 20 2
14 21 3
15 16 3
15 22 3
15 22 5
16 17 4
17 24 5
17 25 6
17 23 2
18 19 1
18 19 2
18 20 5
18 21 6
19 20 4
19 21 5
20 42 8
20 21 1
20 21 2
21 42 8
22 22 2
23 24 3
23 26 5
23 27 3
23 25 4
24 25 2
24 25 1
26 27 2
26 28 6
26 28 4
27 29 2
27 30 5
27 31 6
28 28 2
29 32 4
29 33 2
29 30 3
29 31 4
30 31 1
30 31 2
32 33 2
32 34 5
32 34 3
33 35 2
33 36 3
33 37 5
33 37 6
34 34 2
35 36 1
35 36 1
35 37 3
35 37 4
35 38 2
36 37 2
36 37 3
36 38 3
37 37 1
38 40 3
38 41 2
38 39 5
39 40 2
39 40 2
39 41 3
39 41 5
40 41 1
40 41 7
