42 87
1
1
1
1
1
1
2
1
1
1
1
1
1
1
1
1
1
1
1
1
1
1
1
1
1
1
1
1
1
1
4
3
3
3
3
3
3
3
3
3
3
3
0 1 4
0 2 6
0 31 8
1 2 2
1 4 2
1 5 3
1 6 5
1 6 6
2 3 3
3 8 3
3 9 4
3 7 2
4 10 2
4 5 1
4 5 1
4 6 3
4 6 4
5 10 3
5 6 2
5 6 3
6 6 1
7 8 3
7 8 5
7 9 1
7 9 6
7 30 8
8 9 2
8 9 1
8 30 8
9 30 8
10 12 4
10 11 2
10 13 5
11 12 1
11 12 2
11 13 5
11 13 3
12 13 6
12 13 1
14 16 3
14 17 3
14 31 8
14 36 8
14 15 2
15 16 5
15 17 2
15 17 1
15 18 4
16 17 6
16 19 3
17 18 6
18 37 8
19 20 3
19 21 5
20 21 2
20 21 2
20 22 2
20 23 4
21 22 4
21 23 6
22 38 8
22 23 2
23 24 3
23 25 2
24 25 5
24 26 6
24 27 3
25 32 8
25 34 8
25 33 8
26 27 3
26 39 8
27 28 5
27 29 3
28 40 8
28 35 8
28 29 2
29 41 8
31 36 0
32 33 0
32 34 0
33 34 0
35 40 0
37 38 0
39 40 0
39 41 0
40 41 0
