37 61
1
1
1
1
1
1
1
1
1
1
1
1
1
1
1
1
1
1
1
1
1
1
1
1
1
1
1
1
1
1
1
1
2
2
2
1
4
0 1 3
0 3 5
1 2 3
1 3 2
2 4 2
2 5 5
3 36 8
4 5 3
4 6 2
4 7 4
6 7 2
7 8 2
7 9 4
8 9 2
9 10 2
9 11 4
10 11 2
11 12 4
11 13 6
12 13 2
12 14 2
12 15 5
14 16 5
14 17 3
14 15 3
16 17 2
16 18 4
16 19 2
17 18 4
17 19 6
17 20 1
18 19 2
18 19 2
18 20 3
19 20 5
20 21 4
21 22 2
21 23 5
22 23 3
23 24 2
23 25 3
24 25 5
24 26 3
24 27 3
26 27 6
26 28 4
26 29 6
28 29 2
28 30 3
28 31 6
29 32 2
29 32 4
30 33 3
30 33 5
30 31 3
31 34 3
31 35 5
32 32 6
33 33 2
34 35 2
34 35 3
