63 156
1
1
1
1
1
1
1
1
1
1
1
1
1
1
1
1
1
1
1
1
1
1
1
1
2
1
1
1
1
1
1
1
1
1
2
1
1
1
1
2
1
1
1
1
1
1
1
1
1
1
1
1
2
1
1
1
1
1
1
1
1
1
4
0 1 2
0 2 4
1 2 2
1 2 2
1 3 3
1 62 8
2 3 5
2 62 8
3 4 2
3 62 8
3 6 5
4 5 4
4 6 3
5 8 3
5 7 5
6 9 4
6 10 6
7 8 2
9 10 2
9 11 4
9 12 2
11 12 2
11 13 2
11 14 5
12 16 5
12 15 3
13 14 3
14 17 2
14 18 3
14 19 5
14 20 6
15 16 2
15 21 2
15 22 3
15 23 5
16 24 3
16 24 5
17 18 1
17 19 3
17 20 4
17 25 4
17 26 2
18 19 2
18 20 3
18 27 4
18 28 1
19 20 1
19 20 6
19 28 1
19 29 4
20 28 5
20 29 2
21 23 3
21 30 2
21 22 1
21 22 1
21 31 5
22 23 2
22 30 3
22 31 6
23 32 2
23 33 4
24 24 2
25 26 2
25 34 3
25 34 5
25 35 7
25 45 7
26 27 6
26 36 3
26 37 5
27 28 3
27 36 3
27 37 1
28 29 3
29 38 1
29 39 1
29 39 3
29 40 5
30 41 6
30 42 4
30 43 2
30 44 1
30 31 3
31 32 2
31 33 4
32 33 2
32 33 6
34 34 2
34 35 4
34 35 2
34 45 4
34 45 2
35 36 4
35 45 0
35 45 0
35 46 3
36 37 2
36 45 4
36 46 1
37 46 1
37 47 4
38 40 2
38 40 6
38 39 2
38 39 4
39 40 4
39 40 2
39 39 2
41 42 2
41 43 4
41 44 5
41 48 4
41 49 2
42 43 2
42 44 3
42 48 4
42 49 6
43 44 1
43 44 1
43 50 2
43 51 4
44 50 3
44 51 5
45 46 3
46 47 3
47 52 6
47 52 4
47 53 2
48 49 2
48 49 2
50 51 2
50 54 4
50 55 2
51 54 4
51 55 2
52 52 2
52 53 4
52 53 2
53 56 3
53 57 5
54 55 6
54 55 2
56 57 2
57 58 2
57 59 3
57 60 5
58 59 6
58 59 1
58 60 5
58 60 3
58 61 2
59 60 1
59 60 2
59 61 4
60 61 3
