34 72
1
1
1
2
1
1
1
1
1
1
1
1
1
1
1
1
2
1
1
1
1
2
1
2
1
2
2
2
1
1
1
1
2
4
0 1 2
0 2 5
1 2 3
1 3 4
1 3 2
2 4 2
2 5 6
3 3 2
4 5 4
5 6 3
5 7 2
6 8 2
6 9 6
6 7 5
7 10 3
7 11 2
7 12 5
8 9 4
8 14 2
8 13 5
9 16 5
9 15 3
10 17 4
10 18 6
10 11 5
10 12 2
11 20 2
11 19 3
11 12 7
11 12 1
12 19 2
12 20 3
13 21 5
13 21 3
13 14 3
14 22 2
14 23 4
14 23 6
15 24 3
15 25 5
15 25 6
15 16 2
16 26 3
16 26 5
17 19 4
17 18 2
17 18 2
18 19 2
19 20 5
20 27 2
20 27 4
20 33 8
21 21 2
22 28 5
22 29 2
22 23 2
22 23 4
23 23 2
24 25 2
24 25 3
25 25 1
26 26 2
27 33 8
27 33 8
27 27 6
28 29 3
29 30 3
29 31 6
30 31 3
31 32 3
31 32 5
32 32 2
