26 64
1
1
1
1
2
1
1
2
2
1
1
1
1
1
2
1
1
1
1
1
1
1
1
1
2
4
0 1 2
0 2 3
0 3 5
1 2 7
1 2 1
1 3 3
1 4 3
1 4 5
2 3 2
2 4 4
2 4 2
3 5 2
3 6 2
4 4 2
5 6 4
5 7 4
5 7 2
6 8 2
6 8 4
6 9 6
7 7 6
8 8 2
8 9 4
8 9 2
9 25 8
9 10 2
9 11 4
10 11 2
10 12 5
10 13 3
10 25 8
11 14 4
11 14 6
11 25 8
12 16 4
12 13 2
12 13 6
12 15 3
13 16 2
13 15 3
14 14 2
15 16 1
15 16 7
15 17 3
15 18 5
16 17 4
16 18 2
17 18 2
17 19 2
17 20 5
17 21 6
18 20 5
18 21 3
18 22 7
19 20 3
19 21 4
20 21 1
20 21 2
20 22 2
21 22 4
22 23 4
23 24 4
23 24 6
24 24 2
