54 102
1
1
1
1
2
1
1
1
1
1
1
1
1
1
1
1
1
1
1
1
1
1
1
1
1
1
1
1
1
1
1
2
1
1
1
1
1
1
1
1
1
1
1
1
1
1
1
1
2
2
1
1
1
4
0 1 3
0 2 6
1 2 3
1 4 4
1 5 2
2 3 4
3 6 4
3 7 2
4 8 3
4 5 5
4 5 2
5 8 2
6 9 4
6 10 6
6 7 6
7 53 8
8 12 4
8 11 2
9 10 2
9 13 4
9 14 2
11 12 2
12 16 4
12 15 2
13 18 4
13 19 2
13 14 2
13 17 5
14 20 3
14 21 6
15 16 2
16 22 2
17 18 1
17 18 6
17 19 3
17 19 5
18 19 2
18 19 1
20 24 5
20 21 3
20 23 3
21 25 3
21 26 6
23 24 2
23 27 4
23 28 6
24 29 4
24 30 6
25 26 3
25 31 3
25 31 5
26 32 2
26 33 6
27 36 2
27 34 4
27 35 2
27 28 2
28 29 2
28 30 3
29 30 1
29 30 2
31 31 2
32 33 4
33 37 2
33 38 3
34 35 2
34 36 6
34 39 6
34 40 3
34 41 2
35 40 3
35 41 5
35 36 4
37 42 3
37 43 6
37 38 5
39 40 3
39 41 4
40 41 2
40 41 1
42 43 3
42 44 5
42 45 3
44 45 2
44 46 4
44 47 2
45 48 2
45 48 4
46 49 4
46 49 2
46 47 2
47 52 5
47 50 4
47 51 2
48 48 2
49 49 6
50 51 2
50 51 1
50 52 1
50 52 2
51 52 3
51 52 3
