109 219
1
1
1
1
1
1
1
1
1
2
1
1
1
1
1
1
1
1
1
1
1
2
1
1
1
1
1
1
1
1
1
1
1
1
1
1
1
1
1
1
1
1
1
1
1
1
1
1
1
1
1
1
1
1
1
1
1
1
1
1
1
1
1
2
1
1
2
1
1
1
1
1
2
1
1
1
1
1
1
1
1
1
1
1
1
1
1
1
1
1
1
1
1
2
1
1
2
1
1
1
1
1
1
1
1
1
1
1
4
0 1 2
0 2 4
1 2 2
1 3 4
1 4 2
2 5 4
2 6 6
3 4 2
4 8 3
4 9 5
4 9 6
4 7 2
5 10 2
5 11 4
5 12 6
5 6 2
6 13 2
6 14 2
7 8 1
7 8 1
7 9 3
7 9 4
7 15 2
8 9 2
8 9 3
8 15 3
9 9 1
10 16 2
10 17 5
10 11 2
10 12 4
11 19 2
11 18 4
11 12 2
12 20 1
12 21 3
13 108 8
13 14 4
15 24 2
15 22 6
15 23 4
16 25 5
16 26 3
16 17 3
17 27 3
17 28 5
18 19 2
18 29 3
18 30 6
19 32 4
19 31 2
20 33 4
20 21 1
20 21 4
21 33 5
22 24 4
22 23 2
23 34 2
23 35 5
23 36 6
23 24 2
24 35 5
24 36 3
25 26 2
25 37 2
25 38 5
26 40 4
26 41 2
26 39 5
27 28 2
27 28 2
27 30 3
28 30 5
29 43 3
29 42 6
29 30 3
31 32 2
31 44 1
31 45 2
31 46 5
32 44 4
32 46 5
33 48 2
33 47 4
34 35 3
34 36 4
35 36 1
35 36 2
37 49 3
37 50 6
37 38 3
39 40 1
39 40 6
39 41 3
39 41 5
40 41 2
40 41 1
42 43 3
42 51 3
42 52 5
43 54 2
43 53 5
44 45 3
44 46 6
44 46 1
45 46 3
47 48 2
47 48 2
47 56 5
47 55 4
48 56 3
48 55 2
49 57 5
49 50 3
49 58 3
51 52 2
51 59 5
51 60 2
52 60 6
52 61 3
53 54 3
53 61 6
53 62 4
54 64 6
54 63 2
55 56 2
55 56 1
55 65 4
56 65 6
57 66 4
57 66 2
57 58 2
58 67 6
58 68 3
59 60 3
59 69 5
60 61 3
61 62 2
62 71 2
62 70 5
63 64 2
63 64 4
63 72 3
63 72 4
64 72 5
64 72 6
65 73 6
66 66 6
67 68 3
68 74 3
68 75 6
69 76 5
69 77 3
70 71 3
70 78 6
70 79 3
72 72 1
73 80 3
73 81 3
74 83 2
74 82 4
74 75 3
75 84 1
75 85 3
75 86 5
76 88 5
76 87 2
76 77 2
77 89 2
77 90 5
78 90 3
78 91 2
78 92 5
78 79 3
79 93 3
79 93 5
80 81 6
81 94 3
81 95 3
82 83 2
83 96 3
83 96 4
83 85 2
84 85 4
84 86 6
84 86 1
85 96 5
85 96 6
85 86 2
87 88 3
87 97 4
87 98 2
88 99 3
88 100 5
89 90 3
90 91 5
90 92 2
91 92 2
91 92 7
93 93 2
94 95 6
96 96 1
97 98 2
97 101 5
97 102 2
99 100 2
101 104 5
101 102 3
101 103 2
103 104 3
104 105 2
104 106 3
104 107 3
105 106 3
105 106 5
105 107 1
105 107 1
106 107 2
106 107 6
