50 99
1
1
1
1
1
1
1
1
1
1
1
2
1
1
1
1
1
1
2
1
1
2
1
1
1
1
1
1
1
1
1
1
2
1
1
1
2
1
2
1
1
1
1
1
1
1
1
1
2
4
0 1 4
0 2 6
1 2 2
1 3 4
1 4 2
2 5 2
2 6 2
2 7 3
3 8 3
3 4 2
3 4 2
4 8 5
5 49 8
5 6 4
5 7 2
5 7 1
6 9 3
6 10 5
6 7 5
7 49 8
8 11 3
8 11 5
8 12 7
9 10 2
9 12 4
10 13 3
10 14 6
11 11 2
11 12 4
11 12 2
13 16 6
13 14 3
13 15 2
14 17 3
14 18 5
15 16 4
15 19 5
15 20 2
16 21 2
16 21 4
17 18 2
17 18 5
17 22 3
18 22 2
19 24 2
19 25 5
19 23 4
19 20 3
20 27 6
20 26 3
21 21 2
22 28 3
22 29 6
23 24 1
23 24 2
23 25 2
23 25 1
24 25 3
24 25 3
26 27 3
26 30 3
26 31 5
27 32 4
27 33 6
28 34 2
28 36 4
28 36 6
28 29 3
30 37 5
30 38 3
30 31 2
31 35 6
31 39 2
32 40 4
32 33 2
32 33 2
32 41 1
33 40 2
33 41 3
34 36 2
34 36 4
34 35 5
35 39 4
36 36 2
37 42 6
37 38 4
37 38 2
38 42 2
40 41 5
42 43 6
42 44 4
43 44 2
43 45 2
43 46 5
45 46 3
46 47 2
47 48 5
47 48 3
48 48 2
