54 122
1
1
1
2
1
2
1
1
1
1
1
1
1
1
1
1
1
1
1
1
2
1
1
1
1
1
1
1
1
1
1
1
1
1
1
1
1
1
1
1
1
1
1
1
1
1
1
1
1
1
1
1
1
4
0 1 2
0 2 3
1 2 5
1 3 1
1 3 3
1 4 4
1 5 5
1 5 6
1 6 1
2 9 2
2 8 3
2 7 4
3 3 2
3 4 3
3 4 1
3 5 4
3 5 5
3 5 2
3 5 3
3 6 2
3 6 4
4 5 1
4 5 2
4 6 5
5 5 1
5 6 6
5 6 7
6 10 1
6 11 3
6 12 5
7 8 2
7 8 1
7 9 1
7 9 6
8 9 3
8 9 5
10 11 4
10 12 6
10 12 1
11 14 6
11 12 2
11 13 3
13 14 3
14 16 2
14 17 3
14 15 2
15 16 4
15 17 2
15 17 1
16 17 5
16 18 2
16 19 5
18 19 3
18 20 3
18 20 5
19 21 2
19 22 5
20 20 2
21 24 2
21 22 3
21 23 4
22 25 2
22 26 3
23 24 2
23 27 2
23 28 2
23 29 5
24 30 3
24 31 6
25 32 3
25 33 2
25 26 5
25 34 3
26 35 2
26 36 2
26 37 3
27 39 3
27 28 4
27 29 3
27 38 5
28 29 7
28 29 2
30 40 3
30 41 5
30 31 3
31 42 2
31 43 3
32 34 6
32 34 1
32 53 8
32 33 5
32 33 3
33 34 1
33 34 2
33 53 8
34 53 8
35 36 4
35 37 2
35 37 1
36 37 5
36 42 2
36 44 4
36 45 3
38 39 2
39 46 6
39 47 4
40 48 3
40 41 2
40 41 2
41 48 5
42 44 2
42 43 5
42 45 5
44 45 2
44 45 7
46 47 2
48 49 5
48 50 2
49 50 3
50 51 2
50 52 6
51 52 4
