35 76
1
1
1
2
1
1
1
1
1
1
1
1
1
1
1
2
2
1
1
1
1
1
1
1
1
2
1
2
1
1
1
1
1
1
4
0 1 3
0 2 5
1 2 2
1 3 5
1 4 1
2 5 4
2 6 6
3 4 1
3 4 4
3 7 3
4 7 4
5 8 3
5 6 2
5 6 2
6 8 5
7 9 2
7 10 5
8 11 2
8 12 3
8 13 4
9 10 3
9 15 6
9 14 3
10 16 3
10 16 5
11 17 5
11 18 2
11 12 3
11 12 5
11 13 1
11 13 6
12 17 2
12 18 5
12 13 2
12 13 1
13 17 4
13 18 3
14 19 3
14 15 6
14 15 3
15 19 3
16 16 2
17 34 8
17 18 7
17 18 1
18 34 8
19 20 3
19 21 5
20 21 2
20 21 2
20 22 3
21 22 5
22 24 5
22 23 2
23 24 3
23 25 4
23 25 2
24 26 4
24 27 6
25 25 2
26 27 5
26 27 2
26 28 3
27 28 2
28 29 3
28 30 6
29 30 3
30 32 4
30 33 3
30 31 2
31 32 1
31 32 2
31 33 3
31 33 5
32 33 2
32 33 7
