52 106
1
1
1
2
1
2
1
1
1
1
1
1
1
1
1
1
1
1
1
1
1
1
1
1
1
1
1
2
1
1
2
1
1
1
1
2
1
1
1
1
1
1
1
1
1
1
1
1
1
1
1
4
0 1 2
0 2 6
1 2 4
1 3 6
1 3 4
1 4 2
2 51 8
2 5 2
2 5 4
2 6 2
3 3 2
3 4 4
3 4 2
4 8 5
4 7 3
5 51 8
5 51 8
5 5 6
5 6 4
5 6 2
6 9 3
6 10 5
6 11 6
6 51 8
7 8 2
7 8 2
7 12 3
8 12 5
9 11 3
9 10 2
9 13 2
9 14 5
10 11 2
10 11 1
12 16 5
12 17 6
12 15 2
13 18 5
13 19 3
13 14 3
14 20 3
14 21 5
15 16 3
15 17 4
15 22 3
15 23 5
16 17 1
16 17 2
18 24 6
18 25 3
18 19 2
19 26 2
19 27 4
19 27 6
20 28 3
20 21 2
20 21 2
21 28 5
22 23 2
23 24 5
23 29 2
24 25 3
24 29 3
25 30 3
25 30 5
26 27 2
26 27 4
26 32 6
26 31 3
27 27 2
28 33 3
28 34 5
29 35 5
29 35 3
30 30 2
31 32 3
31 36 6
31 37 2
32 39 2
32 38 4
33 40 2
33 41 5
33 34 2
35 35 2
36 42 4
36 43 2
36 37 4
37 44 3
37 45 5
38 47 6
38 46 4
38 39 6
40 48 3
40 41 3
42 43 2
44 45 2
46 49 3
46 50 5
46 47 1
46 47 2
47 49 4
47 50 6
48 49 4
48 50 2
49 50 2
49 50 2
