62 181
1
1
1
2
1
1
1
1
1
1
1
1
1
1
1
2
1
1
1
2
1
1
1
1
1
1
1
1
1
1
1
1
1
1
1
1
1
1
1
1
1
1
1
1
1
1
1
1
1
1
1
1
1
1
1
1
1
1
1
1
1
4
0 1 2
0 2 5
1 2 3
1 3 5
1 4 1
2 5 3
2 6 5
2 7 6
3 8 3
3 4 1
3 4 4
4 8 4
5 9 3
5 6 2
5 7 3
6 10 2
6 7 2
6 7 1
7 10 4
8 11 2
8 12 5
9 14 5
9 13 3
10 15 4
10 15 2
11 16 5
11 17 3
11 18 1
11 12 3
12 19 3
12 19 5
13 20 5
13 14 2
13 14 2
14 20 3
15 15 6
16 17 2
16 18 4
17 18 2
17 18 1
17 21 2
17 22 3
18 21 3
18 22 4
19 19 2
20 24 3
20 25 3
20 23 2
21 22 1
21 26 1
21 27 3
21 28 4
21 29 5
21 30 6
21 31 7
22 32 4
22 33 5
22 34 6
22 26 2
22 31 3
23 24 5
23 25 1
23 25 1
23 35 2
23 36 3
24 25 6
24 37 3
24 36 2
25 36 2
25 35 3
26 32 2
26 33 3
26 34 4
26 27 2
26 28 3
26 29 4
26 30 5
26 31 1
26 31 6
27 32 2
27 38 2
27 39 4
27 40 5
27 28 1
27 29 1
27 29 2
27 30 3
27 31 4
28 38 7
28 41 2
28 42 3
28 43 5
28 29 1
28 30 2
28 31 3
29 32 1
29 38 3
29 39 5
29 40 6
29 30 1
29 31 2
30 33 1
30 34 5
30 39 3
30 40 1
30 31 1
31 32 1
31 33 2
31 34 3
32 33 1
32 34 2
32 38 4
32 39 6
32 40 7
33 34 1
33 34 6
33 39 4
33 40 2
34 39 2
34 40 4
35 36 5
36 37 5
37 44 3
37 45 3
38 39 2
38 40 3
38 41 5
38 42 4
38 43 2
39 40 2
39 40 1
41 42 6
41 42 1
41 43 5
41 43 3
41 46 2
42 43 1
42 43 2
42 46 4
43 46 3
44 61 8
44 45 2
44 45 6
44 47 3
45 61 8
45 47 5
47 48 4
47 61 8
48 49 3
48 50 4
48 51 6
49 50 2
49 50 1
49 51 3
49 51 3
49 52 3
50 51 1
50 51 2
50 52 5
51 52 6
52 53 6
52 54 2
53 56 2
53 57 5
53 54 4
53 55 4
54 58 2
54 59 3
54 60 5
55 56 2
55 56 1
55 57 1
55 57 2
56 57 3
56 57 3
58 59 1
58 59 6
58 60 3
58 60 5
59 60 2
59 60 1
