46 77
1
1
1
1
1
1
2
1
1
1
1
1
1
1
2
1
1
1
1
1
1
1
1
1
1
1
1
1
1
1
1
1
1
1
1
1
1
1
1
1
2
1
1
1
1
4
0 1 2
0 2 4
1 2 2
2 3 2
2 4 6
3 4 4
3 5 4
3 6 2
4 8 5
4 7 3
5 9 4
5 10 2
5 6 2
6 11 2
6 7 2
7 8 2
7 11 4
8 45 8
9 10 2
9 12 6
9 13 4
10 20 7
10 14 3
10 14 5
10 15 7
11 16 2
11 17 6
12 13 2
13 18 6
13 19 4
14 20 4
14 20 2
14 14 2
14 15 4
14 15 2
15 20 0
15 20 0
15 21 4
16 17 4
16 22 5
16 23 2
17 24 3
17 25 5
18 19 2
19 26 6
19 27 3
20 21 4
21 28 2
22 29 6
22 30 4
22 23 3
23 32 4
23 31 2
24 33 2
24 25 2
26 27 3
26 34 4
26 35 2
29 30 2
29 36 6
29 37 4
31 32 2
32 38 2
32 39 4
33 40 4
33 40 2
34 35 2
36 37 2
36 37 2
38 39 2
39 41 2
39 42 4
40 40 2
41 42 2
42 43 3
42 44 5
43 44 2
