32 63
1
1
1
1
2
1
1
2
1
1
1
1
1
1
1
1
1
2
1
1
1
1
1
1
1
2
1
2
1
2
2
4
0 1 2
0 2 3
0 3 5
1 2 1
1 2 7
1 3 3
1 4 3
1 4 5
2 3 2
2 4 4
2 4 2
3 5 2
3 6 2
4 4 2
5 6 4
5 7 4
5 7 2
6 8 3
6 9 5
7 7 6
8 9 2
8 10 3
9 11 2
9 12 4
10 13 6
10 14 3
11 16 6
11 12 2
11 15 3
12 31 8
13 17 4
13 17 2
13 14 3
15 16 3
15 19 2
15 18 4
16 20 2
16 21 4
17 17 6
18 19 2
18 22 6
18 23 4
19 24 2
19 25 5
19 25 6
20 26 3
20 27 5
20 27 6
20 21 2
22 28 4
22 29 2
22 23 2
24 25 3
24 25 4
24 30 4
24 30 2
25 25 1
26 27 2
26 27 3
27 27 1
28 29 4
28 29 2
30 30 2
