109 252
1
1
1
2
1
1
1
1
1
1
1
1
1
1
1
1
1
1
2
1
1
1
1
1
1
1
1
1
1
1
1
1
1
1
1
1
1
1
1
1
1
1
1
1
1
1
1
1
1
1
2
1
1
1
1
1
1
1
1
1
1
1
1
2
1
1
1
1
1
2
1
1
1
2
1
1
1
1
1
1
1
1
1
2
1
1
1
1
1
1
1
4
3
3
3
3
3
3
3
3
3
3
3
3
3
3
3
3
3
0 1 2
0 2 4
0 92 8
1 91 8
1 2 6
1 3 3
2 4 1
2 5 3
2 6 5
3 91 8
3 7 2
4 5 4
4 6 1
4 6 6
5 6 2
5 8 2
5 9 4
5 10 5
7 11 3
7 12 5
8 9 1
8 9 2
8 10 5
8 10 3
8 13 3
9 10 6
9 10 1
9 13 4
10 13 2
11 98 8
11 99 8
11 100 8
11 12 2
11 12 2
11 14 3
12 98 8
12 99 8
12 100 8
12 14 5
13 95 8
14 98 8
14 99 8
14 100 8
14 15 3
15 16 3
15 17 5
16 17 2
16 18 3
16 18 5
17 19 3
17 20 5
18 18 2
19 20 2
19 21 2
19 22 2
19 23 3
20 21 3
20 23 5
21 22 4
21 23 2
21 23 1
22 97 8
22 104 8
22 105 8
22 106 8
22 107 8
22 108 8
22 23 5
24 25 2
24 26 6
24 98 8
25 26 4
25 27 5
25 28 2
26 29 2
26 30 3
27 28 3
27 100 8
28 101 8
29 32 4
29 30 5
29 31 2
30 99 8
30 92 8
31 32 2
31 102 8
32 103 8
33 104 8
33 34 2
33 35 6
33 101 8
33 102 8
34 35 4
34 37 6
34 38 4
34 39 3
35 36 4
36 40 3
36 41 3
37 38 7
37 38 2
37 39 5
37 39 3
38 39 2
38 39 1
40 41 6
40 42 3
40 43 2
41 44 2
41 45 4
42 43 5
42 46 4
42 47 2
43 44 2
43 45 4
44 45 6
44 45 2
46 48 2
46 49 4
46 47 6
47 105 8
48 49 2
48 50 4
48 50 2
49 51 3
49 52 3
50 50 2
51 52 6
51 52 2
51 53 3
52 53 5
53 54 2
53 55 3
54 56 2
54 57 2
54 55 5
55 58 2
55 59 3
56 57 4
56 97 8
57 59 3
57 60 2
58 59 5
58 61 3
58 62 6
59 60 5
60 96 8
60 106 8
60 93 8
60 94 8
60 95 8
61 64 2
61 62 3
61 63 6
61 63 4
62 103 8
63 64 4
63 64 2
63 63 2
64 65 5
64 66 3
65 66 2
65 67 3
65 68 2
66 69 3
66 69 5
67 68 1
67 68 6
67 70 2
68 70 4
69 69 2
70 72 2
70 71 4
71 72 2
71 73 4
71 73 2
72 74 5
72 75 3
72 76 2
73 73 6
74 75 2
74 76 3
74 77 5
75 76 2
75 76 1
75 78 2
76 78 4
77 80 2
77 79 5
78 108 8
79 80 3
79 81 4
79 82 2
80 83 3
80 83 5
81 82 2
81 84 5
81 85 3
82 107 8
83 83 2
84 85 2
84 85 2
84 86 2
84 87 5
85 86 4
85 87 3
86 87 1
86 87 7
86 88 4
86 89 3
86 90 2
87 88 3
87 89 2
87 90 3
88 89 1
88 89 2
88 90 6
88 90 1
89 90 5
89 90 3
92 99 0
93 96 0
93 106 0
93 94 0
93 95 0
94 96 0
94 106 0
94 95 0
95 96 0
95 106 0
96 106 0
97 104 0
97 105 0
97 106 0
97 107 0
97 108 0
98 99 0
98 100 0
99 100 0
101 104 0
101 102 0
102 104 0
104 105 0
104 106 0
104 107 0
104 108 0
105 106 0
105 107 0
105 108 0
106 107 0
106 108 0
107 108 0
