28 80
1
1
1
1
1
1
1
1
1
1
2
1
1
2
1
1
4
3
3
3
3
3
3
3
3
3
3
3
0 1 2
0 2 4
0 17 8
1 2 2
1 18 8
2 3 3
2 4 2
3 4 5
4 16 8
5 6 3
5 7 6
5 17 8
5 18 8
5 19 8
5 20 8
5 21 8
5 22 8
5 23 8
5 24 8
5 25 8
6 10 5
6 11 2
6 7 3
7 8 3
8 9 3
9 26 8
9 12 6
9 13 4
9 13 2
10 11 6
10 11 3
10 14 4
11 14 2
12 26 8
12 13 2
12 13 4
12 14 5
12 15 3
13 26 8
13 26 8
13 13 2
14 15 2
15 27 8
17 18 0
17 19 0
17 20 0
17 21 0
17 22 0
17 23 0
17 24 0
17 25 0
18 19 0
18 20 0
18 21 0
18 22 0
18 23 0
18 24 0
18 25 0
19 20 0
19 21 0
19 22 0
19 23 0
19 24 0
19 25 0
20 21 0
20 22 0
20 23 0
20 24 0
20 25 0
21 22 0
21 23 0
21 24 0
21 25 0
22 23 0
22 24 0
22 25 0
23 24 0
23 25 0
24 25 0
24 27 0
