85 218
1
1
1
1
1
1
1
1
1
1
1
1
1
1
1
1
1
1
1
1
1
1
1
1
1
1
1
1
1
2
1
1
1
1
1
1
1
1
1
1
1
1
1
1
1
1
1
2
1
1
1
1
1
1
1
1
1
1
1
4
3
3
3
3
3
3
3
3
3
3
3
3
3
3
3
3
3
3
3
3
3
3
3
3
3
0 1 3
0 2 6
0 59 8
0 60 8
1 64 8
1 2 3
1 67 8
1 68 8
1 69 8
1 70 8
1 71 8
1 72 8
1 66 8
1 62 8
1 63 8
2 61 8
3 60 8
3 4 3
3 5 6
3 62 8
3 61 8
4 5 3
4 6 5
4 7 3
5 8 3
5 9 5
6 63 8
6 7 2
7 10 4
7 11 2
8 9 2
8 66 8
9 13 2
9 14 3
10 65 8
10 75 8
10 11 2
10 76 8
11 12 5
12 16 6
12 15 3
13 18 6
13 14 5
13 17 2
14 64 8
15 16 3
15 73 8
16 20 6
16 19 3
17 18 4
17 67 8
18 22 2
18 21 3
19 80 8
19 74 8
19 78 8
19 79 8
19 20 3
20 24 3
20 25 3
20 23 2
21 27 5
21 28 7
21 26 3
21 22 5
22 68 8
23 24 3
23 24 5
23 25 1
23 25 1
23 29 2
23 29 4
24 25 2
24 25 6
24 29 5
24 29 1
25 29 3
25 29 3
26 27 2
26 28 4
26 70 8
27 28 2
27 28 1
27 30 3
28 30 4
29 29 6
30 32 3
30 31 2
31 32 5
31 69 8
32 71 8
33 65 8
33 34 2
33 35 4
34 35 2
34 37 5
34 38 2
35 36 3
36 77 8
36 81 8
36 82 8
36 83 8
36 84 8
37 75 8
37 38 3
38 76 8
39 40 2
39 41 5
39 74 8
39 73 8
40 41 3
40 78 8
41 42 2
41 43 4
42 43 2
42 44 3
42 45 6
43 47 4
43 47 2
44 48 5
44 49 2
44 45 3
45 46 4
46 50 4
46 51 2
46 77 8
47 47 6
48 49 3
48 79 8
49 52 3
49 53 5
50 51 2
50 77 8
50 54 5
50 55 2
51 84 8
51 77 8
52 80 8
52 53 2
53 56 2
53 54 6
54 56 4
54 55 3
55 83 8
56 57 4
56 58 2
57 81 8
57 58 2
58 82 8
59 60 0
60 61 0
60 62 0
61 62 0
62 64 0
62 66 0
62 68 0
62 69 0
62 70 0
62 71 0
62 72 0
62 67 0
62 63 0
63 64 0
63 66 0
63 67 0
63 68 0
63 69 0
63 71 0
63 72 0
63 70 0
64 66 0
64 67 0
64 68 0
64 69 0
64 70 0
64 71 0
64 72 0
65 75 0
65 76 0
66 67 0
66 68 0
66 69 0
66 70 0
66 71 0
66 72 0
67 68 0
67 69 0
67 70 0
67 71 0
67 72 0
68 69 0
68 70 0
68 71 0
68 72 0
69 70 0
69 71 0
69 72 0
70 71 0
70 72 0
71 72 0
73 74 0
74 78 0
74 79 0
74 80 0
75 76 0
77 81 0
77 82 0
77 83 0
77 84 0
78 80 0
78 79 0
79 80 0
81 82 0
81 83 0
81 84 0
82 83 0
82 84 0
83 84 0
