79 163
1
1
1
1
1
1
1
2
1
1
1
1
1
1
1
1
1
1
1
1
1
1
1
1
1
1
1
1
1
1
1
1
1
1
1
1
2
1
1
1
1
1
1
1
1
2
1
1
1
2
1
1
1
1
2
1
1
1
4
3
3
3
3
3
3
3
3
3
3
3
3
3
3
3
3
3
3
3
3
0 1 2
0 2 6
0 59 8
1 2 4
1 61 8
2 3 2
2 4 3
3 4 5
3 5 3
3 6 5
4 60 8
5 62 8
5 6 2
6 8 6
6 7 3
7 8 2
7 8 3
7 9 2
8 9 4
9 10 3
9 11 5
10 11 2
10 12 2
10 13 2
10 14 3
11 12 3
11 14 5
12 13 4
12 14 1
12 14 2
13 75 8
13 78 8
13 14 5
13 63 8
15 16 3
15 17 6
15 58 8
15 69 8
16 17 3
16 18 3
16 19 5
17 20 2
17 21 4
18 19 6
18 19 2
18 22 2
19 22 4
20 72 8
20 21 2
21 24 4
21 25 5
21 23 2
22 27 4
22 28 2
22 26 6
23 24 1
23 24 2
23 25 5
23 25 3
24 25 6
24 25 1
26 27 2
26 28 4
26 70 8
27 28 2
27 71 8
28 30 6
28 29 4
29 32 5
29 33 7
29 30 2
29 31 3
30 32 3
30 33 4
31 32 2
31 33 4
31 34 6
31 35 3
32 33 1
32 33 2
34 73 8
34 35 3
35 36 4
35 36 2
36 36 2
37 38 3
37 39 5
37 59 8
37 60 8
37 61 8
37 62 8
37 63 8
38 40 3
38 39 2
38 39 2
39 40 5
40 41 2
40 42 6
41 42 4
41 43 5
41 44 2
42 45 2
42 45 4
43 75 8
43 44 3
44 46 3
44 47 6
45 45 2
46 78 8
46 47 3
47 48 2
47 49 4
48 49 2
48 49 5
48 50 3
49 50 2
50 51 3
50 52 5
51 52 2
51 54 2
51 54 4
52 53 1
53 56 3
53 57 2
53 55 4
54 54 2
55 56 1
55 56 2
55 57 6
55 57 1
56 57 5
56 57 3
58 69 0
59 60 0
59 61 0
59 62 0
59 63 0
60 61 0
60 62 0
60 63 0
61 62 0
61 63 0
62 63 0
63 75 0
63 78 0
64 65 0
64 66 0
64 67 0
64 68 0
64 69 0
64 72 0
65 66 0
65 67 0
65 68 0
66 67 0
66 68 0
67 68 0
69 72 0
70 73 0
70 71 0
71 73 0
75 78 0
76 77 0
