40 88
1
1
1
1
1
1
1
1
1
1
1
1
1
1
1
1
1
1
1
1
1
2
1
1
2
4
3
3
3
3
3
3
3
3
3
3
3
3
3
3
0 1 2
0 2 4
0 26 8
1 2 2
1 29 8
2 3 4
2 4 6
3 4 2
3 5 2
3 6 5
4 28 8
5 6 3
5 38 8
5 39 8
5 30 8
5 37 8
6 7 6
7 8 2
7 9 4
8 9 6
8 10 3
8 11 2
9 32 8
9 35 8
10 27 8
10 11 5
11 25 8
11 31 8
12 33 8
12 36 8
12 13 2
12 14 6
13 36 8
13 34 8
13 14 4
14 16 5
14 36 8
14 15 3
15 16 2
15 35 8
16 32 8
16 31 8
17 33 8
17 18 3
17 19 5
17 36 8
17 34 8
18 19 2
18 20 2
18 21 5
18 21 6
19 22 3
19 23 2
20 24 5
20 24 3
20 21 3
20 21 4
21 21 1
22 37 8
22 23 5
23 26 8
23 27 8
23 28 8
23 29 8
23 30 8
24 24 2
25 31 0
26 27 0
26 28 0
26 29 0
26 30 0
27 28 0
27 29 0
27 30 0
28 29 0
28 30 0
29 30 0
30 38 0
30 39 0
30 37 0
31 32 0
32 35 0
33 36 0
33 34 0
34 36 0
37 38 0
37 39 0
38 39 0
