72 178
1
1
1
1
1
2
1
1
2
1
1
1
1
1
1
1
1
1
1
1
2
1
1
2
1
2
1
1
1
1
1
1
1
1
1
2
2
1
1
2
1
1
1
4
3
3
3
3
3
3
3
3
3
3
3
3
3
3
3
3
3
3
3
3
3
3
3
3
3
3
3
3
0 1 3
0 2 5
0 44 8
1 2 2
1 3 3
1 4 2
2 45 8
3 4 5
3 5 3
3 5 5
3 6 7
3 7 7
4 46 8
5 5 2
5 6 4
5 6 2
5 7 4
5 7 2
6 8 3
6 8 4
6 7 0
6 7 0
7 8 3
7 8 4
8 8 1
9 59 8
9 10 2
9 11 5
10 11 3
10 12 6
10 13 2
11 14 3
11 15 3
12 16 4
12 17 2
12 13 4
13 45 8
13 46 8
13 18 2
13 19 4
14 61 8
14 15 6
15 43 8
15 20 2
15 20 4
16 17 2
16 17 2
16 21 5
16 44 8
17 44 8
17 21 3
18 45 8
18 46 8
18 47 8
18 48 8
18 49 8
18 19 5
18 19 2
18 22 3
19 45 8
19 46 8
19 47 8
19 48 8
19 49 8
19 22 2
20 43 8
20 43 8
20 20 6
21 44 8
21 60 8
22 50 8
22 47 8
22 48 8
22 49 8
22 23 2
22 24 6
23 24 2
23 24 4
23 25 3
23 25 4
23 50 8
24 25 5
24 25 6
24 50 8
25 25 1
26 27 2
26 28 5
26 53 8
27 28 3
27 29 5
27 30 2
28 34 6
28 31 3
29 35 4
29 35 2
29 52 8
29 30 3
30 36 3
30 36 5
31 32 3
31 34 3
32 33 5
33 37 5
33 38 3
34 39 2
34 39 4
34 56 8
34 57 8
34 58 8
35 35 2
35 52 8
35 52 8
36 36 2
37 40 6
37 41 4
37 42 3
37 38 2
38 71 8
39 56 8
39 56 8
39 57 8
39 57 8
39 58 8
39 58 8
39 39 2
40 41 2
40 41 7
40 42 3
40 42 5
41 42 1
41 42 2
45 46 0
47 48 0
47 49 0
48 49 0
51 69 0
54 55 0
56 57 0
56 58 0
57 58 0
59 64 0
59 65 0
59 66 0
59 67 0
59 60 0
59 61 0
59 62 0
59 63 0
60 64 0
60 65 0
60 66 0
60 67 0
60 61 0
60 62 0
60 63 0
61 64 0
61 65 0
61 66 0
61 67 0
61 62 0
61 63 0
62 64 0
62 65 0
62 66 0
62 67 0
62 63 0
63 64 0
63 65 0
63 66 0
63 67 0
64 65 0
64 66 0
64 67 0
65 66 0
65 67 0
66 67 0
68 69 0
70 71 0
