39 111
1
1
1
1
1
1
1
1
1
1
1
1
1
1
1
1
1
1
1
1
2
1
1
1
1
1
2
1
1
1
1
2
1
1
1
1
1
1
4
0 1 2
0 2 4
0 38 8
1 2 2
2 3 2
2 4 4
3 4 2
4 5 2
4 6 4
5 6 2
6 8 5
6 7 2
7 8 3
8 9 4
8 10 6
9 10 2
10 11 3
10 12 3
11 12 6
11 12 2
11 13 3
12 13 5
13 14 3
13 15 5
14 16 3
14 17 5
14 18 2
14 15 2
15 17 3
15 18 2
15 19 5
16 17 2
16 18 5
16 20 3
16 20 5
16 21 7
16 22 7
17 18 7
17 18 1
17 19 2
18 19 3
20 20 2
20 21 4
20 21 2
20 22 4
20 22 2
21 22 0
21 22 0
21 23 3
22 23 3
23 24 2
23 25 4
24 25 2
24 26 1
24 27 4
24 28 5
24 29 6
24 30 1
25 31 3
25 31 3
26 32 2
26 33 4
26 34 3
26 27 3
26 27 2
26 28 4
26 29 5
26 30 2
27 32 4
27 33 6
27 34 1
27 28 1
27 29 2
27 30 5
28 32 2
28 33 1
28 35 1
28 36 4
28 37 2
28 29 1
28 30 6
29 34 1
29 35 2
29 36 3
29 37 4
29 30 7
29 30 2
30 34 3
30 35 4
30 36 5
30 37 6
31 31 6
32 33 1
32 33 2
32 34 5
32 35 3
32 36 2
32 37 4
33 34 7
33 35 2
33 36 3
33 37 3
34 35 1
34 36 2
34 37 3
35 36 5
35 36 1
35 37 1
35 37 2
36 37 6
36 37 1
