39 91
1
1
1
1
1
1
1
1
1
1
1
1
1
1
2
1
1
1
1
1
1
1
1
1
1
1
1
2
1
1
2
1
1
1
1
1
1
1
4
0 1 2
0 3 5
1 2 5
1 3 3
2 4 3
2 5 2
2 6 5
3 8 3
3 9 4
3 7 2
4 5 6
4 5 1
4 6 2
5 6 3
6 10 3
6 11 2
6 12 5
7 8 5
7 8 3
7 9 6
7 9 1
7 13 5
8 9 1
8 9 2
8 13 2
9 13 4
10 11 1
10 11 6
10 12 2
11 12 3
12 14 3
12 15 5
13 16 2
13 17 3
14 18 2
14 15 2
14 15 3
15 18 5
16 17 5
17 19 2
17 20 2
18 21 4
18 22 2
18 23 5
19 38 8
19 20 4
19 24 6
19 25 4
19 26 3
20 27 5
20 28 2
21 22 1
21 22 2
21 23 2
21 23 1
22 23 3
22 23 3
24 25 7
24 25 2
24 26 5
24 26 3
24 38 8
25 26 2
25 26 1
25 38 8
26 38 8
27 28 2
27 28 3
27 29 2
28 29 4
29 30 6
29 30 4
29 31 2
30 30 2
30 31 4
30 31 2
31 32 6
31 33 4
31 34 2
32 33 2
32 34 4
33 34 2
33 35 2
33 36 5
33 37 6
34 36 5
34 37 3
35 36 3
35 37 4
36 37 1
36 37 2
