90 217
1
1
1
1
2
1
1
1
1
1
1
1
1
1
1
1
1
1
1
1
1
1
1
1
1
1
1
1
1
1
1
1
1
1
1
1
1
2
1
1
1
1
1
1
1
1
1
1
1
1
1
1
1
1
1
1
2
1
1
1
1
1
1
1
2
1
2
1
1
2
2
1
1
1
1
1
1
1
2
1
2
1
1
1
1
1
2
2
2
4
0 1 2
0 2 6
1 2 4
1 3 3
1 4 6
2 5 3
2 6 2
3 8 3
3 4 3
3 7 5
4 9 5
4 10 3
4 11 1
5 12 2
5 13 4
5 6 5
6 14 4
6 15 2
7 8 6
7 8 2
7 16 3
7 17 4
8 16 3
8 17 2
9 16 2
9 17 4
9 10 2
9 11 4
10 18 2
10 11 2
10 11 1
11 18 3
12 13 2
13 20 4
13 19 2
13 21 6
14 15 6
14 22 3
14 23 5
15 89 8
16 17 1
16 17 2
18 24 2
18 25 6
19 26 6
19 27 2
19 20 2
19 21 4
20 29 4
20 28 2
20 21 2
21 30 2
21 31 3
22 32 2
22 33 2
22 34 3
22 23 2
23 32 3
23 34 5
24 25 4
24 35 4
24 36 2
25 37 2
25 37 4
26 27 4
26 38 4
26 39 2
27 40 2
27 41 4
28 29 2
29 42 2
29 43 6
30 45 2
30 44 4
30 31 5
31 48 6
31 46 3
31 47 5
32 33 4
32 34 2
32 34 1
33 34 5
35 36 2
36 49 3
36 38 5
37 37 2
38 49 2
38 39 6
40 41 2
41 51 4
41 50 2
41 52 6
42 43 4
42 54 3
42 53 5
43 56 3
43 55 3
44 57 6
44 58 4
44 59 3
44 45 2
46 47 2
46 48 3
46 63 6
46 60 2
46 61 3
46 62 5
47 48 2
47 48 1
50 51 2
50 52 4
51 64 3
51 64 5
51 65 7
51 74 7
51 52 2
52 66 2
52 66 4
53 67 6
53 68 3
53 54 2
54 69 3
54 69 5
55 56 6
55 70 3
55 71 5
56 72 6
56 71 3
57 58 2
57 58 7
57 59 3
57 59 5
58 59 1
58 59 2
60 62 3
60 61 1
60 61 6
60 63 4
61 62 2
61 63 3
62 73 3
62 63 1
62 63 6
63 73 3
64 64 2
64 65 4
64 65 2
64 74 4
64 74 2
65 75 4
65 74 0
65 74 0
66 66 6
67 76 2
67 68 3
67 77 2
68 78 3
68 78 5
69 69 2
70 72 2
70 79 3
70 71 2
71 72 3
72 79 5
73 79 3
74 75 4
75 80 1
75 80 3
75 81 4
75 82 5
75 83 6
75 84 1
76 77 4
76 82 2
76 83 4
76 84 6
76 85 1
77 86 2
77 86 4
78 78 2
80 80 2
80 81 3
80 81 1
80 82 4
80 82 2
80 83 5
80 83 3
80 84 2
80 84 4
81 82 1
81 83 2
81 84 5
81 85 2
81 87 1
81 87 2
81 88 4
81 88 5
82 83 1
82 83 2
82 84 6
82 84 4
82 85 1
83 84 7
83 84 2
83 85 3
84 85 5
85 87 3
85 87 4
85 88 6
85 88 7
86 86 6
87 88 3
87 88 4
87 88 2
87 88 3
87 87 1
88 88 1
