96 215
1
1
1
1
1
1
1
1
1
1
1
1
1
1
1
1
1
1
1
1
1
1
1
1
1
1
1
1
1
1
1
1
1
1
2
1
1
1
1
1
1
1
1
1
1
1
1
1
1
1
1
1
1
1
1
1
1
1
1
1
2
1
2
1
1
1
1
2
1
1
1
1
1
1
1
1
1
2
1
1
1
1
1
1
1
1
1
1
1
2
2
1
1
1
1
4
0 1 3
0 2 6
1 2 3
1 3 6
1 4 4
1 5 3
2 6 2
2 7 5
3 8 4
3 4 2
3 5 3
3 9 2
4 10 5
4 5 1
4 5 2
5 10 3
6 11 2
6 12 4
6 13 5
6 7 3
7 14 3
7 15 3
8 9 2
8 9 2
8 10 4
9 10 6
11 16 3
11 12 2
11 12 1
11 13 3
11 13 5
12 16 4
12 13 1
12 13 6
13 16 2
14 17 3
14 18 3
14 15 6
16 19 2
16 20 6
17 18 6
17 22 2
17 21 3
18 24 4
18 23 2
19 25 6
19 26 3
19 20 4
20 27 3
20 28 2
20 29 5
21 22 5
21 30 3
21 31 3
22 24 4
22 23 2
23 24 6
23 24 2
25 32 3
25 33 2
25 26 3
26 34 3
26 34 5
27 28 5
27 35 4
27 29 2
27 36 6
28 29 1
28 29 7
28 38 2
28 37 3
29 37 2
29 38 3
30 40 2
30 39 4
30 31 6
31 95 8
32 41 2
32 33 1
32 33 6
33 41 4
34 34 2
35 36 2
35 36 2
35 37 4
36 37 2
37 38 5
38 42 3
38 43 3
39 40 6
39 46 6
39 44 3
39 45 4
40 48 2
40 47 2
41 50 2
41 51 5
41 49 3
42 43 2
42 43 6
42 52 4
43 52 2
44 45 2
44 45 1
44 46 3
44 46 3
45 46 1
45 46 2
47 48 4
49 50 5
49 51 2
49 53 3
50 51 2
50 51 7
50 54 4
51 54 6
52 56 3
52 55 3
53 58 2
53 59 5
53 57 3
55 56 6
55 60 4
55 60 2
55 61 2
56 62 2
56 62 4
57 64 3
57 58 6
57 58 1
57 59 2
57 63 2
58 64 3
58 59 3
58 63 4
59 65 2
59 66 4
60 60 2
60 61 6
60 61 4
61 67 3
61 67 3
62 62 2
63 64 1
63 64 1
63 68 2
63 69 4
64 68 3
64 69 5
65 66 2
65 66 6
67 67 6
68 69 2
68 70 6
68 71 4
68 72 3
68 73 2
69 73 2
70 71 2
70 72 3
70 73 4
70 74 3
70 75 2
70 76 5
71 72 1
71 72 1
71 73 2
71 77 6
71 77 4
72 73 1
72 77 5
72 77 3
74 75 5
74 76 2
74 78 3
74 79 2
75 80 2
75 76 7
75 76 1
75 79 3
76 80 3
76 79 2
77 77 2
78 81 5
78 82 3
78 79 5
79 80 5
81 82 2
81 83 6
81 84 2
82 84 6
82 85 4
83 84 4
84 85 2
85 86 6
85 87 3
86 88 4
86 89 2
86 87 3
87 90 3
87 90 5
88 89 5
88 89 6
88 91 3
89 91 2
90 90 2
91 92 4
91 93 3
91 94 2
92 93 2
92 93 1
92 94 1
92 94 6
93 94 3
93 94 5
