153 348
1
1
1
1
1
1
1
1
1
1
1
1
1
1
1
2
1
1
1
1
1
1
1
1
1
1
1
1
1
1
1
1
1
1
1
2
1
1
1
1
1
1
1
1
1
1
1
1
1
1
2
1
1
1
1
1
2
2
1
1
1
1
2
1
1
1
1
1
1
1
1
1
1
1
1
1
1
1
1
1
1
1
1
1
1
1
1
2
1
1
1
1
1
1
1
1
2
1
1
1
2
1
1
1
1
1
1
1
1
1
1
1
2
2
1
1
1
1
1
1
1
1
1
1
1
2
1
1
1
1
1
1
2
1
1
1
1
1
1
1
2
1
1
2
1
2
2
1
1
1
1
1
4
0 1 2
0 2 6
1 2 4
1 3 6
1 4 4
1 5 3
2 6 3
2 7 2
3 4 7
3 4 2
3 5 5
3 5 3
4 5 2
4 5 1
6 9 2
6 10 4
6 7 5
7 8 3
8 11 2
8 12 4
9 10 2
10 14 4
10 13 2
11 12 2
11 15 2
11 15 4
12 16 2
12 18 3
12 17 2
13 14 2
14 19 2
14 20 4
15 15 2
16 17 4
16 18 1
16 18 2
17 18 5
17 22 3
17 23 5
17 24 7
19 20 2
20 21 6
21 25 2
21 26 4
22 24 4
22 23 2
23 24 1
23 24 2
23 27 2
24 27 3
25 26 2
25 28 6
26 30 4
26 29 2
28 32 2
28 33 2
28 34 5
28 31 3
29 40 7
29 35 3
29 35 5
29 36 7
29 30 2
30 37 2
30 38 3
31 32 6
31 32 1
31 33 5
31 34 2
32 33 4
32 34 3
33 34 2
33 34 7
33 39 4
34 39 6
35 40 4
35 40 2
35 35 2
35 36 4
35 36 2
36 40 0
36 40 0
36 41 4
37 38 5
38 42 2
38 43 4
40 41 4
41 44 3
41 45 3
42 43 6
43 46 2
43 47 3
44 48 4
44 45 6
44 49 6
45 50 2
45 50 4
46 47 5
47 51 2
47 52 2
48 49 2
48 53 2
48 54 4
48 55 6
49 56 2
49 56 1
49 57 1
49 57 3
50 50 6
51 58 4
51 59 2
51 52 4
52 60 2
52 61 4
53 55 4
53 54 2
53 62 5
53 63 1
54 55 2
54 62 3
54 63 4
55 64 2
55 65 5
56 56 1
56 57 3
56 57 5
56 57 2
56 57 4
57 57 2
58 66 3
58 67 2
58 68 5
58 59 2
60 61 2
61 69 3
61 70 6
62 63 1
62 63 4
64 65 3
65 72 6
65 71 4
66 67 5
66 68 2
66 73 4
66 74 3
66 75 2
67 68 7
67 68 2
69 78 6
69 76 3
69 70 3
69 77 4
71 80 3
71 72 2
71 79 5
72 82 4
72 81 2
73 75 6
73 75 1
73 74 1
74 75 5
74 83 5
74 84 3
76 77 2
76 77 1
76 78 3
76 78 3
77 78 1
77 78 2
79 80 2
80 85 5
80 86 2
81 82 6
82 97 2
82 88 2
82 87 3
82 87 5
83 89 3
83 90 6
83 84 2
84 91 4
84 92 2
85 94 2
85 93 3
85 86 3
85 95 5
86 96 3
86 96 5
87 88 5
87 88 7
87 97 5
87 97 7
87 87 2
88 97 0
88 97 0
88 98 4
89 99 6
89 90 3
89 100 4
89 100 2
91 92 2
93 102 2
93 101 3
93 94 5
93 95 2
94 103 4
94 95 7
94 95 2
95 103 6
96 96 2
97 98 4
98 104 2
98 105 3
99 106 2
99 107 5
99 100 2
99 100 4
100 100 2
101 102 1
101 108 5
101 109 3
101 110 1
102 110 6
102 111 3
104 112 4
104 112 6
104 105 5
105 113 4
105 113 2
106 107 3
106 114 6
106 115 4
108 109 2
108 110 4
108 116 6
108 117 3
108 118 2
109 110 2
109 117 3
109 118 5
110 111 3
111 120 5
111 119 3
112 112 2
113 113 6
114 121 4
114 115 2
114 122 2
116 117 3
116 118 4
117 118 1
117 118 2
119 120 2
119 123 4
119 124 6
120 123 4
120 124 2
121 122 2
121 125 4
121 125 2
122 126 6
122 127 3
123 124 2
123 124 2
125 125 6
126 128 4
126 129 2
126 130 2
126 131 5
126 127 3
127 132 3
127 132 5
128 129 2
128 130 6
128 131 1
128 133 4
128 134 3
128 135 2
128 136 5
129 130 4
129 131 3
129 137 4
129 138 2
130 131 1
130 131 7
130 135 2
130 139 3
130 140 1
130 140 5
130 152 8
131 135 1
131 139 2
131 140 2
131 140 4
131 152 8
132 132 2
133 136 2
133 136 1
133 139 1
133 134 2
133 134 1
133 135 6
134 136 4
134 136 2
134 139 3
134 135 5
135 136 7
135 139 1
135 140 3
135 140 3
135 152 8
136 139 1
137 138 2
137 141 5
137 142 3
138 143 2
138 143 4
139 140 4
139 140 2
139 152 8
140 140 6
140 152 8
140 152 8
141 144 6
141 145 4
141 145 2
141 142 2
142 146 3
142 146 5
143 143 2
144 145 2
144 145 4
144 147 3
144 148 2
144 149 2
144 150 5
145 145 2
146 146 2
147 148 6
147 148 1
147 149 5
147 150 2
148 149 4
148 150 3
149 150 7
149 150 2
149 151 4
150 151 6
