83 317
1
1
1
1
1
1
1
1
1
1
1
1
1
1
1
1
2
2
2
1
1
1
2
1
1
2
1
1
2
1
1
1
1
1
1
1
1
1
1
1
1
1
1
1
1
1
1
1
1
4
3
3
3
3
3
3
3
3
3
3
3
3
3
3
3
3
3
3
3
3
3
3
3
3
3
3
3
3
3
3
3
3
3
0 1 2
0 2 5
0 76 8
0 50 8
1 76 8
1 2 3
1 3 6
1 4 3
2 5 2
2 6 1
2 7 2
2 8 3
2 9 4
2 10 3
2 76 8
2 55 8
3 11 4
3 12 2
3 4 3
4 13 2
4 14 4
4 15 5
5 6 2
5 6 1
5 7 4
5 8 5
5 9 1
5 9 6
5 10 2
5 10 1
5 16 3
5 16 5
5 53 8
5 55 8
6 7 3
6 8 4
6 9 3
6 9 5
6 10 4
6 10 2
6 16 1
6 16 3
6 53 8
6 55 8
7 8 1
7 9 2
7 10 5
7 17 2
7 17 4
7 55 8
8 9 1
8 10 6
8 18 3
8 18 4
8 19 1
8 54 8
8 55 8
9 10 1
9 10 7
9 16 4
9 16 6
9 53 8
9 55 8
10 16 5
10 16 7
10 53 8
10 55 8
11 51 8
11 12 2
12 52 8
13 14 1
13 14 2
13 15 5
13 15 3
14 15 6
14 15 1
16 16 2
16 53 8
16 53 8
17 17 2
18 18 1
18 19 4
18 19 5
18 54 8
18 54 8
19 20 3
19 21 6
19 54 8
20 21 3
20 22 3
20 22 5
21 24 2
21 23 2
22 22 2
23 24 4
23 25 4
23 25 2
24 26 2
24 27 5
25 25 6
26 27 3
26 28 3
26 28 5
27 29 2
27 30 3
27 31 3
28 28 2
29 32 4
29 30 5
29 31 1
29 31 2
30 33 3
30 34 5
30 35 2
30 31 6
31 32 6
32 56 8
33 34 2
33 34 1
33 35 5
33 35 3
33 36 3
34 35 7
34 35 2
34 36 4
35 36 6
36 57 8
36 49 8
37 38 2
37 39 4
37 40 6
37 76 8
37 50 8
37 51 8
37 52 8
37 53 8
37 54 8
37 55 8
37 56 8
37 58 8
38 40 4
38 41 5
38 42 3
38 39 2
39 40 2
39 75 8
40 43 2
40 44 3
41 81 8
41 42 2
41 59 8
41 60 8
42 64 8
42 65 8
42 66 8
42 67 8
42 68 8
42 69 8
42 71 8
42 72 8
42 74 8
42 82 8
42 73 8
42 70 8
42 61 8
42 63 8
43 44 5
43 79 8
44 45 3
44 46 3
45 80 8
45 46 6
46 48 4
46 47 2
47 48 6
47 57 8
47 62 8
47 77 8
48 78 8
49 57 0
50 76 0
50 51 0
50 52 0
50 53 0
50 54 0
50 55 0
50 56 0
50 58 0
51 76 0
51 52 0
51 53 0
51 54 0
51 55 0
51 56 0
51 58 0
52 76 0
52 53 0
52 54 0
52 55 0
52 56 0
52 58 0
53 76 0
53 54 0
53 55 0
53 56 0
53 58 0
54 76 0
54 55 0
54 56 0
54 58 0
55 76 0
55 56 0
55 58 0
56 76 0
56 58 0
57 77 0
57 62 0
58 76 0
59 81 0
59 60 0
60 81 0
61 64 0
61 65 0
61 66 0
61 67 0
61 68 0
61 69 0
61 70 0
61 71 0
61 72 0
61 73 0
61 74 0
61 82 0
61 63 0
62 77 0
63 64 0
63 65 0
63 66 0
63 67 0
63 68 0
63 69 0
63 70 0
63 71 0
63 72 0
63 73 0
63 74 0
63 82 0
64 65 0
64 66 0
64 67 0
64 68 0
64 69 0
64 70 0
64 71 0
64 72 0
64 73 0
64 74 0
64 82 0
65 66 0
65 67 0
65 68 0
65 69 0
65 70 0
65 71 0
65 72 0
65 73 0
65 74 0
65 82 0
66 67 0
66 68 0
66 69 0
66 70 0
66 71 0
66 72 0
66 73 0
66 74 0
66 82 0
67 68 0
67 69 0
67 70 0
67 71 0
67 72 0
67 73 0
67 74 0
67 82 0
68 69 0
68 70 0
68 71 0
68 72 0
68 73 0
68 74 0
68 82 0
69 70 0
69 71 0
69 72 0
69 73 0
69 74 0
69 82 0
70 71 0
70 72 0
70 73 0
70 74 0
70 82 0
71 72 0
71 73 0
71 74 0
71 82 0
72 73 0
72 74 0
72 82 0
73 74 0
73 82 0
74 82 0
77 80 0
77 78 0
78 80 0
81 82 0
