36 65
1
1
1
1
1
2
1
1
1
1
1
1
1
1
1
1
1
1
1
1
1
2
1
1
1
2
1
1
1
1
1
1
1
1
2
4
0 1 3
0 2 6
1 2 3
2 3 3
2 4 2
3 4 5
3 5 4
3 5 2
4 6 3
4 7 2
5 5 2
6 8 2
6 9 6
6 7 5
7 10 2
7 11 3
7 12 3
8 9 4
8 13 6
8 14 4
9 16 4
9 15 2
10 17 4
10 11 5
10 12 1
10 12 2
11 12 6
11 18 3
12 17 6
13 14 2
14 19 5
14 20 3
15 16 2
15 28 7
15 21 3
15 21 5
15 22 7
16 24 3
16 23 3
17 35 8
18 25 2
18 25 4
19 20 2
20 27 3
20 26 6
21 28 4
21 28 2
21 21 2
21 22 4
21 22 2
22 29 4
22 28 0
22 28 0
23 24 6
25 25 2
26 27 3
26 30 4
27 32 6
27 31 2
28 29 4
29 33 2
30 34 6
30 34 4
31 32 4
34 34 2
