91 1274
1
1
1
1
1
1
1
1
1
1
1
1
1
1
1
1
1
1
4
3
3
3
3
3
3
3
3
3
3
3
3
3
3
3
3
3
3
3
3
3
3
3
3
3
3
3
3
3
3
3
3
3
3
3
3
3
3
3
3
3
3
3
3
3
3
3
3
3
3
3
3
3
3
3
3
3
3
3
3
3
3
3
3
3
3
3
3
3
3
3
3
0 1 2
0 2 4
0 19 8
1 2 2
1 3 6
1 4 4
1 5 3
2 6 3
2 7 6
3 4 7
3 4 2
3 5 5
3 5 3
4 5 2
4 5 1
6 20 8
6 7 3
7 8 2
7 9 3
7 10 4
7 87 8
8 9 3
8 9 5
8 10 1
8 10 6
8 87 8
8 18 8
9 10 2
9 10 1
9 87 8
9 18 8
10 18 8
10 87 8
11 12 2
11 13 5
11 19 8
11 20 8
11 87 8
11 24 8
11 25 8
12 33 8
12 35 8
12 36 8
12 38 8
12 39 8
12 40 8
12 41 8
12 13 3
12 21 8
12 22 8
12 23 8
12 88 8
12 26 8
12 27 8
12 28 8
12 29 8
13 14 4
13 15 6
14 16 2
14 17 4
14 15 2
15 32 8
15 34 8
15 37 8
15 30 8
15 31 8
16 17 2
16 89 8
17 42 8
17 43 8
17 44 8
17 45 8
17 46 8
17 47 8
17 48 8
17 49 8
17 50 8
17 51 8
17 52 8
17 53 8
17 54 8
17 55 8
17 56 8
17 57 8
17 58 8
17 59 8
17 60 8
17 61 8
17 62 8
17 63 8
17 64 8
17 65 8
17 66 8
17 67 8
17 68 8
17 69 8
17 70 8
17 71 8
17 72 8
17 73 8
17 74 8
17 75 8
17 76 8
17 77 8
17 78 8
17 79 8
17 80 8
17 81 8
17 82 8
17 83 8
17 84 8
17 85 8
17 86 8
17 90 8
19 20 0
19 87 0
19 24 0
19 25 0
20 87 0
20 24 0
20 25 0
21 33 0
21 35 0
21 36 0
21 38 0
21 39 0
21 40 0
21 41 0
21 22 0
21 23 0
21 88 0
21 26 0
21 27 0
21 28 0
21 29 0
22 33 0
22 35 0
22 36 0
22 38 0
22 39 0
22 40 0
22 41 0
22 23 0
22 88 0
22 26 0
22 27 0
22 28 0
22 29 0
23 33 0
23 35 0
23 36 0
23 38 0
23 39 0
23 40 0
23 41 0
23 88 0
23 26 0
23 27 0
23 28 0
23 29 0
24 25 0
24 87 0
25 87 0
26 33 0
26 35 0
26 36 0
26 38 0
26 39 0
26 40 0
26 41 0
26 88 0
26 27 0
26 28 0
26 29 0
27 33 0
27 35 0
27 36 0
27 38 0
27 39 0
27 40 0
27 41 0
27 88 0
27 28 0
27 29 0
28 33 0
28 35 0
28 36 0
28 38 0
28 39 0
28 40 0
28 41 0
28 88 0
28 29 0
29 33 0
29 35 0
29 36 0
29 38 0
29 39 0
29 40 0
29 41 0
29 88 0
30 32 0
30 34 0
30 37 0
30 31 0
31 32 0
31 34 0
31 37 0
32 34 0
32 37 0
33 35 0
33 36 0
33 38 0
33 39 0
33 40 0
33 41 0
33 88 0
34 37 0
35 36 0
35 38 0
35 39 0
35 40 0
35 41 0
35 88 0
36 38 0
36 39 0
36 40 0
36 41 0
36 88 0
38 39 0
38 40 0
38 41 0
38 88 0
39 40 0
39 41 0
39 88 0
40 41 0
40 88 0
41 88 0
42 43 0
42 44 0
42 45 0
42 46 0
42 47 0
42 48 0
42 49 0
42 50 0
42 51 0
42 52 0
42 53 0
42 54 0
42 55 0
42 56 0
42 57 0
42 58 0
42 59 0
42 60 0
42 61 0
42 62 0
42 63 0
42 64 0
42 65 0
42 66 0
42 67 0
42 68 0
42 69 0
42 70 0
42 71 0
42 72 0
42 73 0
42 74 0
42 75 0
42 76 0
42 77 0
42 78 0
42 79 0
42 80 0
42 81 0
42 82 0
42 83 0
42 84 0
42 85 0
42 86 0
42 90 0
43 44 0
43 45 0
43 46 0
43 47 0
43 48 0
43 49 0
43 50 0
43 51 0
43 52 0
43 53 0
43 54 0
43 55 0
43 56 0
43 57 0
43 58 0
43 59 0
43 60 0
43 61 0
43 62 0
43 63 0
43 64 0
43 65 0
43 66 0
43 67 0
43 68 0
43 69 0
43 70 0
43 71 0
43 72 0
43 73 0
43 74 0
43 75 0
43 76 0
43 77 0
43 78 0
43 79 0
43 80 0
43 81 0
43 82 0
43 83 0
43 84 0
43 85 0
43 86 0
43 90 0
44 45 0
44 46 0
44 47 0
44 48 0
44 49 0
44 50 0
44 51 0
44 52 0
44 53 0
44 54 0
44 55 0
44 56 0
44 57 0
44 58 0
44 59 0
44 60 0
44 61 0
44 62 0
44 63 0
44 64 0
44 65 0
44 66 0
44 67 0
44 68 0
44 69 0
44 70 0
44 71 0
44 72 0
44 73 0
44 74 0
44 75 0
44 76 0
44 77 0
44 78 0
44 79 0
44 80 0
44 81 0
44 82 0
44 83 0
44 84 0
44 85 0
44 86 0
44 90 0
45 46 0
45 47 0
45 48 0
45 49 0
45 50 0
45 51 0
45 52 0
45 53 0
45 54 0
45 55 0
45 56 0
45 57 0
45 58 0
45 59 0
45 60 0
45 61 0
45 62 0
45 63 0
45 64 0
45 65 0
45 66 0
45 67 0
45 68 0
45 69 0
45 70 0
45 71 0
45 72 0
45 73 0
45 74 0
45 75 0
45 76 0
45 77 0
45 78 0
45 79 0
45 80 0
45 81 0
45 82 0
45 83 0
45 84 0
45 85 0
45 86 0
45 90 0
46 47 0
46 48 0
46 49 0
46 50 0
46 51 0
46 52 0
46 53 0
46 54 0
46 55 0
46 56 0
46 57 0
46 58 0
46 59 0
46 60 0
46 61 0
46 62 0
46 63 0
46 64 0
46 65 0
46 66 0
46 67 0
46 68 0
46 69 0
46 70 0
46 71 0
46 72 0
46 73 0
46 74 0
46 75 0
46 76 0
46 77 0
46 78 0
46 79 0
46 80 0
46 81 0
46 82 0
46 83 0
46 84 0
46 85 0
46 86 0
46 90 0
47 48 0
47 49 0
47 50 0
47 51 0
47 52 0
47 53 0
47 54 0
47 55 0
47 56 0
47 57 0
47 58 0
47 59 0
47 60 0
47 61 0
47 62 0
47 63 0
47 64 0
47 65 0
47 66 0
47 67 0
47 68 0
47 69 0
47 70 0
47 71 0
47 72 0
47 73 0
47 74 0
47 75 0
47 76 0
47 77 0
47 78 0
47 79 0
47 80 0
47 81 0
47 82 0
47 83 0
47 84 0
47 85 0
47 86 0
47 90 0
48 49 0
48 50 0
48 51 0
48 52 0
48 53 0
48 54 0
48 55 0
48 56 0
48 57 0
48 58 0
48 59 0
48 60 0
48 61 0
48 62 0
48 63 0
48 64 0
48 65 0
48 66 0
48 67 0
48 68 0
48 69 0
48 70 0
48 71 0
48 72 0
48 73 0
48 74 0
48 75 0
48 76 0
48 77 0
48 78 0
48 79 0
48 80 0
48 81 0
48 82 0
48 83 0
48 84 0
48 85 0
48 86 0
48 90 0
49 50 0
49 51 0
49 52 0
49 53 0
49 54 0
49 55 0
49 56 0
49 57 0
49 58 0
49 59 0
49 60 0
49 61 0
49 62 0
49 63 0
49 64 0
49 65 0
49 66 0
49 67 0
49 68 0
49 69 0
49 70 0
49 71 0
49 72 0
49 73 0
49 74 0
49 75 0
49 76 0
49 77 0
49 78 0
49 79 0
49 80 0
49 81 0
49 82 0
49 83 0
49 84 0
49 85 0
49 86 0
49 90 0
50 51 0
50 52 0
50 53 0
50 54 0
50 55 0
50 56 0
50 57 0
50 58 0
50 59 0
50 60 0
50 61 0
50 62 0
50 63 0
50 64 0
50 65 0
50 66 0
50 67 0
50 68 0
50 69 0
50 70 0
50 71 0
50 72 0
50 73 0
50 74 0
50 75 0
50 76 0
50 77 0
50 78 0
50 79 0
50 80 0
50 81 0
50 82 0
50 83 0
50 84 0
50 85 0
50 86 0
50 90 0
51 52 0
51 53 0
51 54 0
51 55 0
51 56 0
51 57 0
51 58 0
51 59 0
51 60 0
51 61 0
51 62 0
51 63 0
51 64 0
51 65 0
51 66 0
51 67 0
51 68 0
51 69 0
51 70 0
51 71 0
51 72 0
51 73 0
51 74 0
51 75 0
51 76 0
51 77 0
51 78 0
51 79 0
51 80 0
51 81 0
51 82 0
51 83 0
51 84 0
51 85 0
51 86 0
51 90 0
52 53 0
52 54 0
52 55 0
52 56 0
52 57 0
52 58 0
52 59 0
52 60 0
52 61 0
52 62 0
52 63 0
52 64 0
52 65 0
52 66 0
52 67 0
52 68 0
52 69 0
52 70 0
52 71 0
52 72 0
52 73 0
52 74 0
52 75 0
52 76 0
52 77 0
52 78 0
52 79 0
52 80 0
52 81 0
52 82 0
52 83 0
52 84 0
52 85 0
52 86 0
52 90 0
53 54 0
53 55 0
53 56 0
53 57 0
53 58 0
53 59 0
53 60 0
53 61 0
53 62 0
53 63 0
53 64 0
53 65 0
53 66 0
53 67 0
53 68 0
53 69 0
53 70 0
53 71 0
53 72 0
53 73 0
53 74 0
53 75 0
53 76 0
53 77 0
53 78 0
53 79 0
53 80 0
53 81 0
53 82 0
53 83 0
53 84 0
53 85 0
53 86 0
53 90 0
54 55 0
54 56 0
54 57 0
54 58 0
54 59 0
54 60 0
54 61 0
54 62 0
54 63 0
54 64 0
54 65 0
54 66 0
54 67 0
54 68 0
54 69 0
54 70 0
54 71 0
54 72 0
54 73 0
54 74 0
54 75 0
54 76 0
54 77 0
54 78 0
54 79 0
54 80 0
54 81 0
54 82 0
54 83 0
54 84 0
54 85 0
54 86 0
54 90 0
55 56 0
55 57 0
55 58 0
55 59 0
55 60 0
55 61 0
55 62 0
55 63 0
55 64 0
55 65 0
55 66 0
55 67 0
55 68 0
55 69 0
55 70 0
55 71 0
55 72 0
55 73 0
55 74 0
55 75 0
55 76 0
55 77 0
55 78 0
55 79 0
55 80 0
55 81 0
55 82 0
55 83 0
55 84 0
55 85 0
55 86 0
55 90 0
56 57 0
56 58 0
56 59 0
56 60 0
56 61 0
56 62 0
56 63 0
56 64 0
56 65 0
56 66 0
56 67 0
56 68 0
56 69 0
56 70 0
56 71 0
56 72 0
56 73 0
56 74 0
56 75 0
56 76 0
56 77 0
56 78 0
56 79 0
56 80 0
56 81 0
56 82 0
56 83 0
56 84 0
56 85 0
56 86 0
56 90 0
57 58 0
57 59 0
57 60 0
57 61 0
57 62 0
57 63 0
57 64 0
57 65 0
57 66 0
57 67 0
57 68 0
57 69 0
57 70 0
57 71 0
57 72 0
57 73 0
57 74 0
57 75 0
57 76 0
57 77 0
57 78 0
57 79 0
57 80 0
57 81 0
57 82 0
57 83 0
57 84 0
57 85 0
57 86 0
57 90 0
58 59 0
58 60 0
58 61 0
58 62 0
58 63 0
58 64 0
58 65 0
58 66 0
58 67 0
58 68 0
58 69 0
58 70 0
58 71 0
58 72 0
58 73 0
58 74 0
58 75 0
58 76 0
58 77 0
58 78 0
58 79 0
58 80 0
58 81 0
58 82 0
58 83 0
58 84 0
58 85 0
58 86 0
58 90 0
59 60 0
59 61 0
59 62 0
59 63 0
59 64 0
59 65 0
59 66 0
59 67 0
59 68 0
59 69 0
59 70 0
59 71 0
59 72 0
59 73 0
59 74 0
59 75 0
59 76 0
59 77 0
59 78 0
59 79 0
59 80 0
59 81 0
59 82 0
59 83 0
59 84 0
59 85 0
59 86 0
59 90 0
60 61 0
60 62 0
60 63 0
60 64 0
60 65 0
60 66 0
60 67 0
60 68 0
60 69 0
60 70 0
60 71 0
60 72 0
60 73 0
60 74 0
60 75 0
60 76 0
60 77 0
60 78 0
60 79 0
60 80 0
60 81 0
60 82 0
60 83 0
60 84 0
60 85 0
60 86 0
60 90 0
61 62 0
61 63 0
61 64 0
61 65 0
61 66 0
61 67 0
61 68 0
61 69 0
61 70 0
61 71 0
61 72 0
61 73 0
61 74 0
61 75 0
61 76 0
61 77 0
61 78 0
61 79 0
61 80 0
61 81 0
61 82 0
61 83 0
61 84 0
61 85 0
61 86 0
61 90 0
62 63 0
62 64 0
62 65 0
62 66 0
62 67 0
62 68 0
62 69 0
62 70 0
62 71 0
62 72 0
62 73 0
62 74 0
62 75 0
62 76 0
62 77 0
62 78 0
62 79 0
62 80 0
62 81 0
62 82 0
62 83 0
62 84 0
62 85 0
62 86 0
62 90 0
63 64 0
63 65 0
63 66 0
63 67 0
63 68 0
63 69 0
63 70 0
63 71 0
63 72 0
63 73 0
63 74 0
63 75 0
63 76 0
63 77 0
63 78 0
63 79 0
63 80 0
63 81 0
63 82 0
63 83 0
63 84 0
63 85 0
63 86 0
63 90 0
64 65 0
64 66 0
64 67 0
64 68 0
64 69 0
64 70 0
64 71 0
64 72 0
64 73 0
64 74 0
64 75 0
64 76 0
64 77 0
64 78 0
64 79 0
64 80 0
64 81 0
64 82 0
64 83 0
64 84 0
64 85 0
64 86 0
64 90 0
65 66 0
65 67 0
65 68 0
65 69 0
65 70 0
65 71 0
65 72 0
65 73 0
65 74 0
65 75 0
65 76 0
65 77 0
65 78 0
65 79 0
65 80 0
65 81 0
65 82 0
65 83 0
65 84 0
65 85 0
65 86 0
65 90 0
66 67 0
66 68 0
66 69 0
66 70 0
66 71 0
66 72 0
66 73 0
66 74 0
66 75 0
66 76 0
66 77 0
66 78 0
66 79 0
66 80 0
66 81 0
66 82 0
66 83 0
66 84 0
66 85 0
66 86 0
66 90 0
67 68 0
67 69 0
67 70 0
67 71 0
67 72 0
67 73 0
67 74 0
67 75 0
67 76 0
67 77 0
67 78 0
67 79 0
67 80 0
67 81 0
67 82 0
67 83 0
67 84 0
67 85 0
67 86 0
67 90 0
68 69 0
68 70 0
68 71 0
68 72 0
68 73 0
68 74 0
68 75 0
68 76 0
68 77 0
68 78 0
68 79 0
68 80 0
68 81 0
68 82 0
68 83 0
68 84 0
68 85 0
68 86 0
68 90 0
69 70 0
69 71 0
69 72 0
69 73 0
69 74 0
69 75 0
69 76 0
69 77 0
69 78 0
69 79 0
69 80 0
69 81 0
69 82 0
69 83 0
69 84 0
69 85 0
69 86 0
69 90 0
70 71 0
70 72 0
70 73 0
70 74 0
70 75 0
70 76 0
70 77 0
70 78 0
70 79 0
70 80 0
70 81 0
70 82 0
70 83 0
70 84 0
70 85 0
70 86 0
70 90 0
71 72 0
71 73 0
71 74 0
71 75 0
71 76 0
71 77 0
71 78 0
71 79 0
71 80 0
71 81 0
71 82 0
71 83 0
71 84 0
71 85 0
71 86 0
71 90 0
72 73 0
72 74 0
72 75 0
72 76 0
72 77 0
72 78 0
72 79 0
72 80 0
72 81 0
72 82 0
72 83 0
72 84 0
72 85 0
72 86 0
72 90 0
73 74 0
73 75 0
73 76 0
73 77 0
73 78 0
73 79 0
73 80 0
73 81 0
73 82 0
73 83 0
73 84 0
73 85 0
73 86 0
73 90 0
74 75 0
74 76 0
74 77 0
74 78 0
74 79 0
74 80 0
74 81 0
74 82 0
74 83 0
74 84 0
74 85 0
74 86 0
74 90 0
75 76 0
75 77 0
75 78 0
75 79 0
75 80 0
75 81 0
75 82 0
75 83 0
75 84 0
75 85 0
75 86 0
75 90 0
76 77 0
76 78 0
76 79 0
76 80 0
76 81 0
76 82 0
76 83 0
76 84 0
76 85 0
76 86 0
76 90 0
77 78 0
77 79 0
77 80 0
77 81 0
77 82 0
77 83 0
77 84 0
77 85 0
77 86 0
77 90 0
78 79 0
78 80 0
78 81 0
78 82 0
78 83 0
78 84 0
78 85 0
78 86 0
78 90 0
79 80 0
79 81 0
79 82 0
79 83 0
79 84 0
79 85 0
79 86 0
79 90 0
80 81 0
80 82 0
80 83 0
80 84 0
80 85 0
80 86 0
80 90 0
81 82 0
81 83 0
81 84 0
81 85 0
81 86 0
81 90 0
82 83 0
82 84 0
82 85 0
82 86 0
82 90 0
83 84 0
83 85 0
83 86 0
83 90 0
84 85 0
84 86 0
84 90 0
85 86 0
85 90 0
86 90 0
