31 65
1
1
1
1
1
1
1
1
1
1
1
1
1
1
1
1
1
1
1
1
1
1
1
1
1
1
1
1
1
1
4
0 1 2
0 2 3
0 3 6
1 2 1
1 2 1
1 3 4
1 4 2
1 5 4
2 3 3
2 4 3
2 5 5
3 6 2
3 7 3
4 5 2
4 8 6
4 9 4
4 10 3
5 11 3
5 12 5
6 13 3
6 14 6
6 7 5
7 30 8
8 16 2
8 9 2
8 10 3
8 15 4
9 17 5
9 10 1
9 10 2
10 17 3
11 18 4
11 19 2
11 12 2
12 20 3
12 22 3
13 14 3
13 22 2
13 23 6
15 16 2
15 16 2
15 17 4
16 17 6
18 19 2
19 24 2
19 21 6
20 21 3
20 22 6
21 24 4
22 23 4
24 25 4
24 26 2
24 27 5
25 26 2
25 26 1
25 27 1
25 28 4
25 29 3
26 27 3
26 28 3
26 29 2
27 28 1
27 29 3
28 29 1
28 29 2
