107 269
1
1
1
1
1
1
1
1
1
1
1
1
1
1
1
1
1
2
1
1
1
1
1
1
1
2
1
1
1
1
1
1
1
2
1
1
1
1
2
1
1
2
1
1
1
1
2
2
2
1
1
1
1
1
1
1
1
1
1
1
1
1
1
1
1
1
1
1
2
1
1
1
1
1
1
1
1
1
1
1
1
1
4
3
3
3
3
3
3
3
3
3
3
3
3
3
3
3
3
3
3
3
3
3
3
3
3
0 1 2
0 83 8
0 3 5
1 2 3
1 3 3
2 4 1
2 5 2
2 6 4
2 7 6
3 10 3
3 8 2
3 9 2
4 5 1
4 6 3
4 7 5
4 11 5
4 12 3
5 13 4
5 6 2
5 6 6
5 7 4
6 13 2
6 7 2
7 96 8
7 97 8
7 88 8
7 94 8
7 95 8
8 9 4
8 10 2
8 10 1
9 16 6
9 10 5
9 15 3
11 17 5
11 17 3
11 12 2
12 84 8
13 14 3
14 18 2
14 19 5
14 20 6
15 16 3
15 86 8
16 21 2
16 22 2
16 23 4
16 24 3
17 17 2
18 25 6
18 25 4
18 26 2
18 19 3
18 20 4
19 102 8
19 20 2
19 20 1
19 98 8
20 102 8
20 98 8
21 87 8
21 22 4
21 23 6
21 23 1
21 24 1
21 27 1
21 28 4
21 29 5
21 30 2
22 32 4
22 23 2
22 24 5
22 31 2
23 87 8
23 24 7
23 27 2
23 28 3
23 29 4
23 30 3
24 33 2
24 33 4
24 34 2
24 27 1
24 30 3
24 85 8
25 25 2
25 26 4
25 26 2
26 99 8
26 36 3
26 37 5
26 35 2
26 101 8
27 33 3
27 33 5
27 34 1
27 87 8
27 28 5
27 29 6
27 30 2
27 30 1
27 85 8
28 34 3
28 87 8
28 82 8
28 29 2
28 29 1
28 30 6
29 34 1
29 87 8
29 82 8
29 30 7
30 33 5
30 33 7
30 34 1
30 87 8
30 85 8
31 32 2
31 38 4
31 38 2
32 40 5
32 39 3
33 33 2
33 34 4
33 34 6
33 85 8
33 85 8
34 82 8
34 85 8
35 99 8
35 36 6
35 36 1
35 37 5
35 37 3
35 101 8
36 99 8
36 37 1
36 37 2
36 101 8
37 99 8
37 101 8
38 38 2
39 40 2
39 41 3
39 41 5
40 42 2
40 43 4
40 44 3
41 41 2
42 43 2
42 44 5
42 45 2
42 46 5
42 46 6
43 44 7
43 44 1
43 47 4
43 47 2
44 47 3
44 47 3
45 48 4
45 48 2
45 46 3
45 46 4
46 46 1
47 47 6
48 48 2
49 51 4
49 50 2
49 83 8
49 84 8
49 88 8
49 52 5
50 51 2
50 52 3
50 94 8
51 52 1
51 52 6
51 53 4
52 53 2
53 54 2
53 55 4
54 96 8
54 55 2
55 56 4
55 57 6
56 57 2
56 58 3
56 59 5
57 97 8
58 59 2
58 60 4
58 61 2
59 89 8
59 100 8
60 61 2
60 62 5
60 63 2
61 64 2
61 65 4
62 66 5
62 67 3
62 63 3
63 68 3
63 68 5
64 65 2
64 102 8
65 70 6
65 69 3
66 72 5
66 67 2
66 71 2
67 73 3
67 71 6
68 68 2
69 74 2
69 75 4
69 70 3
70 103 8
71 72 3
71 73 3
72 98 8
73 76 5
73 77 3
74 104 8
74 75 2
75 78 4
75 79 6
76 99 8
76 77 2
77 90 8
77 91 8
77 101 8
78 80 2
78 81 4
78 79 2
79 105 8
80 81 2
80 92 8
80 93 8
81 106 8
83 88 0
83 84 0
84 88 0
85 86 0
85 87 0
85 95 0
86 95 0
86 87 0
87 95 0
88 96 0
88 97 0
88 94 0
88 95 0
89 100 0
90 91 0
90 101 0
91 101 0
92 104 0
92 93 0
94 96 0
94 97 0
94 95 0
95 96 0
95 97 0
96 97 0
98 102 0
99 101 0
103 105 0
