40 89
1
1
1
1
1
1
1
1
2
1
1
1
2
1
2
1
1
1
1
1
1
1
1
2
1
1
1
1
1
1
1
1
1
1
1
1
1
1
1
4
0 1 2
0 2 5
1 2 3
1 3 6
1 4 2
2 5 2
2 6 4
2 7 3
3 8 4
3 8 2
3 4 4
4 11 2
4 10 3
4 9 5
5 12 2
5 12 4
5 13 6
5 6 2
5 7 5
6 14 4
6 14 2
6 7 7
6 7 1
7 14 3
7 14 3
8 8 2
9 16 2
9 10 2
9 11 3
9 15 4
10 16 6
10 11 1
10 15 4
11 17 4
12 12 2
12 13 4
12 13 2
13 18 2
13 19 5
14 14 6
15 16 2
15 16 2
17 20 2
17 21 5
17 22 6
18 19 3
18 23 3
18 23 5
19 24 2
19 25 2
19 26 3
20 27 2
20 28 4
20 21 3
20 22 4
21 22 2
21 22 1
23 23 2
24 25 4
24 26 1
24 26 2
24 39 8
25 26 5
25 29 3
25 30 5
26 39 8
27 28 2
28 32 6
28 31 3
29 34 2
29 35 3
29 30 2
29 33 2
30 35 5
30 33 3
31 32 3
31 36 5
31 37 4
31 38 2
33 34 4
33 35 2
33 35 1
34 35 5
36 37 1
36 37 6
36 38 3
36 38 5
37 38 2
37 38 1
