67 162
1
1
1
1
1
1
1
1
1
1
1
1
1
1
1
1
1
2
1
1
1
1
1
1
2
2
1
1
1
1
1
1
1
2
1
1
1
1
2
1
1
1
1
1
1
1
2
1
1
1
1
1
1
1
1
1
1
1
1
1
1
1
1
1
2
2
4
0 1 3
0 66 8
1 2 2
1 3 5
1 66 8
2 3 3
2 4 5
2 5 2
3 6 2
3 7 6
4 5 3
5 8 2
5 9 4
6 11 3
6 10 6
6 12 2
6 7 4
7 13 2
7 14 4
8 16 3
8 9 2
8 15 5
9 17 4
9 17 6
10 11 3
10 12 4
10 18 3
10 19 2
10 20 5
11 12 2
11 12 1
11 21 2
12 21 4
13 23 4
13 22 2
13 14 2
14 24 3
14 24 3
15 16 2
15 25 5
15 25 3
16 26 2
16 27 4
16 28 5
17 17 2
18 19 1
18 19 6
18 20 2
19 20 3
20 30 3
20 29 5
21 31 2
22 32 6
22 33 4
22 33 2
22 23 2
23 34 4
23 35 6
24 24 6
25 25 2
26 27 1
26 27 2
26 28 5
26 28 3
27 28 6
27 28 1
29 36 2
29 37 5
29 30 2
29 30 2
30 36 4
30 37 3
31 38 4
31 38 2
32 40 2
32 33 2
32 33 4
32 39 3
33 33 2
34 41 2
34 42 4
34 35 2
35 43 2
35 44 3
35 45 4
36 37 1
36 37 7
36 46 4
36 46 2
37 46 3
37 46 3
38 38 2
39 40 1
39 40 6
39 47 2
40 47 4
41 42 2
42 48 3
42 49 6
43 44 5
43 44 3
43 45 6
43 45 1
44 45 1
44 45 2
46 46 6
47 50 5
47 51 3
47 52 6
48 49 3
50 51 2
50 52 1
50 52 1
50 53 2
50 54 4
51 52 3
51 55 1
51 56 2
51 57 3
51 58 4
51 59 5
52 53 3
52 54 3
53 60 3
53 61 2
53 54 6
53 54 2
54 60 5
54 61 4
55 56 1
55 57 2
55 58 3
55 59 4
55 62 6
55 63 4
56 64 1
56 64 2
56 57 7
56 57 1
56 58 6
56 58 2
56 59 5
56 59 3
57 64 6
57 64 5
57 58 1
57 58 1
57 59 2
57 59 2
58 64 5
58 64 4
58 59 1
58 59 1
59 64 4
59 64 3
60 61 1
60 61 6
62 63 2
63 65 4
63 65 2
64 64 1
65 65 2
