40 72
1
1
1
1
1
1
1
1
1
1
1
1
1
1
1
1
1
1
1
1
1
1
1
1
1
1
1
2
1
1
1
1
1
1
1
1
1
1
1
4
0 1 2
0 2 6
1 2 4
2 3 2
2 4 3
3 4 5
3 5 2
3 6 6
5 6 4
6 8 3
6 7 2
7 8 5
7 9 3
7 10 6
8 39 8
9 10 3
10 11 3
10 12 2
11 12 5
11 13 2
11 14 6
13 17 3
13 18 2
13 14 4
13 15 6
14 19 3
14 21 6
15 16 3
15 17 3
15 18 4
16 23 4
16 22 6
17 24 2
17 18 1
17 18 2
18 24 4
19 20 3
19 21 3
20 25 5
20 26 2
22 23 2
23 27 5
23 28 1
24 25 4
24 29 2
25 26 3
25 29 2
26 30 2
26 31 4
27 32 3
27 28 4
27 28 1
28 32 4
30 33 5
30 35 2
30 34 4
30 31 2
32 36 2
32 37 4
32 38 5
33 34 6
33 34 1
33 35 5
33 35 3
34 35 1
34 35 2
36 37 1
36 37 2
36 38 5
36 38 3
37 38 6
37 38 1
