102 206
1
1
1
1
1
1
1
1
1
1
1
1
1
1
1
1
1
1
1
1
1
1
1
1
1
1
1
1
1
1
1
2
1
1
1
1
1
1
1
1
1
1
1
1
1
2
1
1
1
2
1
1
1
1
2
1
1
1
1
1
1
1
1
1
1
1
1
1
1
1
1
2
1
1
1
1
1
1
2
1
1
1
1
1
1
1
1
1
1
1
1
1
1
1
1
1
1
1
1
1
1
4
0 1 2
0 2 4
0 3 5
1 2 1
1 2 2
1 3 5
1 3 3
1 4 3
2 3 6
2 3 1
2 4 4
3 4 2
4 5 2
4 6 4
5 6 2
6 8 4
6 7 2
7 8 2
8 9 2
8 10 4
9 10 2
10 11 2
10 12 4
11 12 2
12 13 4
12 14 6
13 16 4
13 14 2
13 15 2
14 17 2
14 18 3
15 16 2
15 19 5
15 20 3
16 21 2
16 22 4
17 18 5
18 24 3
18 23 2
19 20 2
20 25 6
20 26 4
21 22 2
22 27 3
22 28 6
23 24 5
24 29 2
24 30 2
25 26 2
25 31 4
25 31 2
26 32 5
26 33 2
27 28 3
27 34 6
27 36 3
28 37 2
28 38 3
29 40 3
29 30 4
29 39 5
30 41 3
30 42 6
31 31 6
32 33 3
32 43 4
32 44 2
33 45 3
33 45 5
34 35 5
34 36 3
35 46 5
35 47 3
37 38 5
38 48 1
38 49 3
39 40 2
39 50 5
39 51 3
41 42 3
41 52 3
41 53 6
42 54 2
42 54 4
43 56 3
43 44 2
43 55 5
44 57 3
44 58 6
45 45 2
46 59 5
46 60 3
46 61 2
46 47 2
48 49 1
48 49 4
48 62 5
49 62 6
50 64 4
50 65 3
50 101 8
50 51 2
50 63 6
52 66 2
52 67 3
52 68 5
52 53 3
54 54 2
55 56 2
55 69 4
55 70 2
57 58 3
57 71 3
57 71 5
58 72 2
58 73 4
59 60 2
59 60 7
59 61 3
59 61 5
60 61 1
60 61 2
62 74 4
62 75 2
63 64 7
63 64 2
63 65 5
63 65 3
63 101 8
64 65 2
64 65 1
64 101 8
65 101 8
66 67 6
66 67 1
66 68 5
66 68 3
67 68 1
67 68 2
69 76 4
69 77 2
69 70 2
71 71 2
72 73 2
72 73 6
74 75 6
74 78 5
74 78 3
75 80 3
75 81 3
75 79 2
76 82 3
76 83 2
76 77 2
78 78 2
79 80 3
79 80 5
79 81 1
79 81 1
79 84 2
80 81 2
80 81 6
80 84 5
81 84 3
82 83 5
83 85 4
83 86 2
84 87 3
84 88 2
84 89 5
85 90 2
85 91 2
85 86 6
87 88 5
87 88 3
87 89 2
87 89 2
87 93 5
87 92 1
88 92 4
88 89 7
88 89 1
88 93 2
89 92 3
89 93 3
90 91 4
91 96 5
91 94 3
91 95 2
92 97 4
92 93 6
92 93 1
93 97 5
94 96 2
94 95 1
94 95 6
95 96 3
96 98 4
96 99 3
96 100 2
98 99 1
98 99 2
98 100 6
98 100 1
99 100 5
99 100 3
