52 120
1
1
1
1
2
1
1
1
1
1
1
1
1
1
1
1
1
1
1
1
1
1
1
1
1
2
1
1
1
1
1
1
1
1
1
1
4
3
3
3
3
3
3
3
3
3
3
3
3
3
3
3
0 48 8
0 1 2
0 2 6
0 37 8
1 48 8
1 2 4
1 4 5
1 5 1
2 3 3
2 48 8
3 8 4
3 6 2
3 7 3
4 5 4
4 5 1
4 9 3
5 9 4
6 8 6
6 8 1
6 36 8
6 7 5
6 7 3
7 8 1
7 8 2
7 36 8
8 36 8
9 10 6
9 11 3
10 11 3
10 12 4
10 13 2
11 14 2
11 15 3
11 16 5
11 17 7
12 13 2
12 38 8
13 39 8
14 15 1
14 16 3
14 17 5
14 18 5
14 19 3
14 20 1
15 16 1
15 16 2
15 17 4
15 20 6
15 21 3
16 17 2
16 20 5
16 21 2
17 22 3
18 24 2
18 19 2
18 20 4
18 23 4
19 24 6
19 20 2
19 23 4
20 21 3
21 25 5
21 25 3
22 26 2
22 27 4
23 24 2
23 24 2
25 25 2
26 27 2
26 27 6
28 40 8
28 41 8
28 29 2
28 30 4
29 37 8
29 38 8
29 39 8
29 48 8
29 30 2
30 32 6
30 31 4
31 32 2
31 33 2
31 34 4
31 35 6
32 49 8
33 34 2
33 35 4
33 50 8
34 35 2
34 51 8
35 42 8
35 43 8
35 44 8
35 45 8
35 46 8
35 47 8
37 48 0
37 38 0
37 39 0
38 48 0
38 39 0
39 48 0
40 41 0
40 49 0
42 43 0
42 44 0
42 45 0
42 46 0
42 47 0
43 44 0
43 45 0
43 46 0
43 47 0
44 45 0
44 46 0
44 47 0
45 46 0
45 47 0
46 47 0
