26 61
1
1
1
1
1
1
1
1
1
1
1
1
1
2
1
2
1
2
1
2
2
1
1
2
1
4
0 1 2
0 2 5
1 2 3
2 3 2
2 4 2
2 5 3
3 4 4
3 5 2
3 5 1
4 5 5
4 6 3
4 7 5
6 8 2
6 9 4
6 10 5
6 7 2
7 12 3
7 11 3
8 9 2
8 9 1
8 10 3
8 10 5
9 10 1
9 10 6
11 12 6
11 13 2
11 13 4
11 14 6
12 16 2
12 15 4
12 15 2
13 13 2
13 14 4
13 14 2
14 17 2
14 17 4
14 18 6
15 16 6
15 16 4
15 15 2
16 25 8
16 19 2
16 19 4
17 17 2
17 18 4
17 18 2
18 20 3
18 21 6
19 25 8
19 25 8
19 19 6
20 21 3
20 22 2
20 23 3
20 23 4
21 24 3
21 22 2
22 24 5
22 23 5
22 23 6
23 23 1
