53 114
1
1
1
2
1
1
1
1
1
2
1
1
1
1
1
1
1
1
1
1
1
1
1
2
1
1
1
1
2
1
1
2
1
1
2
1
2
1
1
1
1
1
1
1
1
1
1
1
1
1
1
1
4
0 1 3
0 2 6
0 52 8
1 2 3
1 3 6
1 3 4
1 4 2
3 3 2
3 4 4
3 4 2
4 5 3
4 6 6
5 8 2
5 6 3
5 7 6
6 9 2
6 9 4
6 10 2
7 8 4
7 11 6
7 12 4
8 13 4
8 14 2
9 9 6
9 10 4
9 10 2
10 16 6
10 15 3
11 12 2
13 17 3
13 18 6
13 14 2
14 18 3
14 19 5
15 16 3
16 20 3
16 21 5
17 18 3
17 19 5
17 22 2
18 19 2
19 22 3
20 21 2
21 24 6
21 23 3
23 24 3
23 24 2
23 25 2
24 25 4
25 26 2
25 27 5
26 27 3
26 28 3
26 28 5
27 29 3
27 30 3
28 28 2
29 32 3
29 30 6
29 31 2
29 31 4
31 32 5
31 32 1
31 31 6
32 33 2
33 34 1
33 34 3
33 35 4
33 36 5
33 36 6
33 37 1
34 34 2
34 35 3
34 35 1
34 36 4
34 36 5
34 36 2
34 36 3
34 37 2
34 37 4
35 36 1
35 36 2
35 37 5
36 36 1
36 37 6
36 37 7
37 38 1
37 39 3
37 40 5
38 40 1
38 40 6
38 39 4
39 40 2
39 41 2
39 42 6
41 42 4
42 43 3
42 44 2
43 44 5
43 45 3
43 46 5
45 46 2
46 48 5
46 47 2
47 48 3
48 49 2
48 50 3
48 51 4
49 50 5
49 50 3
49 51 6
49 51 1
50 51 1
50 51 2
