46 119
1
1
1
1
1
1
1
2
2
1
1
1
1
1
1
1
2
1
1
1
1
1
1
1
1
2
1
1
1
1
1
1
2
1
1
1
1
1
1
2
1
1
1
1
2
4
0 1 6
0 2 4
0 3 2
0 4 1
0 45 8
1 2 2
1 3 4
1 4 5
2 3 2
2 3 2
2 4 3
2 4 5
2 5 3
3 4 1
3 4 7
3 5 5
4 5 2
5 6 2
5 7 4
5 7 6
6 8 5
6 9 1
6 7 2
6 7 4
7 7 2
8 9 1
8 9 4
8 10 3
9 10 4
10 11 6
10 12 4
11 12 2
11 12 6
11 13 2
11 14 3
11 15 4
12 13 4
12 14 3
12 15 2
13 14 1
13 14 1
13 15 2
13 16 1
13 16 3
13 17 4
13 18 5
13 19 6
14 15 1
14 16 2
14 16 4
14 17 5
14 18 6
14 19 7
15 17 3
15 18 4
15 19 2
15 20 5
16 16 2
16 17 3
16 17 1
16 18 4
16 18 2
16 19 5
16 19 3
17 18 1
17 18 1
17 19 2
17 19 1
17 20 2
18 19 1
18 19 2
18 20 1
19 20 3
20 21 2
20 22 6
21 24 5
21 22 4
21 23 2
22 25 3
22 25 5
23 24 3
23 26 2
23 27 5
24 28 2
24 29 6
25 25 2
26 27 3
26 30 5
26 31 3
28 32 6
28 32 4
28 29 4
28 33 2
29 34 3
29 35 6
30 36 5
30 37 3
30 38 1
30 31 2
32 32 2
32 33 4
32 33 2
33 39 6
33 39 4
34 35 3
36 40 2
36 41 5
36 38 4
36 37 2
37 42 4
37 43 2
37 38 2
38 43 3
39 39 2
40 41 3
41 44 4
41 44 2
42 43 2
44 44 6
