68 147
1
1
1
1
1
1
1
1
1
1
1
1
1
1
1
1
1
1
1
2
1
1
1
1
1
1
1
1
1
1
1
1
1
1
1
1
1
2
1
1
1
1
1
1
1
1
1
1
1
1
1
1
1
2
2
1
1
1
1
1
2
1
1
1
1
1
1
4
0 1 2
0 2 4
1 2 2
2 3 2
2 4 6
3 4 4
3 5 6
3 6 2
4 8 4
4 7 2
5 11 2
5 9 5
5 10 3
5 6 4
7 8 2
7 12 3
7 13 6
8 14 2
8 15 3
9 16 5
9 10 2
9 11 3
10 17 2
10 11 2
10 11 1
11 17 4
12 18 2
12 19 5
12 19 6
12 13 3
13 20 3
13 21 3
14 23 2
14 22 4
14 15 5
15 67 8
16 24 5
16 26 6
16 25 3
18 27 5
18 28 3
18 19 3
18 19 4
19 19 1
20 32 5
20 21 6
20 29 1
20 30 2
20 31 4
21 33 5
21 29 4
22 34 3
22 35 2
22 36 2
22 23 6
23 37 2
23 37 4
24 25 1
24 25 2
24 26 2
24 26 1
25 26 3
25 26 3
27 28 2
27 38 5
27 39 3
28 40 4
28 41 2
29 32 6
29 33 1
29 30 3
29 31 5
30 32 3
30 42 3
30 43 5
30 31 2
31 32 2
31 32 1
31 33 3
31 44 2
32 33 1
32 44 4
33 44 5
34 35 6
34 35 1
34 36 5
35 36 4
36 46 5
36 45 3
37 37 2
38 48 2
38 39 2
38 47 4
39 48 6
39 47 4
40 41 1
40 41 2
40 50 3
40 49 5
41 49 4
41 50 2
42 43 2
42 51 4
42 52 6
43 51 4
43 52 2
45 53 4
45 53 6
45 46 2
46 54 4
46 54 2
47 48 2
47 48 2
49 50 2
49 50 2
49 55 4
50 55 6
51 52 2
51 52 2
53 53 2
54 54 6
55 56 3
56 57 2
56 58 5
57 58 3
58 59 2
58 60 4
58 60 6
59 60 2
59 60 4
59 61 2
59 62 5
59 63 6
60 60 2
61 64 5
61 65 4
61 66 2
61 62 3
61 63 4
62 63 2
62 63 1
64 65 6
64 65 1
64 66 5
64 66 3
65 66 1
65 66 2
