33 62
1
1
1
1
2
1
1
1
1
1
1
1
1
1
1
1
1
1
1
1
2
1
1
1
1
2
1
2
1
2
1
1
4
0 1 2
0 2 4
0 3 5
1 2 2
1 3 3
1 4 5
1 4 3
2 3 1
2 3 6
2 5 4
3 5 2
4 4 2
5 6 2
5 7 4
6 7 2
7 8 3
7 9 6
8 9 3
8 10 3
8 11 6
9 12 3
9 13 3
10 11 3
10 14 5
10 15 3
11 16 2
11 17 6
12 13 6
13 32 8
14 18 6
14 19 2
14 15 2
15 20 4
15 20 2
16 17 4
17 21 3
17 22 6
18 19 4
19 24 3
19 23 5
20 20 2
21 22 3
22 25 2
22 25 4
22 26 6
23 24 2
25 25 2
25 26 4
25 26 2
26 27 2
26 27 4
26 28 2
27 27 6
27 28 4
27 28 2
28 29 2
28 29 4
28 30 6
29 29 2
29 30 4
29 30 2
30 31 4
