35 70
1
1
1
1
1
1
1
1
1
1
1
2
2
2
1
1
1
1
1
1
1
1
2
1
1
1
1
2
1
1
2
1
2
1
4
0 1 2
0 2 4
1 2 2
2 3 2
2 4 4
3 4 2
3 5 3
3 6 5
4 8 3
4 7 2
5 9 4
5 10 6
5 6 2
6 11 3
6 11 5
7 8 5
7 12 4
7 12 2
8 34 8
8 13 2
8 13 4
8 14 2
9 16 4
9 10 2
9 15 2
10 17 2
10 18 6
11 11 2
12 12 6
13 34 8
13 34 8
13 13 6
13 14 4
13 14 2
14 34 8
14 19 3
14 20 6
15 16 2
16 17 3
16 21 2
17 18 4
17 21 5
18 22 4
18 22 2
18 23 2
19 20 3
21 24 4
21 25 6
22 22 2
22 23 6
22 23 4
23 26 2
23 27 2
23 27 4
24 25 2
26 27 4
26 27 6
26 28 3
26 29 3
27 27 2
28 29 6
28 30 5
28 30 3
29 32 3
29 31 1
30 30 2
31 32 1
31 32 4
31 33 4
32 33 5
