39 73
1
1
1
1
1
1
1
1
1
1
1
1
1
1
1
1
1
1
2
1
1
1
1
1
1
2
1
1
1
1
1
1
1
1
1
1
1
1
4
0 1 2
0 2 6
1 2 4
1 3 6
1 4 4
2 5 2
2 6 3
2 7 4
3 4 2
4 8 5
4 9 2
5 38 8
5 6 5
5 6 3
5 7 6
5 7 1
6 38 8
6 7 1
6 7 2
7 38 8
8 9 3
9 10 6
9 11 4
10 11 2
11 12 6
11 13 4
12 13 2
13 16 2
13 14 5
13 15 3
14 16 3
14 16 5
14 17 3
14 15 2
14 15 2
15 16 1
15 16 7
15 17 5
16 17 2
17 18 5
17 19 3
18 19 2
18 19 2
18 20 3
19 20 5
20 21 2
20 22 5
21 24 5
21 22 3
21 23 3
22 25 3
22 26 6
23 24 2
25 26 3
25 27 3
25 28 3
26 27 2
26 29 3
27 28 6
27 29 5
28 30 2
28 31 5
30 31 3
31 32 3
31 33 5
32 33 2
33 34 7
34 35 3
34 36 4
35 36 2
35 36 1
35 37 2
36 37 4
