57 135
1
1
1
1
1
1
1
1
1
1
1
1
1
1
1
1
1
1
1
1
1
1
1
1
1
1
1
1
1
1
1
1
1
1
1
2
1
1
1
1
1
2
1
1
1
1
2
1
1
1
2
1
2
2
1
2
4
0 1 1
0 2 3
0 3 5
1 2 4
1 3 1
1 3 6
2 3 2
2 4 2
2 5 6
4 8 3
4 5 4
4 6 6
4 7 4
5 9 3
5 10 3
6 8 5
6 8 3
6 7 7
6 7 2
7 8 2
7 8 1
9 10 6
9 11 2
9 12 4
10 13 2
10 14 5
11 16 5
11 12 2
11 12 2
11 15 3
12 16 7
12 15 5
13 17 3
13 18 6
13 14 3
14 19 3
14 20 3
15 16 2
15 16 1
15 21 3
16 21 4
17 18 3
17 22 6
17 23 2
18 24 4
18 25 6
19 26 3
19 27 5
19 20 6
20 56 8
22 28 6
22 29 3
22 23 4
23 32 3
23 30 6
23 31 4
24 33 3
24 34 6
24 25 2
25 35 2
25 35 4
26 27 2
26 27 2
26 36 3
26 37 4
27 36 5
27 37 6
28 40 5
28 29 3
28 38 4
28 39 2
30 32 3
30 32 5
30 31 2
30 31 7
31 32 1
31 32 2
33 41 3
33 41 5
33 34 3
34 42 2
34 43 4
35 35 6
36 44 2
36 37 2
36 37 1
36 45 5
37 44 4
37 45 3
38 40 1
38 40 1
38 46 2
38 46 4
38 39 2
39 40 3
39 47 6
39 48 4
39 49 3
40 46 3
40 46 3
41 41 2
42 43 2
42 50 3
42 50 5
42 51 7
42 54 7
43 52 2
43 52 4
44 53 3
44 53 4
44 45 7
44 45 2
45 53 5
45 53 6
46 46 6
47 48 2
47 48 7
47 49 3
47 49 5
48 49 1
48 49 2
50 51 4
50 51 2
50 50 2
50 54 4
50 54 2
51 54 0
51 54 0
51 55 3
51 55 4
52 52 6
53 53 1
54 55 3
54 55 4
55 55 1
