35 72
1
1
1
1
1
1
1
1
1
1
1
1
1
2
1
1
1
1
1
2
1
1
1
1
1
1
1
2
1
2
1
1
2
1
4
0 1 2
0 2 4
1 2 2
2 3 3
2 4 2
3 4 5
3 5 3
3 6 5
4 34 8
5 8 6
5 6 2
5 7 2
6 9 3
6 10 5
7 8 4
7 11 5
7 12 3
9 10 2
9 13 3
9 13 5
10 16 6
10 14 4
11 17 3
11 18 4
11 12 2
11 12 6
12 17 3
12 18 2
13 13 2
14 16 2
14 15 4
15 19 4
15 19 2
17 18 2
17 18 1
17 20 4
18 20 6
19 19 2
20 21 2
20 22 2
20 23 3
21 22 4
21 23 1
21 23 2
22 23 5
22 24 3
22 25 5
22 26 7
24 25 2
24 26 4
24 27 6
24 27 4
24 28 2
25 26 2
25 26 1
25 29 2
25 29 3
26 29 3
26 29 4
27 27 2
27 28 4
27 28 2
28 30 2
28 31 4
29 29 1
30 31 2
31 32 2
31 32 3
31 33 2
32 32 1
32 33 4
32 33 5
