38 83
1
1
1
2
1
1
1
1
1
1
1
1
1
1
1
1
2
1
1
1
1
1
1
1
1
2
1
1
1
2
1
1
1
4
3
3
3
3
0 1 2
0 2 5
0 35 8
1 2 3
1 3 4
1 3 2
2 4 2
2 5 2
3 3 2
4 36 8
4 5 4
5 6 3
5 7 5
6 9 3
6 10 6
6 7 2
7 8 3
7 33 8
8 33 8
8 11 3
8 12 5
8 13 6
9 16 5
9 16 6
9 10 3
9 14 2
9 15 3
10 18 4
10 19 6
10 17 2
11 20 3
11 12 2
11 13 3
11 21 5
12 13 1
12 13 2
14 16 3
14 16 4
14 22 2
14 15 1
14 15 1
15 16 2
15 16 3
15 22 3
16 16 1
17 24 4
17 18 2
17 18 2
17 19 4
17 23 3
18 24 6
18 19 2
18 23 5
19 25 3
19 25 3
20 27 3
20 26 5
20 28 2
20 21 2
21 29 3
21 29 5
22 31 3
22 30 5
23 24 2
23 24 1
23 32 2
24 32 4
25 25 6
26 32 4
26 28 3
26 27 2
27 28 2
27 28 1
29 29 2
30 34 8
30 31 2
31 37 8
34 35 0
34 36 0
34 37 0
35 36 0
35 37 0
36 37 0
