25 70
1
1
1
1
1
1
1
1
1
1
1
1
1
2
1
4
3
3
3
3
3
3
3
3
3
0 16 8
0 1 2
0 2 4
0 3 6
1 2 2
1 3 4
1 4 5
1 5 2
2 3 2
2 6 2
2 7 4
3 8 2
3 9 4
3 10 3
4 11 6
4 12 4
4 5 3
5 21 8
6 24 8
6 22 8
6 7 2
7 23 8
8 9 2
8 9 1
8 10 5
8 10 3
8 13 2
8 13 3
8 15 8
9 10 7
9 10 2
9 13 3
9 13 4
9 15 8
10 13 5
10 13 6
10 15 8
11 12 2
11 12 7
11 20 8
12 20 8
13 13 1
13 15 8
13 15 8
14 16 8
14 17 8
14 18 8
14 19 8
14 20 8
14 21 8
14 22 8
14 23 8
14 24 8
16 17 0
16 18 0
16 22 0
16 23 0
17 18 0
17 22 0
17 23 0
18 22 0
18 23 0
19 24 0
19 20 0
19 21 0
20 21 0
20 24 0
21 24 0
22 23 0
22 24 0
