25 64
1
1
1
1
1
1
1
1
1
1
1
1
1
1
4
3
3
3
3
3
3
3
3
3
3
0 1 2
0 2 4
0 14 8
0 15 8
1 16 8
1 2 2
2 3 2
2 4 4
3 17 8
3 4 2
4 5 2
4 6 4
5 18 8
5 6 2
6 8 4
6 7 2
7 8 2
7 19 8
8 9 3
8 10 5
8 11 7
9 10 2
9 11 4
9 20 8
10 11 2
10 11 1
10 12 3
11 12 4
12 21 8
13 15 8
13 16 8
13 17 8
13 18 8
13 19 8
13 20 8
13 21 8
13 22 8
13 23 8
13 24 8
14 15 0
15 16 0
15 17 0
15 18 0
15 19 0
15 21 0
15 24 0
16 17 0
16 18 0
16 19 0
16 21 0
16 24 0
17 18 0
17 19 0
17 21 0
17 24 0
18 19 0
18 21 0
18 24 0
19 21 0
19 24 0
20 22 0
20 23 0
21 24 0
22 23 0
