36 77
1
1
1
2
1
1
1
2
1
1
1
1
2
1
2
1
1
1
1
1
1
1
1
1
1
1
1
2
1
1
1
1
1
1
2
4
0 1 4
0 2 6
0 35 8
1 2 2
1 3 3
1 4 5
3 4 2
3 5 3
3 6 2
4 6 3
4 7 6
5 8 2
5 9 4
5 6 5
5 7 5
6 7 3
7 8 3
7 9 1
8 9 2
8 9 1
8 10 3
9 10 4
10 11 2
10 12 6
11 12 4
11 12 6
11 13 2
12 13 4
13 14 5
13 15 2
14 16 2
14 15 2
14 15 3
15 16 4
16 17 3
16 18 6
17 18 3
17 19 5
17 20 3
17 21 2
19 20 2
19 20 6
19 21 3
19 22 3
19 23 4
20 21 1
20 22 3
20 23 2
21 24 5
22 25 3
22 26 5
22 23 7
22 23 1
23 25 4
23 26 2
24 27 3
24 27 5
25 26 2
25 26 2
25 28 4
26 28 6
27 27 2
28 29 2
28 30 5
29 32 4
29 33 2
29 30 3
29 31 5
30 34 2
30 34 4
31 32 6
31 32 1
31 33 5
31 33 3
32 33 1
32 33 2
34 34 2
