42 110
1
1
1
1
1
1
1
1
2
1
1
2
1
2
2
1
1
1
1
1
1
1
1
1
1
1
1
1
1
1
4
3
3
3
3
3
3
3
3
3
3
3
0 1 2
0 2 4
0 30 8
0 31 8
1 32 8
1 2 2
2 3 2
2 4 5
2 5 6
3 4 3
3 5 4
3 6 2
3 7 4
4 5 1
4 5 2
6 8 6
6 8 4
6 7 2
7 36 8
7 38 8
7 39 8
7 40 8
7 9 3
7 10 5
7 41 8
8 8 2
9 36 8
9 38 8
9 39 8
9 40 8
9 41 8
9 10 2
9 11 3
9 11 5
10 36 8
10 38 8
10 40 8
10 39 8
10 12 2
10 13 2
10 13 4
10 41 8
11 11 2
12 16 2
12 13 4
12 13 6
12 14 3
12 14 5
12 15 2
13 13 2
14 16 5
14 16 7
14 14 2
14 15 5
14 15 7
15 16 0
15 16 0
15 17 4
16 17 4
17 18 3
18 35 8
18 37 8
19 32 8
19 33 8
19 34 8
19 36 8
19 20 4
19 21 6
19 31 8
20 21 2
20 22 2
20 23 4
21 24 2
21 25 3
22 26 5
22 27 3
22 23 2
23 41 8
24 25 5
24 37 8
25 35 8
26 27 2
26 38 8
27 28 4
27 29 2
28 29 2
28 39 8
29 40 8
30 31 0
31 32 0
31 34 0
31 36 0
31 33 0
32 34 0
32 36 0
32 33 0
33 34 0
33 36 0
34 36 0
35 37 0
36 38 0
36 40 0
36 41 0
36 39 0
38 40 0
38 41 0
38 39 0
39 40 0
39 41 0
40 41 0
