101 515
1
1
1
1
1
1
1
1
1
1
1
1
1
1
1
1
1
1
1
1
1
1
1
1
1
1
1
1
1
1
1
1
1
1
1
1
1
1
1
1
1
1
1
2
4
3
3
3
3
3
3
3
3
3
3
3
3
3
3
3
3
3
3
3
3
3
3
3
3
3
3
3
3
3
3
3
3
3
3
3
3
3
3
3
3
3
3
3
3
3
3
3
3
3
3
3
3
3
3
3
3
0 1 4
0 2 6
0 45 8
1 2 2
1 3 2
1 4 4
2 44 8
2 46 8
3 4 2
3 97 8
3 47 8
4 5 3
4 6 2
5 8 4
5 6 5
5 7 2
6 49 8
7 8 2
7 50 8
8 9 2
8 10 4
9 10 2
9 51 8
10 11 2
10 12 4
11 52 8
11 12 2
12 13 3
12 14 5
13 16 4
13 14 2
13 15 2
14 54 8
15 16 2
15 55 8
16 17 2
16 18 4
17 56 8
17 18 2
18 19 2
18 20 4
19 57 8
19 20 2
20 21 2
20 22 4
21 58 8
21 22 2
22 24 4
22 23 2
23 24 2
23 63 8
24 25 3
24 26 6
25 26 3
25 27 2
25 28 5
25 29 6
26 64 8
27 66 8
27 28 3
27 29 4
28 29 2
28 29 1
28 30 2
29 30 4
30 65 8
31 32 2
31 33 6
31 97 8
32 33 4
32 98 8
32 68 8
32 76 8
32 48 8
32 53 8
32 59 8
32 60 8
32 61 8
32 62 8
33 34 2
33 36 4
34 35 3
34 36 2
35 37 3
35 38 6
36 64 8
36 67 8
36 66 8
36 65 8
36 45 8
36 46 8
36 47 8
36 49 8
36 50 8
36 51 8
36 52 8
36 54 8
36 55 8
36 56 8
36 57 8
36 58 8
36 63 8
37 99 8
37 38 3
38 40 6
38 39 4
39 40 2
39 41 3
39 42 6
40 43 3
40 43 3
41 96 8
41 100 8
41 42 3
41 78 8
41 79 8
41 81 8
41 83 8
41 84 8
41 85 8
41 86 8
41 87 8
41 88 8
41 89 8
41 90 8
41 91 8
41 92 8
41 93 8
41 94 8
41 95 8
42 75 8
42 69 8
42 70 8
42 71 8
42 72 8
42 74 8
42 77 8
42 80 8
42 82 8
42 73 8
43 43 6
44 46 0
45 64 0
45 66 0
45 67 0
45 65 0
45 46 0
45 47 0
45 49 0
45 50 0
45 51 0
45 52 0
45 54 0
45 55 0
45 56 0
45 57 0
45 58 0
45 63 0
46 64 0
46 65 0
46 67 0
46 66 0
46 47 0
46 49 0
46 50 0
46 51 0
46 52 0
46 54 0
46 55 0
46 56 0
46 57 0
46 58 0
46 63 0
47 64 0
47 97 0
47 66 0
47 65 0
47 67 0
47 49 0
47 50 0
47 51 0
47 52 0
47 54 0
47 55 0
47 56 0
47 57 0
47 58 0
47 63 0
48 98 0
48 68 0
48 76 0
48 53 0
48 59 0
48 60 0
48 61 0
48 62 0
49 64 0
49 65 0
49 66 0
49 67 0
49 50 0
49 51 0
49 52 0
49 54 0
49 55 0
49 56 0
49 57 0
49 58 0
49 63 0
50 64 0
50 65 0
50 66 0
50 67 0
50 51 0
50 52 0
50 54 0
50 55 0
50 56 0
50 57 0
50 58 0
50 63 0
51 64 0
51 65 0
51 66 0
51 67 0
51 52 0
51 54 0
51 55 0
51 56 0
51 57 0
51 58 0
51 63 0
52 64 0
52 65 0
52 66 0
52 67 0
52 54 0
52 55 0
52 56 0
52 57 0
52 58 0
52 63 0
53 98 0
53 68 0
53 76 0
53 59 0
53 60 0
53 61 0
53 62 0
54 64 0
54 65 0
54 66 0
54 67 0
54 55 0
54 56 0
54 57 0
54 58 0
54 63 0
55 64 0
55 65 0
55 66 0
55 67 0
55 56 0
55 57 0
55 58 0
55 63 0
56 64 0
56 65 0
56 66 0
56 67 0
56 57 0
56 58 0
56 63 0
57 64 0
57 66 0
57 67 0
57 65 0
57 58 0
57 63 0
58 64 0
58 65 0
58 66 0
58 67 0
58 63 0
59 98 0
59 68 0
59 76 0
59 60 0
59 61 0
59 62 0
60 98 0
60 68 0
60 76 0
60 61 0
60 62 0
61 98 0
61 68 0
61 76 0
61 62 0
62 98 0
62 68 0
62 76 0
63 64 0
63 65 0
63 66 0
63 67 0
64 65 0
64 66 0
64 67 0
65 66 0
65 67 0
66 67 0
67 99 0
68 98 0
68 76 0
69 70 0
69 71 0
69 72 0
69 73 0
69 74 0
69 75 0
69 77 0
69 80 0
69 82 0
70 71 0
70 72 0
70 73 0
70 74 0
70 75 0
70 77 0
70 80 0
70 82 0
71 72 0
71 73 0
71 74 0
71 75 0
71 77 0
71 80 0
71 82 0
72 73 0
72 74 0
72 75 0
72 77 0
72 80 0
72 82 0
73 74 0
73 75 0
73 77 0
73 80 0
73 82 0
74 75 0
74 77 0
74 80 0
74 82 0
75 100 0
75 77 0
75 80 0
75 82 0
76 98 0
77 80 0
77 82 0
78 96 0
78 100 0
78 79 0
78 81 0
78 83 0
78 84 0
78 85 0
78 86 0
78 87 0
78 88 0
78 89 0
78 90 0
78 91 0
78 92 0
78 93 0
78 94 0
78 95 0
79 96 0
79 100 0
79 81 0
79 83 0
79 84 0
79 85 0
79 86 0
79 87 0
79 88 0
79 89 0
79 90 0
79 91 0
79 92 0
79 93 0
79 94 0
79 95 0
80 82 0
81 96 0
81 100 0
81 83 0
81 84 0
81 85 0
81 86 0
81 87 0
81 88 0
81 89 0
81 90 0
81 91 0
81 92 0
81 93 0
81 94 0
81 95 0
83 96 0
83 100 0
83 84 0
83 85 0
83 86 0
83 87 0
83 88 0
83 89 0
83 90 0
83 91 0
83 92 0
83 93 0
83 94 0
83 95 0
84 96 0
84 100 0
84 85 0
84 86 0
84 87 0
84 88 0
84 89 0
84 90 0
84 91 0
84 92 0
84 93 0
84 94 0
84 95 0
85 96 0
85 100 0
85 86 0
85 87 0
85 88 0
85 89 0
85 90 0
85 91 0
85 92 0
85 93 0
85 94 0
85 95 0
86 96 0
86 100 0
86 87 0
86 88 0
86 89 0
86 90 0
86 91 0
86 92 0
86 93 0
86 94 0
86 95 0
87 96 0
87 100 0
87 88 0
87 89 0
87 90 0
87 91 0
87 92 0
87 93 0
87 94 0
87 95 0
88 96 0
88 100 0
88 89 0
88 90 0
88 91 0
88 92 0
88 93 0
88 94 0
88 95 0
89 96 0
89 100 0
89 90 0
89 91 0
89 92 0
89 93 0
89 94 0
89 95 0
90 96 0
90 100 0
90 91 0
90 92 0
90 93 0
90 94 0
90 95 0
91 96 0
91 100 0
91 92 0
91 93 0
91 94 0
91 95 0
92 96 0
92 100 0
92 93 0
92 94 0
92 95 0
93 96 0
93 100 0
93 94 0
93 95 0
94 96 0
94 100 0
94 95 0
95 96 0
95 100 0
96 100 0
