33 79
1
1
2
1
1
1
1
1
1
1
1
1
1
1
1
1
1
1
2
1
1
1
1
1
1
1
4
3
3
3
3
3
3
0 32 8
0 1 2
0 2 6
0 26 8
0 27 8
0 31 8
1 32 8
1 2 4
1 3 3
1 4 5
1 5 7
1 31 8
2 4 3
2 5 4
2 32 8
2 31 8
3 4 2
3 5 4
3 6 3
4 5 1
4 5 2
6 8 5
6 9 6
6 7 3
7 8 2
7 9 3
7 10 2
7 11 5
7 12 6
8 9 2
8 9 1
10 11 3
10 12 4
10 13 5
10 14 2
11 12 2
11 12 1
13 14 3
13 15 6
13 16 4
13 17 3
13 29 8
13 30 8
14 18 3
14 18 5
15 16 7
15 16 2
15 17 5
15 17 3
15 30 8
15 29 8
16 17 2
16 17 1
16 29 8
16 30 8
17 29 8
17 30 8
18 18 2
19 27 8
19 20 3
19 21 5
19 22 7
20 24 3
20 21 2
20 22 4
20 23 6
21 25 3
21 22 2
21 22 1
22 25 4
23 24 3
23 28 8
23 29 8
24 30 8
25 31 8
26 27 0
28 29 0
29 30 0
31 32 0
