30 64
1
1
1
1
1
1
1
1
1
1
1
1
1
1
1
1
1
2
1
1
1
1
1
1
1
1
1
1
1
4
0 1 2
0 2 2
1 2 4
1 3 3
1 4 2
1 5 2
2 6 4
2 7 6
3 4 1
3 4 6
3 5 5
4 5 4
5 8 4
5 9 3
5 10 2
6 11 3
6 12 5
6 7 2
8 9 1
8 9 2
8 10 6
8 10 1
8 29 8
9 10 5
9 10 3
9 29 8
10 29 8
11 14 6
11 12 2
11 13 3
12 14 2
12 15 5
13 16 3
13 14 3
13 15 6
14 15 3
15 16 3
16 17 6
16 17 4
16 18 1
17 17 2
17 18 5
17 18 3
18 19 2
18 20 4
18 21 5
19 20 2
19 20 1
19 21 3
19 21 5
19 22 3
20 21 1
20 21 6
20 22 4
21 22 2
22 24 4
22 23 2
23 24 2
24 25 2
24 26 4
25 26 2
26 27 2
26 28 4
27 28 2
