25 79
1
1
1
1
1
1
1
1
1
1
4
3
3
3
3
3
3
3
3
3
3
3
3
3
3
0 16 8
0 1 2
0 2 6
0 11 8
0 17 8
1 2 4
1 3 5
1 4 3
1 15 8
1 16 8
1 17 8
1 18 8
1 19 8
1 24 8
2 10 8
2 13 8
2 16 8
2 17 8
3 4 2
3 12 8
3 15 8
3 18 8
3 19 8
3 24 8
4 14 8
4 15 8
4 18 8
4 19 8
4 20 8
4 21 8
4 22 8
4 23 8
4 24 8
5 6 3
5 7 4
5 8 6
5 11 8
5 12 8
5 13 8
5 14 8
5 15 8
6 8 3
6 8 3
6 9 2
6 7 2
6 7 1
7 8 1
7 8 2
7 9 4
8 9 5
9 24 8
10 13 0
11 12 0
11 13 0
11 14 0
11 15 0
12 13 0
12 14 0
12 15 0
13 14 0
13 15 0
14 15 0
14 20 0
14 21 0
14 22 0
14 23 0
15 18 0
15 19 0
15 24 0
16 17 0
18 19 0
18 24 0
19 24 0
20 22 0
20 21 0
20 23 0
21 22 0
21 23 0
22 23 0
