43 99
1
1
1
1
1
1
1
1
1
1
1
1
1
1
1
1
2
1
1
1
1
1
1
1
1
1
1
2
1
1
4
3
3
3
3
3
3
3
3
3
3
3
3
0 1 2
0 2 6
0 31 8
1 2 4
1 3 6
1 4 4
1 5 2
2 6 2
2 7 4
3 4 2
3 5 4
3 33 8
4 8 3
4 5 2
4 5 2
5 8 5
6 32 8
6 7 6
7 9 3
7 30 8
8 12 5
8 10 2
8 11 3
9 30 8
9 13 3
9 14 5
10 11 6
10 11 1
10 12 5
10 12 3
11 12 1
11 12 2
13 34 8
13 14 2
14 35 8
14 36 8
14 37 8
14 39 8
14 40 8
14 41 8
15 32 8
15 33 8
15 34 8
15 35 8
15 16 5
15 17 2
15 31 8
16 17 2
16 17 3
16 18 2
17 18 4
18 19 3
18 20 2
19 20 5
19 21 2
19 22 4
20 24 3
20 23 3
21 37 8
21 22 2
22 25 2
22 26 5
23 24 6
23 36 8
24 27 3
24 27 3
25 26 3
25 38 8
26 28 2
26 29 4
27 27 6
28 41 8
28 29 2
29 39 8
31 32 0
31 34 0
31 35 0
31 33 0
32 33 0
32 34 0
32 35 0
33 34 0
33 35 0
34 35 0
35 36 0
35 37 0
35 39 0
35 40 0
35 41 0
36 37 0
36 39 0
36 40 0
36 41 0
37 39 0
37 40 0
37 41 0
39 40 0
39 41 0
40 41 0
