39 93
1
1
1
1
1
1
2
1
1
1
1
1
1
1
1
1
1
1
1
1
2
1
1
1
2
1
1
1
1
1
1
1
4
3
3
3
3
3
3
0 1 4
0 33 8
1 2 2
1 3 5
2 3 3
2 4 4
2 5 2
3 32 8
3 6 2
3 6 4
3 7 2
4 8 4
4 9 2
4 5 2
5 9 6
5 11 2
5 10 3
6 32 8
6 32 8
6 6 6
6 7 4
6 7 2
7 32 8
7 12 3
7 13 5
8 37 8
8 9 2
8 14 5
8 15 4
8 16 2
9 10 3
9 11 4
10 17 2
10 11 2
10 11 1
11 17 4
12 18 3
12 13 2
12 13 2
13 18 5
14 16 5
14 16 3
14 37 8
14 15 6
14 15 1
15 16 1
15 16 2
15 37 8
16 37 8
17 35 8
17 38 8
18 19 2
18 20 6
19 20 4
19 20 6
19 21 3
20 21 3
21 24 5
21 24 6
21 22 2
21 23 3
22 24 3
22 24 4
22 25 2
22 23 1
22 23 1
23 24 2
23 24 3
23 25 3
24 24 1
25 26 5
25 27 4
25 28 2
26 27 6
26 27 1
26 28 5
26 28 3
27 28 1
27 28 2
29 33 8
29 34 8
29 35 8
29 30 3
29 31 6
30 37 8
30 36 8
30 31 3
31 38 8
33 34 0
33 35 0
34 35 0
35 38 0
36 37 0
