22 64
1
1
1
1
1
1
1
1
1
1
1
2
4
3
3
3
3
3
3
3
3
3
0 1 1
0 13 8
0 14 8
1 2 4
1 13 8
2 3 2
2 4 4
3 4 2
3 5 2
3 6 5
3 7 6
4 6 5
4 7 3
5 15 8
5 6 3
5 7 4
6 7 1
6 7 2
8 9 2
8 10 6
8 12 8
8 20 8
9 10 4
9 11 4
9 11 2
9 13 8
9 14 8
9 15 8
9 16 8
9 17 8
9 18 8
10 19 8
10 21 8
11 11 2
11 13 8
11 13 8
11 14 8
11 14 8
11 15 8
11 15 8
11 16 8
11 16 8
11 17 8
11 17 8
11 18 8
11 18 8
12 20 0
13 14 0
13 15 0
13 16 0
13 17 0
13 18 0
14 15 0
14 16 0
14 17 0
14 18 0
15 16 0
15 17 0
15 18 0
16 17 0
16 18 0
17 18 0
19 21 0
20 21 0
