28 72
1
1
1
1
1
1
1
1
1
1
1
2
1
1
2
1
4
3
3
3
3
3
3
3
3
3
3
3
0 1 2
0 2 6
0 17 8
1 2 4
1 4 6
1 5 4
1 6 3
2 3 3
3 8 2
3 9 3
3 7 2
4 5 7
4 5 2
4 6 5
4 6 3
5 6 2
5 6 1
7 8 4
7 9 1
7 9 2
8 9 5
8 10 3
8 11 5
8 16 8
10 16 8
10 11 5
10 11 2
10 12 3
11 16 8
11 12 2
12 13 2
13 14 5
13 14 3
14 14 2
15 17 8
15 18 8
15 19 8
15 20 8
15 21 8
15 22 8
15 23 8
15 24 8
15 25 8
15 26 8
15 27 8
17 18 0
17 20 0
17 26 0
18 26 0
18 20 0
19 21 0
19 22 0
19 23 0
19 24 0
19 25 0
19 27 0
20 26 0
21 22 0
21 23 0
21 24 0
21 25 0
21 27 0
22 23 0
22 24 0
22 25 0
22 27 0
23 24 0
23 25 0
23 27 0
24 25 0
24 27 0
25 27 0
