28 64
1
1
1
1
1
1
1
1
1
1
1
2
1
1
2
1
1
1
1
1
1
1
2
1
1
1
1
4
0 1 3
0 2 6
1 2 3
1 3 3
1 4 5
1 5 7
2 6 3
2 7 3
3 4 2
3 5 4
3 8 2
3 9 5
3 10 6
4 11 2
4 11 3
4 5 1
4 5 2
5 11 3
5 11 4
6 12 2
6 13 5
6 7 6
7 14 3
7 14 3
8 16 5
8 9 3
8 10 4
8 15 3
9 10 2
9 10 1
11 11 1
12 13 3
13 17 2
13 18 4
13 19 3
14 14 6
15 16 6
15 16 2
15 20 4
16 20 2
17 27 8
17 18 1
17 18 2
17 19 3
17 19 5
18 27 8
18 19 2
18 19 7
19 27 8
20 21 2
20 22 6
21 22 6
21 22 4
21 23 4
22 23 2
23 24 2
23 25 3
23 26 5
24 25 6
24 25 1
24 26 5
24 26 3
25 26 1
25 26 2
