28 84
1
1
1
1
1
1
1
2
1
1
1
1
1
1
1
1
1
1
1
1
1
2
1
2
1
1
1
4
0 1 2
0 2 4
1 2 2
2 3 3
2 4 2
3 4 5
3 5 3
3 6 5
4 27 8
4 7 2
4 7 4
5 6 2
5 6 2
5 8 1
5 9 2
5 10 3
5 11 4
5 12 5
6 8 3
6 9 4
6 10 5
6 11 6
6 12 7
7 27 8
7 27 8
7 7 6
8 9 1
8 9 1
8 10 2
8 11 3
8 12 4
8 13 2
8 14 4
8 15 6
9 10 1
9 11 2
9 12 3
9 13 3
9 14 5
9 15 7
10 11 1
10 12 2
10 14 3
10 15 2
10 16 5
10 17 1
11 12 2
11 12 1
11 17 1
11 18 2
12 17 1
12 18 4
13 19 5
13 14 2
13 15 4
14 15 1
14 15 2
14 16 2
14 17 4
15 16 3
15 17 3
16 17 6
16 20 2
16 21 3
16 21 4
17 18 3
18 22 3
18 23 3
19 24 5
19 25 4
19 26 2
20 21 5
20 21 6
20 22 2
20 23 5
21 21 1
22 23 3
22 23 6
24 25 1
24 25 6
24 26 3
24 26 5
25 26 2
25 26 1
