55 110
1
1
1
1
1
1
1
1
1
1
1
1
1
1
1
1
1
1
1
1
1
1
1
1
1
1
1
1
1
1
1
2
2
1
1
1
2
1
1
1
1
2
1
1
1
1
1
1
1
1
2
1
1
1
4
0 1 2
0 3 6
1 2 3
1 3 4
2 4 3
2 5 5
3 6 2
3 7 3
4 5 2
5 8 4
5 9 6
6 7 5
7 10 2
7 11 4
8 9 2
8 12 2
8 13 4
10 15 2
10 11 6
10 14 4
11 16 3
11 17 2
12 13 2
13 18 3
13 19 6
14 15 2
16 17 5
17 20 2
17 21 2
17 22 3
18 24 3
18 25 2
18 19 3
18 23 5
20 21 4
20 22 1
20 22 2
21 26 3
21 27 6
21 22 5
23 24 6
23 24 2
23 25 3
23 28 3
24 25 1
24 28 3
25 29 4
25 30 5
26 27 3
26 31 3
26 31 5
27 32 3
27 32 3
27 54 8
29 33 4
29 30 6
29 30 1
30 33 2
31 31 2
32 32 6
32 54 8
32 54 8
33 34 2
33 35 4
34 35 2
35 36 3
35 36 5
35 37 7
35 38 7
36 36 2
36 37 4
36 37 2
36 38 4
36 38 2
37 38 0
37 38 0
37 39 4
38 39 4
39 40 2
39 41 4
39 41 5
40 41 2
40 41 3
40 42 2
40 43 4
41 41 1
42 43 6
43 44 2
44 45 1
44 46 3
44 47 5
45 46 4
45 47 1
45 47 6
46 48 3
46 49 5
46 47 2
48 49 2
48 50 3
48 50 5
49 51 2
49 52 4
49 53 3
50 50 2
51 52 2
51 52 1
51 53 5
51 53 3
52 53 7
52 53 2
