56 132
1
1
1
1
1
1
1
1
1
1
1
1
1
1
1
2
1
1
1
1
1
1
1
1
2
1
1
1
1
1
1
1
1
1
1
1
1
1
1
1
1
2
2
1
1
2
1
1
1
1
1
1
1
1
1
4
0 1 6
0 2 2
0 55 8
1 2 4
1 3 4
1 4 2
2 5 3
2 6 6
3 8 4
3 4 2
3 9 5
3 7 2
4 10 2
4 5 5
5 10 3
5 6 3
6 11 2
6 12 4
7 8 2
7 9 3
7 13 4
7 14 2
8 9 1
8 9 1
8 10 2
8 14 1
8 15 3
8 15 4
9 10 3
9 14 2
9 15 4
9 15 5
10 14 1
10 15 1
10 15 2
11 16 4
11 17 2
11 12 2
12 18 3
12 19 6
13 22 3
13 20 6
13 21 4
13 14 2
14 15 2
14 15 3
15 15 1
16 17 2
16 17 2
16 23 4
17 23 2
18 24 6
18 24 4
18 25 1
18 19 3
20 22 3
20 22 5
20 21 2
20 21 7
21 22 1
21 22 2
23 26 6
23 27 4
24 24 2
24 25 5
24 25 3
25 28 3
26 27 2
26 29 3
26 30 5
27 32 4
27 31 2
28 33 2
28 34 4
28 35 5
29 36 4
29 37 3
29 30 2
29 30 2
30 36 2
30 37 5
31 32 2
32 39 4
32 38 2
33 34 1
33 34 2
33 35 5
33 35 3
34 35 6
34 35 1
36 40 4
36 41 2
36 37 7
36 37 1
37 40 3
37 41 3
38 39 2
39 42 2
39 43 5
40 41 4
40 41 6
40 44 2
41 44 6
42 43 2
42 43 3
42 45 3
42 45 4
43 45 5
43 45 6
44 46 3
44 47 2
45 45 1
46 48 3
46 47 5
46 47 2
47 48 5
48 49 3
48 50 2
48 51 2
49 50 6
49 50 1
49 51 5
50 51 4
51 52 2
51 53 3
51 54 4
52 53 3
52 53 5
52 54 1
52 54 6
53 54 2
53 54 1
