52 114
1
1
1
1
1
1
1
1
1
1
1
1
1
1
1
1
2
2
1
1
1
1
2
1
1
1
1
1
1
1
2
1
1
2
1
1
1
2
1
1
1
1
2
1
2
1
1
1
2
1
1
4
0 1 3
0 2 5
1 2 2
2 3 3
2 4 5
3 4 2
3 5 2
3 6 6
4 8 3
4 7 3
5 9 4
5 10 2
5 6 4
6 11 3
6 12 6
7 8 6
7 13 3
7 14 2
7 15 2
8 16 3
8 16 5
9 17 6
9 17 4
9 10 2
10 18 5
10 19 3
11 12 3
12 20 2
12 21 3
13 15 5
13 14 1
13 22 4
13 22 2
13 23 2
14 15 4
15 24 2
15 25 2
15 26 3
16 16 2
17 17 2
18 27 4
18 19 2
18 19 6
19 27 2
20 28 3
20 29 5
20 21 5
21 30 3
21 31 6
22 22 2
22 23 6
22 23 4
24 32 4
24 25 4
24 26 1
24 26 2
25 33 3
25 33 5
25 34 7
25 43 7
25 26 5
26 32 6
27 35 3
27 36 5
28 29 2
28 37 5
28 37 3
29 38 3
29 39 3
30 40 2
30 41 5
30 31 3
30 31 2
31 40 4
31 41 3
32 42 4
32 42 6
32 51 8
33 34 4
33 34 2
33 43 4
33 43 2
33 33 2
34 43 0
34 43 0
34 44 3
34 44 4
35 36 2
35 45 5
35 46 3
35 47 1
36 48 3
36 48 5
37 37 2
38 39 6
40 41 7
40 41 2
42 42 2
42 51 8
42 51 8
43 44 3
43 44 4
44 44 1
45 46 2
45 47 4
46 49 2
46 50 3
46 47 1
46 47 2
47 49 3
47 50 4
48 48 2
49 50 1
49 50 7
