65 136
1
1
1
1
1
1
1
1
1
1
1
1
1
1
1
1
1
1
1
1
1
1
1
1
1
1
1
1
1
2
2
1
1
1
1
2
1
1
1
1
1
1
1
1
1
2
2
1
1
2
1
1
1
1
1
1
1
1
1
1
1
1
1
2
4
0 1 2
0 2 4
1 2 2
2 3 2
2 5 5
3 4 5
3 5 3
4 6 3
4 7 5
5 8 2
5 9 5
6 7 2
7 10 2
7 11 4
8 9 3
8 12 5
8 13 2
9 14 3
9 15 3
10 11 2
11 16 3
11 17 6
12 13 3
13 18 3
13 19 5
14 20 2
14 21 4
14 22 5
14 15 6
15 24 3
15 25 5
15 23 2
16 17 3
16 26 2
16 27 4
18 19 2
20 22 3
20 22 5
20 28 2
20 21 2
20 21 1
21 28 3
21 22 1
21 22 6
22 28 3
23 24 1
23 24 1
23 25 3
23 29 1
23 29 3
23 30 4
23 30 5
23 31 6
24 25 2
24 29 2
24 29 4
24 30 5
24 30 6
24 31 7
25 32 4
25 31 2
26 27 2
27 33 4
27 34 2
28 35 3
28 36 6
29 31 5
29 31 3
29 29 2
29 30 3
29 30 4
29 30 1
29 30 2
30 31 2
30 31 1
30 30 1
31 32 2
32 39 4
32 37 2
32 38 2
33 40 4
33 41 2
33 34 2
34 42 3
34 43 6
35 36 3
35 36 2
35 44 2
36 44 4
37 64 8
37 38 4
37 39 6
38 39 2
38 45 3
38 45 5
39 46 2
39 46 4
40 48 4
40 41 2
40 47 6
41 49 4
41 49 2
42 43 3
44 50 2
45 45 2
46 46 2
47 48 2
47 51 2
47 52 2
47 53 5
49 49 2
51 55 3
51 52 4
51 53 3
51 54 5
52 53 7
52 53 2
54 56 5
54 57 2
54 55 2
55 57 5
55 58 2
56 57 3
56 59 5
56 60 3
57 58 3
58 61 3
58 62 6
59 60 2
61 62 2
61 62 3
61 63 3
61 63 4
62 63 5
62 63 6
63 63 1
