52 102
1
1
1
1
1
1
1
1
1
1
1
1
1
1
1
1
1
1
1
2
1
1
1
1
1
1
1
1
1
1
1
1
1
1
1
2
1
1
1
1
1
1
2
2
1
1
1
1
1
1
1
4
0 1 2
0 2 5
1 2 3
2 3 2
2 4 4
3 4 2
3 5 2
3 6 4
3 7 6
4 8 6
4 7 3
5 9 2
5 10 5
5 6 2
5 7 4
6 11 2
6 12 4
6 7 2
7 8 3
8 13 2
8 14 3
9 16 2
9 10 3
9 15 4
10 18 4
10 17 2
11 18 2
11 19 4
11 19 2
11 12 2
12 20 4
12 21 6
13 24 4
13 14 5
13 23 2
14 24 2
14 25 4
15 16 2
17 18 2
17 26 5
17 27 3
17 28 2
18 19 2
18 19 4
19 19 6
20 21 2
20 30 3
20 29 2
21 22 3
22 32 5
22 31 2
23 24 2
23 33 3
23 34 6
24 25 2
25 51 8
26 27 2
26 28 3
27 35 3
27 35 5
27 28 1
27 28 7
28 35 4
28 35 2
29 36 2
29 37 6
29 30 5
30 38 3
30 39 5
31 32 3
31 38 3
31 39 5
32 40 3
32 33 2
33 40 5
33 34 3
34 41 3
34 42 5
35 35 2
36 37 4
37 43 2
37 43 4
38 39 2
38 39 2
40 44 2
40 45 2
40 46 3
41 42 2
41 42 6
41 47 4
42 47 2
43 43 2
44 45 4
44 46 1
44 46 2
45 48 2
45 46 5
45 49 3
47 50 6
47 49 2
48 49 5
49 50 4
