54 130
1
1
1
1
1
1
1
1
1
1
1
1
1
1
1
1
1
1
1
1
1
1
1
1
1
1
1
1
1
1
1
4
3
3
3
3
3
3
3
3
3
3
3
3
3
3
3
3
3
3
3
3
3
3
0 32 8
0 1 2
0 2 5
1 2 3
1 3 6
1 4 4
2 34 8
2 31 8
3 4 2
3 33 8
4 5 5
4 6 2
5 35 8
5 6 3
6 8 4
6 7 2
7 8 2
7 37 8
8 9 2
8 10 4
9 10 2
9 38 8
10 11 2
10 12 5
10 13 6
11 12 3
11 13 4
11 39 8
12 13 2
12 13 1
12 14 2
12 15 5
13 14 4
13 15 3
14 15 7
14 15 2
14 48 8
14 49 8
14 50 8
14 51 8
15 48 8
15 49 8
15 50 8
15 51 8
16 32 8
16 33 8
16 34 8
16 47 8
16 17 2
16 18 4
17 18 2
17 19 4
17 20 2
18 21 2
18 22 6
19 48 8
19 20 2
20 35 8
20 49 8
21 24 2
21 22 4
21 23 4
22 27 3
22 25 2
22 26 4
23 37 8
23 38 8
23 39 8
23 41 8
23 50 8
23 24 2
24 43 8
24 44 8
24 45 8
24 46 8
24 51 8
25 26 2
25 27 5
25 28 3
25 29 6
26 27 2
26 27 7
26 30 4
27 30 6
28 29 3
28 53 8
29 42 8
29 52 8
30 40 8
31 34 0
32 33 0
32 34 0
32 47 0
33 34 0
33 47 0
34 47 0
35 49 0
37 38 0
37 41 0
37 39 0
37 50 0
38 39 0
38 50 0
38 41 0
39 41 0
39 50 0
40 52 0
40 53 0
40 47 0
41 50 0
42 52 0
43 51 0
43 44 0
43 45 0
43 46 0
44 51 0
44 45 0
44 46 0
45 51 0
45 46 0
46 51 0
47 52 0
47 53 0
48 51 0
48 49 0
48 50 0
49 50 0
49 51 0
50 51 0
52 53 0
