42 91
1
1
1
1
1
1
1
1
2
1
2
1
1
2
1
1
2
1
1
1
1
1
1
1
2
1
1
1
1
1
1
1
1
2
1
1
1
1
1
1
1
4
0 1 6
0 2 4
0 3 2
0 4 1
1 2 2
1 3 4
1 4 5
2 3 2
2 3 2
2 4 3
2 4 5
2 5 3
3 4 1
3 4 7
3 5 5
4 5 2
5 6 2
5 7 3
5 8 5
5 8 6
6 8 3
6 8 4
6 9 2
6 7 1
6 7 1
7 8 2
7 8 3
7 9 3
8 8 1
9 10 5
9 11 1
10 11 1
10 11 4
10 12 3
11 12 4
12 13 5
12 14 1
13 14 4
13 14 1
13 15 3
14 15 4
15 16 5
15 17 1
16 17 4
16 17 1
16 18 3
17 18 4
18 19 2
18 20 5
19 20 3
19 21 6
19 23 3
20 24 4
20 24 2
20 25 2
21 22 3
21 23 3
22 26 5
22 27 3
23 28 6
23 29 4
23 30 2
24 24 2
24 25 6
24 25 4
25 32 2
25 31 4
26 27 2
27 33 3
27 33 5
28 29 2
28 30 4
29 34 2
29 35 5
29 36 6
29 30 2
30 36 3
30 35 5
31 32 6
31 37 3
31 38 2
33 33 2
34 35 3
34 36 4
35 36 2
35 36 1
37 38 5
38 40 3
38 39 3
39 40 6
39 41 8
