27 88
1
1
1
1
1
1
1
1
1
1
1
1
1
2
1
1
2
1
1
1
2
1
1
2
1
2
4
0 1 2
0 2 4
1 2 2
2 3 4
2 4 6
3 4 2
3 5 3
3 6 5
4 7 2
4 8 1
4 9 2
4 10 3
4 11 4
4 12 3
5 13 3
5 13 5
5 6 2
6 14 2
6 15 3
7 8 1
7 8 2
7 9 4
7 10 5
7 11 6
7 12 1
7 16 3
7 16 5
7 17 1
7 18 2
8 9 3
8 10 4
8 11 5
8 12 2
8 16 1
8 16 3
8 17 3
8 18 4
9 10 1
9 10 1
9 11 1
9 11 2
9 12 5
9 17 2
9 19 3
9 20 2
10 11 2
10 11 1
10 12 6
10 17 3
10 19 4
10 20 1
11 12 7
11 17 1
11 19 2
11 20 3
12 18 1
12 19 1
12 20 3
12 26 8
13 13 2
14 22 5
14 21 3
14 15 5
15 23 3
15 23 5
16 16 2
16 18 5
16 18 7
16 17 4
16 17 6
17 18 1
17 19 1
17 20 4
18 19 2
18 20 4
18 26 8
19 20 5
19 20 2
19 26 8
20 26 8
21 24 2
21 22 2
21 22 2
22 24 4
23 23 2
24 25 4
24 25 2
25 25 6
