37 76
1
1
1
1
1
1
1
2
1
1
1
2
1
1
1
1
1
1
1
1
1
1
1
1
1
2
1
1
1
1
1
1
1
1
1
1
4
0 1 2
0 2 5
1 2 3
2 3 3
2 4 6
3 4 3
3 5 3
3 6 5
4 8 2
4 7 2
4 7 4
5 6 2
6 9 2
6 10 4
7 8 4
7 8 2
7 7 6
8 12 6
8 11 3
9 10 2
10 13 2
10 14 4
11 12 2
11 12 3
11 15 2
12 15 4
13 14 2
14 16 3
14 17 4
14 18 2
15 19 2
15 20 3
15 21 4
16 17 1
16 17 6
16 18 5
16 22 3
17 18 6
17 22 3
18 24 3
18 23 3
19 20 3
19 20 5
19 21 1
19 21 6
20 21 2
20 21 1
23 24 6
23 25 3
23 25 5
24 26 4
24 27 2
25 25 2
26 27 6
26 28 5
26 29 4
26 30 2
27 32 3
27 31 3
28 29 1
28 29 6
28 30 3
28 30 5
29 30 2
29 30 1
31 33 2
31 34 3
31 35 4
31 32 6
32 36 8
33 34 5
33 34 3
33 35 6
33 35 1
34 35 1
34 35 2
