53 111
1
1
1
1
1
1
1
1
1
1
1
1
1
1
1
1
1
1
1
1
1
1
1
1
1
2
1
1
1
1
1
1
2
1
1
2
2
1
1
1
2
1
2
1
1
1
1
1
1
2
1
2
4
0 1 2
0 2 4
1 2 2
2 3 3
2 4 6
3 4 3
3 5 3
3 6 5
4 8 3
4 9 3
4 7 2
5 6 2
6 10 2
6 11 3
7 8 5
7 9 2
7 9 1
7 12 4
8 9 6
8 13 2
8 14 6
9 12 6
10 16 5
10 17 6
10 11 5
10 15 2
11 19 3
11 18 3
13 14 4
14 20 2
14 21 2
15 16 3
15 17 4
16 17 2
16 17 1
18 24 2
18 19 6
18 22 3
18 23 2
19 25 3
19 25 5
20 21 4
21 26 4
21 27 6
22 24 5
22 23 1
22 23 6
23 24 4
24 28 2
24 29 4
25 25 2
26 27 2
26 30 3
26 31 6
27 32 2
27 32 4
28 33 3
28 34 3
28 29 6
29 35 2
29 35 4
30 36 3
30 36 5
30 31 3
31 38 5
31 37 3
31 39 7
32 32 6
33 40 5
33 40 3
33 34 6
34 42 3
34 41 1
35 35 2
36 36 2
37 39 4
37 38 2
38 43 2
38 39 2
38 39 1
39 43 3
40 40 2
41 42 1
41 42 4
41 44 4
42 44 5
43 45 2
43 46 3
43 47 5
43 52 8
44 48 2
44 49 3
44 49 3
45 50 2
45 52 8
45 46 2
45 46 1
45 47 3
45 47 3
46 50 4
46 52 8
46 47 1
46 47 2
47 50 5
47 52 8
48 49 5
48 49 1
48 51 4
48 51 2
49 49 6
51 51 2
