46 87
1
1
1
1
1
1
1
1
1
2
1
1
1
1
1
1
1
1
1
1
1
2
1
1
1
1
1
1
1
1
1
1
1
1
1
2
1
1
1
1
1
1
1
1
1
4
0 1 2
0 2 5
0 3 6
1 2 3
1 3 4
1 4 5
1 5 2
2 3 1
2 3 2
2 6 5
3 6 3
4 5 3
5 8 4
5 7 2
6 9 4
6 9 2
7 8 2
8 10 3
8 11 5
9 9 6
10 11 2
11 12 2
11 13 4
12 13 6
13 14 2
13 15 3
14 15 5
15 16 2
15 17 3
16 17 5
17 18 2
17 19 3
18 19 5
19 20 1
19 21 3
20 21 4
20 21 1
20 22 4
21 22 5
22 24 2
22 25 2
22 23 3
23 24 1
23 25 5
23 26 3
23 27 2
23 28 5
24 25 4
24 29 4
25 30 2
25 31 4
26 32 4
26 33 2
26 27 1
26 28 2
27 28 3
27 29 3
28 33 2
28 34 4
30 35 4
30 35 6
30 31 2
32 33 6
32 36 3
32 37 2
33 34 2
34 45 8
35 35 2
36 37 1
36 37 6
36 38 2
37 38 4
38 40 5
38 39 3
39 40 2
39 41 4
39 42 2
40 42 5
40 43 4
40 44 2
41 42 2
41 43 1
41 44 3
42 43 1
42 44 3
43 44 2
43 44 2
