31 68
1
1
1
1
1
1
1
1
1
1
1
1
1
1
1
1
1
1
1
4
3
3
3
3
3
3
3
3
3
3
3
0 1 3
0 2 5
0 20 8
0 25 8
0 26 8
0 27 8
0 28 8
1 2 2
1 3 2
1 4 4
2 5 2
2 6 3
3 4 2
3 29 8
3 30 8
3 23 8
4 24 8
5 19 8
5 21 8
5 6 5
6 22 8
7 8 3
7 9 5
7 20 8
8 9 2
8 10 2
8 11 4
9 25 8
9 21 8
9 22 8
10 26 8
10 11 2
11 12 2
11 13 4
12 27 8
12 13 2
13 14 2
13 15 4
14 28 8
14 15 2
15 16 2
15 17 4
15 18 6
16 17 2
16 18 4
16 29 8
17 18 2
17 30 8
18 23 8
18 24 8
19 21 0
20 25 0
20 26 0
20 27 0
20 28 0
21 25 0
21 22 0
22 25 0
23 24 0
23 29 0
23 30 0
25 26 0
25 27 0
25 28 0
26 27 0
26 28 0
27 28 0
29 30 0
