33 61
1
1
1
1
2
1
1
1
1
1
1
1
1
1
1
2
1
1
2
1
1
1
1
1
1
1
1
1
1
1
1
2
4
0 1 3
0 2 5
1 2 2
2 3 3
3 4 2
3 4 4
3 5 2
4 4 6
4 5 4
4 5 2
5 10 6
5 6 2
6 10 4
6 7 4
7 8 3
8 9 5
9 11 3
9 12 6
10 14 5
10 13 3
11 12 3
12 16 2
12 15 2
12 15 4
13 17 2
13 18 5
13 18 6
13 14 2
14 19 2
14 22 3
15 16 4
15 16 2
15 15 6
16 24 5
16 23 3
17 18 3
17 18 4
18 18 1
19 20 3
19 22 5
20 21 3
21 25 5
21 26 2
22 32 8
23 24 2
23 27 2
23 28 2
23 29 3
24 27 3
24 29 5
25 26 3
26 30 2
26 31 5
26 31 6
27 28 4
27 29 2
27 29 1
28 29 5
30 31 3
30 31 4
31 31 1
