38 83
1
2
1
1
1
1
1
1
1
1
1
1
1
1
1
1
1
1
1
1
2
1
1
1
1
1
1
1
1
2
1
1
1
1
1
1
1
4
0 1 2
0 1 4
0 2 2
0 37 8
1 1 6
1 2 4
1 2 2
1 37 8
1 37 8
2 3 3
2 4 5
2 37 8
3 4 2
3 4 2
3 5 3
4 5 5
5 6 4
5 7 6
6 8 4
6 9 2
6 7 2
8 9 2
8 10 4
8 11 2
8 12 5
9 13 3
9 14 6
10 11 2
10 11 1
10 12 1
10 12 2
11 12 3
11 12 3
13 16 4
13 17 5
13 14 3
13 15 2
14 18 3
14 19 2
15 16 1
15 16 2
15 17 5
15 17 3
16 17 6
16 17 1
18 19 5
18 20 3
18 20 5
18 21 7
18 22 7
20 20 2
20 21 4
20 21 2
20 22 4
20 22 2
21 22 0
21 22 0
21 23 3
22 23 3
23 24 3
23 25 6
24 25 3
24 26 2
24 29 4
24 29 6
26 27 5
26 29 2
26 29 4
27 28 5
28 30 4
28 31 2
29 29 2
30 32 3
30 31 2
30 31 6
31 32 5
32 33 4
33 34 4
33 35 2
34 35 2
34 35 2
34 36 5
35 36 3
