73 130
1
1
1
1
1
1
1
1
1
2
1
1
1
1
1
1
1
1
1
1
1
1
1
1
1
1
1
1
1
1
1
1
1
1
1
1
1
1
1
1
1
1
2
1
1
1
1
1
1
2
1
1
2
1
1
2
1
1
1
1
1
1
1
1
1
1
1
1
1
1
1
1
4
0 1 1
1 2 4
2 3 3
2 4 6
3 4 3
4 5 2
4 6 3
5 6 5
6 8 3
6 7 2
7 8 5
7 9 3
7 10 6
9 10 3
9 10 2
9 11 2
10 11 4
11 72 8
11 12 3
12 72 8
12 13 3
12 14 5
13 14 2
14 16 4
14 15 2
15 16 2
16 17 4
16 18 6
17 18 2
17 19 2
17 21 5
19 20 3
19 21 3
20 22 2
20 23 5
21 24 4
21 25 6
22 26 5
22 27 3
22 23 3
23 28 2
23 29 4
24 32 6
24 25 2
24 31 3
25 33 2
25 34 3
26 35 3
26 27 2
26 27 6
27 35 3
28 29 2
29 30 2
30 36 2
30 37 2
30 38 3
31 32 3
31 36 4
31 38 6
32 40 3
32 39 2
32 41 4
33 34 5
33 42 4
33 42 2
36 37 4
36 38 2
36 38 1
37 44 4
37 43 2
37 38 5
39 40 3
39 40 5
39 41 1
39 41 6
39 45 2
40 41 2
40 41 1
40 45 5
41 45 3
42 42 6
43 44 2
44 46 2
44 47 4
45 48 6
46 49 4
46 49 2
46 47 2
47 50 3
47 51 5
49 49 2
50 51 2
50 52 3
50 52 5
51 53 3
51 54 5
52 52 2
53 54 2
54 56 2
54 55 2
54 55 4
55 56 4
55 56 2
55 55 6
56 57 3
56 58 6
57 58 3
58 59 2
58 60 3
58 61 4
59 60 5
59 61 6
60 61 1
60 61 2
60 62 2
61 62 4
62 63 2
63 64 3
63 65 6
64 65 3
64 66 3
64 67 5
65 68 3
65 70 3
66 67 2
66 67 2
66 71 4
67 71 2
68 69 3
68 70 6
