41 85
1
1
2
1
1
1
1
1
1
1
1
1
1
1
1
1
2
1
1
1
1
2
1
1
1
1
1
2
1
1
1
1
1
1
1
1
1
1
1
1
4
0 40 8
0 1 3
0 2 5
1 40 8
1 2 2
1 2 5
1 3 3
2 3 2
2 40 8
3 4 4
3 5 6
4 5 2
4 6 2
4 7 4
5 8 2
5 9 3
6 10 6
6 11 2
6 7 2
7 12 3
7 13 5
8 9 5
8 14 3
8 15 2
10 16 4
10 16 2
10 11 4
11 17 2
11 18 4
12 19 2
12 20 5
12 13 2
13 21 2
13 21 4
13 14 2
14 21 4
14 21 6
14 15 5
16 16 2
17 18 2
17 18 2
17 22 3
18 22 5
19 20 3
19 26 2
19 25 3
19 23 5
20 27 3
20 27 5
20 28 7
20 33 7
21 21 2
22 29 3
22 30 5
22 31 6
23 24 5
23 25 2
23 26 3
24 32 2
24 29 5
25 26 1
25 26 2
27 28 4
27 28 2
27 27 2
27 33 4
27 33 2
28 33 0
28 33 0
28 34 3
29 32 3
29 30 2
29 31 3
30 31 2
30 31 1
33 34 3
34 35 2
34 36 4
35 36 2
36 37 3
36 38 3
37 38 2
37 38 6
37 39 3
38 39 5
