17 68
1
1
1
1
1
1
1
1
1
1
2
1
1
1
1
2
4
0 1 3
0 2 5
1 2 2
2 3 2
2 4 2
2 5 4
2 6 3
3 4 4
3 4 2
3 5 6
3 5 1
3 6 1
3 7 1
3 8 4
3 9 2
4 5 2
4 5 1
4 6 5
4 7 3
4 8 2
4 9 4
5 6 7
5 7 2
5 8 3
5 9 3
6 7 1
6 10 2
6 10 4
6 11 3
7 8 5
7 9 1
7 10 3
7 10 5
7 11 2
8 9 1
8 9 6
8 11 2
8 12 1
8 13 2
8 14 5
9 11 1
9 12 2
9 13 3
9 14 4
10 10 2
10 11 5
10 11 7
11 12 3
11 13 4
11 14 3
12 13 1
12 13 2
12 14 6
12 14 4
12 15 1
12 15 5
12 16 8
13 14 7
13 14 2
13 15 3
13 15 3
13 16 8
14 15 5
14 15 1
14 16 8
15 16 8
15 16 8
15 15 6
