65 142
1
1
2
1
1
1
1
1
1
1
1
1
1
1
1
1
1
1
1
1
1
1
1
1
1
1
1
1
1
1
1
1
1
1
1
1
2
1
1
1
1
1
1
1
1
2
1
1
1
1
1
1
1
1
1
1
1
1
1
1
1
1
2
1
4
0 64 8
0 1 3
0 2 5
0 2 6
1 2 2
1 2 3
1 3 3
2 2 1
3 4 3
3 5 5
4 8 3
4 5 2
4 6 6
4 7 4
5 11 6
5 9 2
5 10 4
6 8 3
6 12 4
6 13 2
6 7 2
7 8 1
7 8 2
7 14 4
8 14 2
9 10 2
9 11 4
9 15 5
9 16 4
9 17 2
10 11 2
10 18 2
10 19 5
10 20 6
11 21 2
11 22 3
11 23 3
12 24 4
12 25 2
12 13 2
13 26 2
13 14 6
14 26 4
15 16 1
15 27 2
15 28 5
15 17 3
16 17 1
16 17 2
16 27 4
17 27 3
18 19 3
18 20 4
18 29 5
18 30 2
19 32 2
19 33 5
19 20 1
19 31 1
20 33 3
20 34 3
20 31 2
21 35 4
21 22 5
21 23 2
21 23 1
22 23 6
22 36 2
22 36 4
22 37 2
23 35 6
24 25 2
27 28 3
29 40 1
29 38 5
29 30 3
29 39 3
31 32 3
31 33 6
31 33 1
31 34 5
32 33 3
32 41 2
32 42 5
32 43 6
33 34 6
34 44 2
34 45 3
36 36 6
36 37 4
36 37 2
37 48 2
37 46 3
37 47 5
38 39 2
38 40 4
38 49 2
38 50 2
38 51 5
39 40 2
39 52 4
39 53 2
40 54 4
41 42 3
41 43 4
42 56 5
42 43 2
42 43 1
42 55 2
43 56 3
43 55 4
44 57 4
44 45 5
44 45 2
45 57 6
46 48 5
46 48 3
46 47 2
46 47 1
47 48 7
47 48 2
49 50 4
49 51 3
50 58 4
50 51 7
50 51 2
51 58 6
52 53 2
53 59 2
53 54 2
54 59 4
55 56 2
55 56 7
57 60 3
57 61 5
58 62 2
58 62 4
60 61 2
60 61 2
60 63 2
61 63 4
62 62 2
