57 114
1
1
1
1
1
2
1
1
1
1
1
1
1
1
1
1
1
2
1
1
1
1
1
1
1
1
1
1
1
1
1
1
1
1
1
2
1
2
2
1
1
1
1
1
1
1
1
1
1
2
1
1
1
1
1
1
4
0 1 2
0 2 6
1 2 4
1 3 2
1 4 6
2 5 3
2 6 6
3 8 6
3 4 4
3 7 3
5 9 2
5 6 2
5 6 3
6 9 4
7 8 3
7 11 5
7 10 3
9 14 2
9 15 3
9 13 2
10 11 2
11 12 5
12 16 2
12 17 5
12 17 6
13 14 4
13 15 2
13 15 1
14 18 3
14 19 6
14 15 5
16 17 3
16 17 4
17 17 1
18 19 3
18 20 3
18 21 6
19 22 2
19 23 3
20 24 6
20 25 4
20 26 2
20 21 3
22 27 3
22 28 5
22 23 5
23 29 2
23 30 5
24 25 2
24 26 4
25 32 3
25 26 2
25 26 2
26 32 5
27 33 2
27 34 4
27 28 2
27 28 2
28 33 4
28 34 2
29 35 3
29 35 5
29 30 3
30 31 3
32 36 2
32 37 4
32 37 6
33 34 6
34 56 8
34 38 2
34 38 4
35 35 2
36 40 2
36 37 2
36 37 4
36 39 5
37 37 2
38 56 8
38 56 8
38 38 6
39 40 3
40 41 3
40 42 6
41 42 3
41 43 6
41 44 4
41 45 2
43 44 2
43 45 4
44 45 2
44 45 2
44 46 3
45 46 5
46 48 5
46 47 3
47 48 2
48 49 6
48 49 4
48 50 2
49 49 2
49 50 4
49 50 2
50 51 3
50 52 5
51 52 2
52 53 6
52 54 4
52 55 3
53 54 7
53 54 2
53 55 5
53 55 3
54 55 2
54 55 1
