69 152
1
1
1
1
1
1
1
1
2
1
1
1
1
1
1
1
1
1
1
2
1
1
1
1
1
1
2
1
1
1
1
1
1
1
1
1
1
1
1
1
1
1
1
1
1
1
1
1
1
1
1
1
1
1
2
1
2
1
1
1
1
1
1
2
1
1
1
1
4
0 1 3
1 2 3
1 3 5
2 3 2
2 4 4
2 5 6
3 6 2
3 7 5
4 5 2
4 5 2
4 6 4
5 6 2
6 7 3
7 8 3
7 8 5
7 9 7
7 10 7
8 8 2
8 9 4
8 9 2
8 10 4
8 10 2
9 10 0
9 10 0
9 11 3
10 11 3
11 12 1
11 13 3
11 14 5
12 68 8
12 13 4
12 14 1
12 14 6
13 16 5
13 14 2
13 15 2
14 68 8
15 16 3
15 17 4
15 18 2
16 19 2
16 19 4
16 20 1
17 18 2
17 21 6
17 22 3
18 24 3
18 25 5
18 23 2
19 19 2
19 20 3
19 20 5
20 26 4
20 26 2
21 27 4
21 28 2
21 22 3
22 29 2
23 24 1
23 24 1
23 25 3
23 30 2
23 31 5
24 25 2
24 31 6
24 30 3
25 32 2
25 33 4
26 26 6
27 34 4
27 35 2
27 28 2
29 36 6
29 37 4
30 38 3
30 39 4
30 40 6
30 31 3
31 32 2
31 33 4
32 33 6
32 33 2
34 35 2
34 42 2
34 41 4
36 37 2
37 44 4
37 43 6
38 40 3
38 40 3
38 39 1
38 39 2
39 40 2
39 40 1
41 42 2
43 44 2
44 45 5
44 46 2
45 46 3
46 48 5
46 49 7
46 47 3
47 48 2
47 49 4
47 50 2
47 51 5
48 49 2
48 52 3
48 53 6
49 53 3
50 51 3
50 54 5
50 54 3
51 52 6
51 55 2
52 53 3
52 55 4
54 54 2
55 56 6
55 56 4
55 57 2
56 56 2
56 57 4
56 57 2
57 58 2
57 59 6
58 59 5
58 59 4
58 60 3
59 60 2
60 61 2
60 62 3
60 63 5
60 63 6
61 64 2
61 62 1
61 62 1
61 63 3
61 63 4
62 64 3
62 63 2
62 63 3
63 63 1
64 65 2
64 66 3
64 67 5
65 66 1
65 66 6
65 67 3
65 67 5
66 67 2
66 67 1
