63 132
1
1
1
2
1
1
1
1
1
1
1
1
1
1
1
1
1
1
2
1
1
1
1
1
1
1
1
1
1
1
1
1
1
1
2
1
1
1
1
2
1
1
1
1
1
4
3
3
3
3
3
3
3
3
3
3
3
3
3
3
3
3
3
0 1 2
0 2 6
0 46 8
1 2 4
1 3 5
1 4 1
2 5 2
2 6 3
2 7 3
3 8 3
3 4 4
3 4 1
4 8 4
5 9 4
5 6 5
5 7 2
5 7 1
6 10 3
6 7 6
7 9 6
8 11 3
8 12 5
9 45 8
9 51 8
10 14 4
10 13 2
11 16 3
11 12 2
11 17 1
11 15 5
12 18 3
12 18 5
13 19 2
13 20 6
13 14 2
14 52 8
15 16 2
15 17 4
15 47 8
16 17 1
16 17 2
16 21 2
16 22 3
17 21 3
17 22 4
18 18 2
19 20 4
19 53 8
19 57 8
19 59 8
19 60 8
20 54 8
21 22 1
21 22 7
23 24 3
23 25 6
23 55 8
23 46 8
23 47 8
24 25 3
24 26 3
24 27 5
24 28 7
25 31 3
25 29 2
25 30 3
26 32 6
26 33 4
26 27 2
26 28 4
27 34 2
27 34 3
27 28 1
27 28 2
28 34 3
28 34 4
29 35 4
29 30 5
29 31 2
29 31 1
30 31 6
30 36 2
30 37 3
31 35 6
32 33 2
32 33 6
32 38 4
33 38 2
34 34 1
35 53 8
35 51 8
36 60 8
36 37 5
37 59 8
38 40 1
38 39 5
39 40 1
39 40 4
39 41 3
40 41 4
41 42 2
41 43 4
41 44 5
42 43 1
42 43 2
42 44 5
42 44 3
43 44 6
43 44 1
45 51 0
46 55 0
46 47 0
47 55 0
48 56 0
48 49 0
48 50 0
49 56 0
49 50 0
50 56 0
51 53 0
52 57 0
52 54 0
53 57 0
53 59 0
53 60 0
54 57 0
56 58 0
56 62 0
57 59 0
57 60 0
58 62 0
59 60 0
