122 389
1
1
1
1
1
1
1
1
1
1
1
1
1
1
2
1
1
1
1
1
2
1
1
1
1
1
1
1
1
1
1
1
1
1
1
1
1
1
1
1
1
1
1
1
1
1
1
1
2
1
1
1
1
1
1
1
1
1
1
1
1
1
1
1
1
1
1
1
1
1
1
1
1
4
3
3
3
3
3
3
3
3
3
3
3
3
3
3
3
3
3
3
3
3
3
3
3
3
3
3
3
3
3
3
3
3
3
3
3
3
3
3
3
3
3
3
3
3
3
3
3
3
0 1 2
0 2 6
0 74 8
1 2 4
1 3 6
1 4 4
1 5 3
2 6 2
2 7 3
3 4 7
3 4 2
3 5 5
3 5 3
4 5 2
4 5 1
6 75 8
6 7 5
7 8 2
7 9 4
8 9 2
8 81 8
9 10 2
9 11 4
10 11 6
10 76 8
11 12 3
11 13 3
12 13 6
12 14 3
12 15 5
13 78 8
14 16 2
14 17 4
14 15 2
15 80 8
16 17 2
16 85 8
17 18 3
17 19 2
18 19 5
18 20 3
18 20 5
18 21 7
18 22 7
19 84 8
20 20 2
20 21 4
20 21 2
20 22 4
20 22 2
21 22 0
21 22 0
21 23 4
22 23 4
23 24 3
23 25 5
23 26 7
24 25 2
24 26 4
24 89 8
25 26 2
25 26 1
25 27 2
25 28 3
26 27 3
26 28 4
27 28 1
27 28 2
27 29 2
28 29 4
29 32 4
29 30 2
29 31 3
30 32 6
30 32 1
30 33 5
30 34 2
30 31 5
30 31 3
31 32 1
31 32 2
31 33 2
31 34 5
32 33 4
32 34 3
33 34 2
33 34 7
33 35 4
34 35 6
35 87 8
35 73 8
36 37 2
36 39 5
36 77 8
36 79 8
36 82 8
36 86 8
37 38 3
37 39 3
38 40 2
38 42 5
38 43 6
38 88 8
38 91 8
39 44 3
39 45 3
40 41 3
40 42 3
40 43 4
40 88 8
40 91 8
41 48 6
41 47 2
42 88 8
42 91 8
42 43 2
42 43 1
43 88 8
43 91 8
44 83 8
44 45 6
44 93 8
45 46 3
46 49 2
46 50 5
47 48 5
47 48 4
47 51 2
48 51 3
49 50 3
49 95 8
50 52 2
50 53 3
51 54 3
51 55 6
52 56 2
52 57 3
52 58 4
52 53 5
53 90 8
54 59 5
54 60 2
54 55 3
55 110 8
56 57 5
56 57 3
56 58 6
56 58 1
56 61 5
56 62 2
57 58 1
57 58 2
57 61 2
57 62 5
58 61 4
58 62 3
59 106 8
59 60 3
60 64 6
60 63 3
61 62 7
61 62 2
61 65 4
62 65 6
63 64 3
63 66 3
63 67 6
64 115 8
65 99 8
66 67 3
66 68 6
66 69 3
67 120 8
68 69 3
68 70 4
69 72 5
69 71 3
70 118 8
71 72 2
71 119 8
72 121 8
73 87 0
74 75 0
74 76 0
74 78 0
74 80 0
74 81 0
74 85 0
75 76 0
75 78 0
75 80 0
75 81 0
75 85 0
76 78 0
76 80 0
76 81 0
76 85 0
77 82 0
77 86 0
77 79 0
78 80 0
78 81 0
78 85 0
79 82 0
79 86 0
80 81 0
80 85 0
81 85 0
82 86 0
83 93 0
84 89 0
84 92 0
84 87 0
86 93 0
87 92 0
87 89 0
88 91 0
89 92 0
90 99 0
90 103 0
90 109 0
90 111 0
90 95 0
91 110 0
91 120 0
91 114 0
91 115 0
91 118 0
91 119 0
91 121 0
91 106 0
92 96 0
92 97 0
92 98 0
92 100 0
92 101 0
92 102 0
92 104 0
92 105 0
92 107 0
92 108 0
92 112 0
92 113 0
92 116 0
92 117 0
92 94 0
94 96 0
94 97 0
94 98 0
94 100 0
94 101 0
94 102 0
94 104 0
94 105 0
94 107 0
94 108 0
94 112 0
94 113 0
94 116 0
94 117 0
95 99 0
95 103 0
95 109 0
95 111 0
96 97 0
96 98 0
96 100 0
96 101 0
96 102 0
96 104 0
96 105 0
96 107 0
96 108 0
96 112 0
96 113 0
96 116 0
96 117 0
97 98 0
97 100 0
97 101 0
97 102 0
97 104 0
97 105 0
97 107 0
97 108 0
97 112 0
97 113 0
97 116 0
97 117 0
98 100 0
98 101 0
98 102 0
98 104 0
98 105 0
98 107 0
98 108 0
98 112 0
98 113 0
98 116 0
98 117 0
99 103 0
99 109 0
99 111 0
100 101 0
100 102 0
100 104 0
100 105 0
100 107 0
100 108 0
100 112 0
100 113 0
100 116 0
100 117 0
101 102 0
101 104 0
101 105 0
101 107 0
101 108 0
101 112 0
101 113 0
101 116 0
101 117 0
102 104 0
102 105 0
102 107 0
102 108 0
102 112 0
102 113 0
102 116 0
102 117 0
103 111 0
103 109 0
104 105 0
104 107 0
104 108 0
104 112 0
104 113 0
104 116 0
104 117 0
105 107 0
105 108 0
105 112 0
105 113 0
105 116 0
105 117 0
106 110 0
106 114 0
106 115 0
106 118 0
106 119 0
106 120 0
106 121 0
107 108 0
107 112 0
107 113 0
107 116 0
107 117 0
108 112 0
108 113 0
108 116 0
108 117 0
109 111 0
110 119 0
110 114 0
110 115 0
110 118 0
110 120 0
110 121 0
112 113 0
112 116 0
112 117 0
113 116 0
113 117 0
114 115 0
114 118 0
114 119 0
114 120 0
114 121 0
115 118 0
115 119 0
115 120 0
115 121 0
116 117 0
118 119 0
118 120 0
118 121 0
119 120 0
119 121 0
120 121 0
