51 119
1
1
1
2
1
1
1
1
2
1
2
1
1
1
1
1
1
1
1
1
1
1
1
2
1
1
1
1
1
1
1
1
1
1
1
1
2
4
3
3
3
3
3
3
3
3
3
3
3
3
3
0 1 2
0 3 4
0 37 8
0 38 8
1 2 5
1 3 2
2 4 6
2 5 3
4 5 3
4 6 5
4 7 3
5 43 8
5 47 8
5 48 8
5 49 8
6 39 8
6 7 2
7 8 4
7 8 2
7 44 8
8 8 2
8 44 8
8 44 8
9 11 7
9 39 8
9 44 8
9 10 3
9 10 5
9 43 8
9 12 7
10 10 2
10 11 4
10 11 2
10 12 4
10 12 2
11 12 0
11 12 0
11 13 4
12 13 4
13 14 2
13 15 4
14 47 8
14 15 2
15 16 3
15 17 6
16 17 3
16 18 4
16 19 2
17 20 1
17 21 3
17 22 5
18 48 8
18 19 2
19 49 8
20 21 4
20 22 1
20 22 6
21 24 2
21 22 2
21 23 4
21 23 2
23 24 6
23 24 4
23 23 2
24 25 2
24 26 4
25 26 6
25 45 8
26 27 2
26 28 3
26 29 3
27 28 5
27 29 2
27 29 1
27 30 4
28 32 3
28 33 4
28 29 6
28 31 2
29 30 6
30 40 8
30 46 8
30 38 8
31 32 3
31 32 5
31 33 1
31 33 6
31 34 5
31 35 2
32 33 2
32 33 1
32 34 2
32 35 5
33 34 4
33 35 3
34 35 7
34 36 3
34 36 4
35 41 8
35 42 8
36 36 1
37 38 0
38 40 0
38 46 0
39 43 0
39 44 0
40 46 0
41 42 0
41 45 0
41 46 0
42 50 0
43 44 0
43 47 0
43 48 0
43 49 0
45 46 0
47 48 0
47 49 0
48 49 0
