27 73
1
1
1
2
1
2
1
1
2
2
1
2
1
1
2
1
2
2
4
3
3
3
3
3
3
3
3
0 1 4
0 2 6
0 19 8
1 2 2
1 20 8
2 3 2
2 3 4
2 4 2
3 3 6
3 4 4
3 4 2
4 5 2
4 5 4
4 6 6
4 22 8
4 23 8
5 22 8
5 22 8
5 5 2
5 6 4
5 6 2
5 23 8
5 23 8
6 7 2
6 8 2
6 8 4
6 22 8
6 23 8
6 25 8
6 26 8
7 8 4
7 8 6
7 9 4
7 9 2
7 10 2
7 25 8
7 26 8
8 8 2
8 25 8
8 25 8
8 26 8
8 26 8
9 9 2
9 10 6
9 10 4
10 18 8
10 11 2
10 11 4
11 11 6
11 18 8
11 18 8
12 22 8
12 19 8
12 20 8
12 13 3
12 14 5
13 16 5
13 16 6
13 14 2
13 15 3
14 17 3
14 17 5
15 16 2
15 16 3
15 23 8
16 16 1
17 17 2
19 20 0
19 22 0
20 22 0
21 24 0
22 23 0
25 26 0
