46 109
1
1
1
1
1
1
1
1
1
2
1
1
1
1
1
2
1
1
1
1
1
1
1
2
1
1
1
4
3
3
3
3
3
3
3
3
3
3
3
3
3
3
3
3
3
3
0 1 2
0 2 6
0 28 8
1 2 4
1 30 8
2 3 2
2 4 3
3 4 5
3 5 3
3 6 5
3 7 7
4 29 8
5 32 8
5 6 2
5 7 4
6 8 2
6 7 1
6 7 2
7 8 3
8 9 2
8 9 4
9 9 2
10 32 8
10 33 8
10 34 8
10 35 8
10 38 8
10 11 4
10 12 6
10 28 8
10 29 8
10 30 8
11 12 2
11 39 8
12 13 4
12 14 6
13 14 2
13 15 2
13 15 4
14 16 3
14 17 5
15 15 2
16 40 8
16 17 2
17 18 2
17 19 2
17 20 3
18 19 4
18 20 2
18 20 1
19 20 5
19 21 3
19 22 6
21 22 3
21 23 3
21 23 5
22 24 2
22 25 3
22 26 4
23 23 2
24 25 3
24 25 5
24 26 1
24 26 6
24 27 8
25 26 2
25 26 1
25 27 8
26 27 8
28 32 0
28 33 0
28 34 0
28 35 0
28 38 0
28 29 0
28 30 0
29 32 0
29 33 0
29 34 0
29 35 0
29 38 0
29 30 0
30 32 0
30 33 0
30 34 0
30 35 0
30 38 0
32 33 0
32 34 0
32 35 0
32 38 0
33 34 0
33 35 0
33 38 0
34 35 0
34 38 0
35 38 0
37 43 0
37 44 0
37 45 0
39 40 0
39 41 0
39 42 0
40 41 0
40 42 0
41 42 0
43 44 0
43 45 0
44 45 0
