28 61
1
1
1
1
1
1
1
1
2
1
1
1
1
1
1
1
1
1
1
2
4
3
3
3
3
3
3
3
0 1 2
0 2 4
0 21 8
1 2 2
1 22 8
2 3 2
2 4 4
3 4 2
3 8 3
3 8 5
3 24 8
3 25 8
3 26 8
4 5 4
5 6 4
6 7 3
7 9 3
7 10 5
7 20 8
8 8 2
8 24 8
8 24 8
8 26 8
8 26 8
8 25 8
8 25 8
9 20 8
9 10 2
9 11 4
9 12 6
10 20 8
10 13 2
10 14 5
11 12 2
11 12 2
11 13 4
12 13 2
13 14 3
14 27 8
14 23 8
15 16 2
15 17 5
15 21 8
15 22 8
15 24 8
16 17 3
16 25 8
17 18 3
17 19 5
17 19 6
18 26 8
18 19 2
18 19 3
19 19 1
21 24 0
21 22 0
22 24 0
23 27 0
24 25 0
24 26 0
25 26 0
