42 105
1
1
1
2
1
1
1
1
2
1
2
1
1
1
1
1
1
1
1
1
1
1
1
1
1
1
1
2
1
1
1
1
1
4
3
3
3
3
3
3
3
3
0 1 3
0 2 5
0 34 8
1 2 2
1 35 8
2 3 3
2 4 6
2 37 8
2 38 8
2 36 8
3 36 8
3 37 8
3 38 8
3 39 8
3 4 2
3 4 3
3 5 2
4 36 8
4 37 8
4 38 8
4 39 8
4 5 4
5 6 3
5 39 8
6 8 3
6 7 1
7 8 1
7 8 4
7 9 4
8 9 5
9 33 8
9 41 8
9 10 2
9 10 4
9 40 8
10 40 8
10 40 8
10 10 6
10 41 8
10 41 8
10 33 8
10 33 8
11 36 8
11 34 8
11 35 8
11 12 3
11 13 5
12 13 2
12 14 2
12 15 5
13 37 8
14 16 5
14 17 3
14 18 2
14 15 3
15 19 3
15 20 3
16 17 2
16 18 3
16 38 8
17 18 2
17 18 1
19 39 8
19 20 6
20 23 5
20 21 3
20 22 2
21 22 1
21 22 6
21 23 2
22 23 3
23 24 3
23 25 2
23 26 2
24 25 6
24 25 1
24 26 5
25 26 4
26 27 3
26 27 5
26 28 2
26 29 2
27 27 2
27 28 5
27 28 7
27 29 5
27 29 7
28 29 0
28 29 0
28 30 4
29 30 4
30 32 3
30 31 2
31 32 5
31 41 8
32 40 8
33 40 0
33 41 0
34 35 0
34 36 0
35 36 0
36 37 0
36 38 0
37 38 0
40 41 0
