33 80
1
1
1
1
1
1
1
1
1
1
1
1
1
1
1
4
3
3
3
3
3
3
3
3
3
3
3
3
3
3
3
3
3
0 16 8
0 1 2
0 2 4
0 3 5
1 2 1
1 2 2
1 3 5
1 3 3
1 4 2
1 5 3
2 3 6
2 3 1
2 4 3
2 5 4
3 4 3
3 5 2
4 5 1
4 5 7
6 8 6
6 16 8
6 24 8
6 7 3
7 8 3
7 10 6
7 11 4
7 12 3
8 9 2
9 13 3
9 14 5
9 17 8
9 19 8
9 21 8
9 25 8
10 11 7
10 11 2
10 12 5
10 12 3
11 12 2
11 12 1
13 32 8
13 14 2
13 17 8
13 19 8
13 21 8
13 25 8
14 15 8
14 17 8
14 19 8
14 20 8
14 21 8
14 22 8
14 25 8
14 26 8
15 26 0
15 20 0
15 22 0
16 24 0
17 19 0
17 21 0
17 25 0
18 27 0
18 23 0
19 21 0
19 25 0
20 26 0
20 22 0
21 25 0
22 26 0
23 27 0
26 32 0
27 28 0
27 29 0
27 30 0
27 31 0
28 29 0
28 30 0
28 31 0
29 30 0
29 31 0
30 31 0
