34 90
1
1
1
1
2
1
2
1
1
1
1
1
1
1
1
1
2
1
1
2
4
3
3
3
3
3
3
3
3
3
3
3
3
3
0 1 3
0 2 6
0 21 8
1 2 2
1 2 3
1 3 3
2 3 5
3 4 2
3 4 4
3 5 2
4 4 6
4 5 4
4 5 2
5 6 2
5 6 4
5 7 6
5 27 8
5 28 8
6 27 8
6 27 8
6 28 8
6 28 8
6 6 2
6 7 4
6 7 2
7 8 3
7 9 4
7 10 6
7 20 8
7 27 8
7 28 8
8 32 8
8 9 2
8 9 1
8 10 3
8 10 3
8 20 8
8 29 8
8 30 8
8 31 8
9 32 8
9 10 1
9 10 2
9 20 8
9 29 8
9 30 8
9 31 8
10 32 8
10 20 8
10 29 8
10 30 8
10 31 8
11 27 8
11 12 3
11 13 5
11 14 7
11 21 8
12 28 8
12 13 2
12 14 4
13 16 5
13 16 6
13 14 2
13 15 3
14 17 4
15 16 2
15 16 3
15 18 2
15 19 3
15 19 4
16 16 1
17 18 5
18 19 5
18 19 6
19 19 1
21 27 0
22 25 0
22 26 0
22 23 0
23 25 0
23 26 0
25 33 0
25 26 0
27 28 0
29 32 0
29 30 0
29 31 0
30 32 0
30 31 0
31 32 0
