49 109
1
1
1
1
1
2
1
1
1
2
1
1
1
1
1
1
1
1
1
1
1
1
2
1
1
1
1
1
1
1
1
1
1
1
1
2
2
1
1
4
3
3
3
3
3
3
3
3
3
0 40 8
0 1 2
0 2 4
1 41 8
1 2 2
2 3 3
2 4 5
3 4 2
3 5 2
3 5 4
4 8 3
4 6 2
4 7 3
5 5 2
6 8 2
6 8 1
6 7 5
7 8 6
7 9 2
7 9 4
7 10 2
9 9 6
9 10 4
9 10 2
10 11 2
10 12 6
11 48 8
11 12 4
11 45 8
11 47 8
12 13 3
12 14 2
12 15 5
13 16 5
13 14 5
13 14 3
13 15 2
13 15 2
14 16 2
14 15 7
14 15 1
15 16 3
16 17 2
16 18 3
17 18 5
17 19 4
17 20 3
17 21 2
18 46 8
18 22 3
18 22 5
19 20 1
19 20 2
19 21 6
19 21 1
20 21 5
20 21 3
22 46 8
22 46 8
22 22 2
23 24 3
23 25 5
23 46 8
24 25 2
24 25 2
24 26 2
25 26 4
26 27 3
26 28 6
27 28 3
27 29 5
27 30 3
28 32 4
28 31 2
29 33 6
29 34 3
29 30 2
30 35 3
30 35 5
31 32 2
31 36 3
31 36 5
32 39 8
32 42 8
32 43 8
32 44 8
33 34 3
33 37 5
33 38 3
34 48 8
35 35 2
36 36 2
37 40 8
37 45 8
37 38 2
37 41 8
38 47 8
39 42 0
39 43 0
39 44 0
40 41 0
40 45 0
41 45 0
42 43 0
42 44 0
43 44 0
45 47 0
45 48 0
47 48 0
