31 83
1
1
1
1
1
1
1
1
1
1
1
1
1
1
1
2
1
1
1
1
1
2
4
3
3
3
3
3
3
3
3
0 1 3
0 2 5
0 23 8
1 27 8
1 2 2
1 2 2
1 3 3
1 29 8
2 3 5
2 29 8
2 27 8
3 4 2
3 5 3
3 6 4
3 27 8
3 29 8
4 5 5
4 5 3
4 6 6
4 6 1
4 7 5
4 8 2
4 28 8
5 6 1
5 6 2
5 7 2
5 8 5
5 28 8
6 7 4
6 8 3
6 28 8
7 8 2
7 8 7
7 9 4
7 28 8
8 9 6
8 28 8
9 24 8
10 24 8
10 27 8
10 11 3
10 12 2
10 23 8
11 12 5
11 13 3
11 14 6
12 28 8
13 29 8
13 14 3
14 16 6
14 15 2
14 15 4
15 16 4
15 16 2
15 15 2
16 17 5
17 18 2
17 19 4
17 20 3
18 19 2
18 19 1
18 20 5
18 20 3
18 21 2
18 21 3
18 22 8
19 20 7
19 20 2
19 21 3
19 21 4
19 22 8
20 21 5
20 21 6
20 22 8
21 21 1
21 22 8
21 22 8
23 24 0
23 27 0
24 27 0
25 26 0
26 30 0
27 29 0
