56 155
1
1
1
1
1
1
1
1
2
1
1
1
1
1
1
1
1
1
1
1
2
1
2
1
1
1
1
1
1
1
1
1
1
1
1
2
2
1
1
1
1
4
3
3
3
3
3
3
3
3
3
3
3
3
3
3
0 1 2
0 2 4
0 42 8
1 2 2
1 44 8
2 3 2
2 4 5
3 4 3
3 46 8
4 5 3
4 6 4
4 7 6
5 8 3
5 8 5
5 6 1
5 6 7
5 7 3
6 8 4
6 8 2
6 7 2
7 9 2
7 10 4
7 11 3
8 8 2
9 41 8
9 10 2
9 10 1
9 11 5
9 11 3
10 11 7
10 11 2
10 41 8
11 41 8
12 42 8
12 43 8
12 44 8
12 13 4
12 46 8
12 49 8
12 14 2
13 50 8
13 14 2
14 16 6
14 15 3
15 16 3
15 54 8
16 17 3
17 18 3
17 19 3
18 19 6
18 20 5
18 20 3
19 21 1
19 22 3
20 20 2
21 22 4
21 22 1
21 23 4
22 23 5
23 24 3
23 25 3
24 48 8
24 25 6
24 47 8
24 45 8
25 26 2
25 27 4
25 28 3
26 32 5
26 33 6
26 34 7
26 51 8
26 27 2
26 28 5
26 29 2
26 30 3
26 31 4
27 35 4
27 35 2
27 28 1
27 28 7
28 35 3
28 35 3
29 32 3
29 33 4
29 34 5
29 51 8
29 30 1
29 30 6
29 31 2
29 31 4
30 32 2
30 33 3
30 34 4
30 51 8
30 31 1
30 31 2
31 32 1
31 33 2
31 34 3
31 51 8
32 33 1
32 34 2
32 36 3
32 36 5
32 37 1
32 51 8
32 52 8
33 34 1
33 34 2
33 37 1
33 38 2
33 51 8
34 37 1
34 38 4
34 51 8
35 35 6
36 52 8
36 52 8
36 36 2
36 37 4
36 37 6
37 38 3
37 52 8
38 40 6
38 39 2
39 40 4
39 53 8
40 55 8
42 43 0
42 44 0
42 46 0
42 49 0
43 49 0
43 44 0
43 46 0
44 46 0
44 49 0
45 48 0
45 47 0
46 49 0
47 48 0
48 51 0
48 52 0
48 53 0
48 55 0
49 50 0
49 54 0
50 54 0
51 52 0
51 53 0
51 55 0
52 53 0
52 55 0
53 55 0
