48 118
1
1
1
1
1
1
1
2
1
1
1
2
1
1
1
1
1
1
1
1
1
2
1
1
2
1
1
1
1
1
1
1
1
1
1
1
1
1
4
3
3
3
3
3
3
3
3
3
0 1 4
0 3 2
0 38 8
0 39 8
1 2 3
1 3 2
2 4 2
2 5 5
2 6 6
3 8 5
3 7 2
3 7 4
4 5 3
4 6 4
4 9 2
4 10 3
4 11 5
4 11 6
5 6 1
5 6 2
7 8 3
7 8 1
7 7 2
8 12 2
8 13 3
8 14 4
9 10 1
9 10 1
9 11 3
9 11 4
9 15 2
10 11 2
10 11 3
10 15 3
11 11 1
12 17 5
12 13 5
12 13 3
12 14 6
12 14 1
13 17 2
13 14 1
13 14 2
14 17 4
15 16 3
16 18 6
16 19 4
16 20 3
17 42 8
18 19 2
18 20 3
18 21 4
18 21 2
19 47 8
19 20 1
19 20 1
19 22 2
19 23 4
20 47 8
20 22 3
20 23 5
21 21 6
22 44 8
22 45 8
22 47 8
22 23 6
22 23 2
22 24 1
22 24 2
23 44 8
23 45 8
23 47 8
23 24 5
23 24 4
24 24 1
24 44 8
24 44 8
24 45 8
24 45 8
25 43 8
25 26 3
25 27 6
25 42 8
25 39 8
26 27 3
26 28 5
26 29 3
27 46 8
28 29 2
28 47 8
29 30 6
29 31 4
30 32 5
30 33 2
30 31 2
31 34 5
31 35 3
32 33 3
32 36 4
32 37 2
33 34 6
33 35 4
34 35 2
34 35 2
36 40 8
36 44 8
36 37 2
36 41 8
37 45 8
38 39 0
39 42 0
39 43 0
40 41 0
40 44 0
41 44 0
42 43 0
43 46 0
44 45 0
