41 89
1
1
1
1
1
1
1
1
1
1
1
1
1
2
2
1
1
1
1
1
2
2
1
4
3
3
3
3
3
3
3
3
3
3
3
3
3
3
3
3
3
0 24 8
0 1 3
0 2 6
1 32 8
1 2 3
1 35 8
1 33 8
1 34 8
1 30 8
2 3 2
2 4 3
2 39 8
3 39 8
3 4 5
3 31 8
4 5 3
4 38 8
4 39 8
4 6 3
5 38 8
5 29 8
5 6 6
6 8 5
6 38 8
6 7 2
7 8 3
7 26 8
8 9 3
8 10 3
9 10 6
9 11 3
9 12 2
10 36 8
10 13 2
10 13 4
10 37 8
11 12 5
11 14 5
11 14 3
12 16 3
12 15 3
13 36 8
13 36 8
13 13 2
13 37 8
13 37 8
14 14 2
15 16 6
15 17 3
15 18 2
15 19 2
16 20 3
16 20 5
17 18 1
17 18 6
17 19 5
18 19 4
19 23 8
19 21 4
19 21 2
20 20 2
21 21 2
21 23 8
21 23 8
22 24 8
22 32 8
22 34 8
24 32 0
25 27 0
25 28 0
26 29 0
26 38 0
26 31 0
27 28 0
28 40 0
29 38 0
29 31 0
30 32 0
30 33 0
30 34 0
30 35 0
31 38 0
32 33 0
32 34 0
32 35 0
33 34 0
33 35 0
34 35 0
36 37 0
