43 95
1
1
1
2
1
1
1
1
2
1
1
1
1
1
1
1
1
2
1
1
1
1
1
2
1
1
2
1
1
2
1
1
1
1
1
1
1
1
1
1
1
1
4
0 1 3
0 2 5
1 2 2
1 3 5
1 4 1
2 5 3
2 6 2
3 4 1
3 4 4
3 7 3
4 7 4
5 8 3
5 8 5
5 9 7
5 12 7
5 6 5
6 42 8
7 11 6
7 10 3
8 8 2
8 9 4
8 9 2
8 12 4
8 12 2
9 12 0
9 12 0
9 13 4
10 16 6
10 11 3
10 14 3
10 15 4
11 17 3
11 17 5
12 13 4
13 18 3
13 19 5
13 20 2
14 16 3
14 21 3
14 22 5
14 15 1
14 15 7
15 16 2
15 22 2
15 21 4
16 24 2
16 23 2
16 23 4
17 17 2
18 19 2
18 19 1
18 20 5
18 20 3
19 20 7
19 20 2
21 25 3
21 22 6
21 22 2
22 25 3
23 24 4
23 24 2
23 23 6
24 26 3
24 27 6
26 27 2
26 27 3
26 28 2
27 28 4
28 29 3
28 30 6
29 30 3
29 30 2
29 31 2
30 31 4
31 32 2
31 33 4
32 33 2
32 33 2
32 34 3
33 34 5
34 35 3
34 36 6
35 36 3
35 37 6
35 38 4
37 38 2
38 40 4
38 41 3
38 39 6
39 40 2
39 40 7
39 41 3
39 41 5
40 41 1
40 41 2
