30 68
1
1
1
1
1
1
1
1
1
1
1
1
2
2
2
1
1
2
1
1
1
1
1
1
4
3
3
3
3
3
0 1 3
0 2 5
0 25 8
1 2 2
1 3 2
1 4 2
1 5 3
2 3 3
2 5 5
3 4 4
3 5 2
3 5 1
4 26 8
4 5 5
6 8 5
6 9 2
6 26 8
6 25 8
6 7 3
7 8 2
7 9 5
7 10 2
7 11 6
8 9 7
8 9 1
8 12 4
8 12 2
9 12 3
9 12 3
10 11 4
10 13 4
10 13 2
11 15 6
11 14 2
11 14 4
12 12 6
13 13 2
14 14 2
14 15 4
14 15 2
15 16 3
16 17 4
16 17 2
16 18 2
17 17 2
17 18 6
17 18 4
18 19 2
18 20 3
19 28 8
19 20 5
20 21 2
20 22 2
20 23 3
21 24 8
21 27 8
21 22 4
21 23 2
21 23 1
22 29 8
22 23 5
23 24 8
23 27 8
24 27 0
25 26 0
27 28 0
27 29 0
28 29 0
