32 65
1
1
1
1
1
1
1
2
1
1
1
1
1
1
1
1
1
1
1
1
1
2
1
1
1
1
1
1
1
2
1
4
0 1 2
0 3 6
1 2 5
1 3 4
2 5 2
2 6 3
2 7 5
2 7 6
3 4 4
4 8 3
4 9 6
5 10 2
5 6 1
5 6 1
5 7 3
5 7 4
6 10 3
6 7 2
6 7 3
7 7 1
8 9 3
9 12 3
9 11 2
9 13 3
10 16 2
10 14 6
10 15 4
11 17 4
11 12 5
11 13 2
11 13 1
12 18 3
12 13 6
13 17 6
14 16 4
14 15 2
15 16 2
15 16 2
15 19 3
16 19 5
17 31 8
18 20 2
18 21 5
18 21 6
19 23 5
19 22 3
20 21 3
20 21 4
21 21 1
22 23 2
23 24 2
23 25 5
24 25 3
25 26 3
25 27 5
25 28 7
26 27 2
26 28 4
26 29 5
26 29 3
27 28 1
27 28 2
27 30 3
28 30 4
29 29 2
