27 68
1
1
1
1
1
1
1
1
1
1
1
1
1
1
1
4
3
3
3
3
3
3
3
3
3
3
3
0 16 8
0 1 2
0 2 6
1 2 4
1 3 4
1 4 2
2 5 2
2 6 4
2 23 8
2 24 8
3 19 8
3 4 2
4 22 8
5 24 8
5 18 8
5 6 6
5 23 8
6 7 2
6 8 4
6 23 8
6 24 8
7 8 2
7 20 8
8 9 2
8 10 2
9 17 8
9 10 4
9 15 8
10 21 8
11 12 4
11 13 2
11 17 8
11 20 8
11 21 8
11 25 8
12 13 2
12 16 8
12 18 8
12 19 8
12 22 8
12 23 8
12 26 8
13 24 8
14 25 8
14 26 8
15 17 0
16 18 0
16 19 0
16 22 0
16 23 0
16 26 0
17 20 0
17 21 0
17 25 0
18 19 0
18 22 0
18 23 0
18 26 0
19 22 0
19 23 0
19 26 0
20 21 0
20 25 0
21 25 0
22 23 0
22 26 0
23 24 0
23 26 0
