61 169
1
1
1
1
1
1
1
1
1
1
1
1
1
1
1
1
1
1
1
1
1
1
1
1
1
1
1
1
1
1
2
1
1
1
1
1
1
1
1
1
2
1
2
1
1
1
1
1
1
1
1
1
1
1
1
1
1
1
1
1
4
0 1 1
0 1 1
0 2 7
0 2 2
0 3 3
0 4 4
0 5 5
0 6 6
0 7 2
0 8 4
0 9 5
0 10 6
1 2 6
1 2 1
1 3 2
1 4 3
1 5 4
1 6 5
1 7 1
1 8 3
1 9 4
1 10 5
2 3 1
2 4 2
2 5 3
2 6 4
2 7 5
2 8 3
2 9 2
2 10 1
3 4 1
3 5 2
3 6 3
3 9 1
3 11 5
3 12 7
4 5 6
4 5 1
4 6 1
4 6 2
4 10 1
4 12 2
4 13 5
5 6 7
5 6 1
5 10 5
5 12 4
5 13 1
6 10 2
6 12 3
6 13 6
7 8 2
7 9 3
7 10 4
7 14 3
7 15 2
8 9 1
8 10 2
8 16 4
8 17 6
9 10 1
9 11 4
9 12 6
10 12 1
10 13 4
11 16 4
11 12 2
11 17 2
12 13 3
13 18 3
13 19 3
14 15 1
14 15 6
14 20 2
15 20 4
16 17 2
16 17 2
18 19 6
18 21 2
18 22 2
19 24 4
19 23 2
20 25 3
20 26 5
21 24 5
21 22 4
21 23 3
22 27 2
22 28 4
22 29 6
23 24 2
23 24 6
25 26 2
25 30 5
25 31 3
26 32 4
26 33 2
27 34 2
27 28 2
27 28 2
27 29 4
28 34 4
28 29 2
29 35 3
29 36 3
30 37 4
30 38 6
30 31 2
31 32 6
31 39 5
32 33 2
32 39 1
33 38 3
33 39 4
35 40 2
35 40 4
35 41 6
35 36 6
36 42 3
36 42 3
37 43 2
37 44 5
37 38 2
37 45 6
38 39 1
40 40 2
40 41 4
40 41 2
41 46 3
41 47 5
42 42 6
43 48 4
43 49 2
43 44 3
43 45 4
44 45 2
44 45 1
46 47 2
47 50 2
47 51 4
47 52 3
48 49 2
48 53 6
48 54 4
49 56 2
49 55 6
50 60 8
50 51 1
50 51 2
50 52 3
50 52 5
51 60 8
51 52 2
51 52 7
52 60 8
53 54 6
53 54 2
53 55 3
54 55 3
55 56 4
56 57 5
56 58 4
56 59 2
57 58 1
57 58 6
57 59 3
57 59 5
58 59 2
58 59 1
