44 82
1
1
1
1
1
1
1
1
1
1
1
1
2
1
1
1
1
1
1
1
1
1
1
1
4
3
3
3
3
3
3
3
3
3
3
3
3
3
3
3
3
3
3
3
0 24 8
0 1 4
0 2 2
0 25 8
1 2 2
1 3 5
1 4 2
2 27 8
2 29 8
2 31 8
3 26 8
3 4 3
4 28 8
5 25 8
5 29 8
5 6 2
5 7 6
6 8 5
6 9 3
6 37 8
6 7 4
7 39 8
7 31 8
8 9 2
8 27 8
8 37 8
9 10 5
9 11 3
9 37 8
10 11 2
10 30 8
11 12 6
11 12 4
11 38 8
12 12 2
12 38 8
12 38 8
13 37 8
13 14 2
13 15 5
14 16 5
14 17 3
14 15 3
15 39 8
16 17 2
16 38 8
16 30 8
17 18 5
17 19 3
18 32 8
18 33 8
18 35 8
18 40 8
18 19 2
19 20 5
19 21 3
20 41 8
20 34 8
20 21 2
21 22 5
21 23 3
22 42 8
22 36 8
22 23 2
23 43 8
24 25 0
25 29 0
26 28 0
27 29 0
27 31 0
29 31 0
30 38 0
31 39 0
32 40 0
32 33 0
32 35 0
33 40 0
33 35 0
34 41 0
35 40 0
36 42 0
36 43 0
