48 85
1
1
1
1
1
1
1
2
1
1
1
2
1
1
1
1
1
1
1
1
1
1
1
1
2
1
1
1
1
2
1
1
1
1
1
1
1
1
1
1
1
1
1
2
1
1
2
4
0 1 3
0 2 5
1 2 2
1 3 6
1 4 4
2 5 2
2 6 5
3 4 2
3 7 4
3 7 2
5 6 3
6 8 2
6 9 3
7 7 6
8 9 5
8 10 3
8 11 5
10 11 2
10 12 3
10 13 6
11 13 3
11 14 5
12 13 3
13 14 2
14 16 5
14 15 2
15 16 3
16 17 2
16 18 4
17 18 2
17 19 4
17 20 6
18 47 8
19 20 2
19 20 2
19 21 3
20 21 5
21 22 2
21 23 5
22 24 5
22 24 3
22 23 3
23 25 3
23 26 5
24 24 2
25 26 2
25 27 3
25 28 6
26 29 2
26 29 4
27 28 3
28 30 2
28 31 4
29 29 6
30 32 4
30 33 6
30 31 2
32 33 2
32 34 3
32 35 6
33 35 3
33 36 6
34 35 3
34 37 3
34 38 6
35 36 3
36 38 2
36 39 5
37 38 3
38 39 3
39 40 2
39 41 4
40 41 2
40 42 2
40 43 5
40 43 6
41 44 2
41 45 2
42 43 3
42 43 4
42 46 4
42 46 2
43 43 1
44 45 4
46 46 2
