45 94
1
1
1
1
1
1
1
1
1
1
1
1
1
1
1
1
1
1
1
1
1
1
1
1
1
1
1
1
1
1
1
1
1
1
1
1
1
1
1
1
1
1
1
2
4
0 1 2
0 3 4
0 44 8
1 2 5
1 3 6
1 44 8
2 4 2
2 5 5
3 44 8
3 6 2
3 7 4
4 5 3
5 8 2
5 9 3
5 10 4
6 11 6
6 12 3
6 7 2
7 13 3
7 14 6
8 9 5
8 9 3
8 10 6
8 10 1
9 10 1
9 10 2
11 16 3
11 17 1
11 12 3
11 15 5
12 18 2
12 19 3
12 20 5
12 21 6
13 23 4
13 22 2
13 14 3
15 16 2
15 17 4
15 24 3
15 25 2
16 17 1
16 17 2
18 19 1
18 19 6
18 20 3
18 21 4
18 26 2
18 29 5
19 20 2
19 21 3
19 26 4
19 29 1
20 21 6
20 21 1
20 29 1
21 29 5
22 23 2
23 30 4
23 31 6
24 25 6
24 25 1
26 27 4
26 29 3
27 28 5
28 32 2
28 33 3
28 34 5
28 35 6
30 31 2
30 36 3
30 37 6
32 33 1
32 33 1
32 34 3
32 35 4
32 38 2
33 34 2
33 35 3
33 38 3
34 35 2
34 35 1
34 39 2
35 39 4
36 40 3
36 41 5
36 37 3
39 40 5
39 42 2
40 41 2
40 42 3
42 43 3
42 43 5
43 43 2
