37 83
1
1
1
1
1
1
1
1
1
2
2
1
1
1
1
1
1
2
1
1
2
1
1
1
1
1
1
1
1
2
1
1
1
1
1
1
4
0 1 2
0 2 5
1 2 3
2 3 4
2 4 6
3 4 2
3 5 2
3 6 3
3 7 4
4 8 2
4 9 3
5 10 5
5 10 2
5 6 5
5 6 3
5 7 6
5 7 1
6 10 2
6 10 5
6 7 1
6 7 2
7 10 4
7 10 3
8 9 5
8 9 2
8 11 3
9 11 5
10 10 7
11 12 2
11 13 2
11 14 3
12 13 4
12 14 1
12 14 2
13 16 6
13 14 5
13 15 4
15 16 2
15 17 2
15 17 4
16 18 2
16 19 3
17 17 2
18 19 5
18 20 3
18 20 5
19 21 3
19 22 2
19 23 5
20 20 2
21 22 6
21 22 1
21 23 2
22 23 3
23 24 3
23 25 3
24 25 6
24 26 3
24 27 2
24 28 5
25 29 2
25 29 4
26 27 1
26 27 6
26 28 2
27 28 3
28 32 3
28 30 3
28 31 2
29 29 2
30 32 6
30 33 3
30 34 1
30 35 5
30 31 5
31 32 1
31 32 2
31 34 3
32 34 1
33 34 4
33 35 2
34 35 6
35 36 8
