27 93
1
1
1
1
1
1
1
1
1
1
2
2
1
1
1
1
1
4
3
3
3
3
3
3
3
3
3
0 1 2
0 2 3
0 18 8
1 2 5
1 3 3
1 4 2
2 19 8
3 4 5
3 5 3
3 6 4
3 7 6
4 20 8
5 8 3
5 9 5
5 6 7
5 6 1
5 7 3
6 8 4
6 9 2
6 7 2
7 21 8
8 9 2
8 9 1
8 10 1
8 10 2
8 11 4
8 11 5
8 12 2
8 22 8
9 10 2
9 10 3
9 11 5
9 11 6
9 12 1
9 22 8
10 10 1
10 11 3
10 11 4
10 11 2
10 11 3
10 12 3
10 12 4
10 22 8
10 22 8
11 11 1
11 12 6
11 12 7
11 22 8
11 22 8
12 13 2
12 14 4
12 15 3
12 22 8
13 17 8
13 14 2
13 14 1
13 15 5
13 15 3
14 17 8
14 15 7
14 15 2
15 17 8
16 18 8
16 19 8
16 20 8
16 21 8
16 22 8
16 23 8
16 24 8
16 25 8
16 26 8
18 19 0
18 20 0
18 21 0
18 22 0
18 25 0
18 26 0
19 20 0
19 21 0
19 22 0
19 25 0
19 26 0
20 21 0
20 22 0
20 25 0
20 26 0
21 22 0
21 25 0
21 26 0
22 25 0
22 26 0
23 24 0
25 26 0
