29 78
1
1
1
2
1
1
1
1
1
1
1
1
1
1
2
2
1
1
1
2
4
3
3
3
3
3
3
3
3
0 1 2
0 2 5
0 21 8
1 2 3
1 22 8
2 3 3
2 4 6
3 4 3
3 4 2
3 5 2
3 6 5
4 5 4
4 6 3
5 6 7
5 6 2
5 7 4
6 7 6
7 8 2
7 9 3
8 9 5
8 26 8
9 10 3
9 11 2
10 11 5
10 12 3
10 13 5
11 27 8
12 13 2
12 14 2
12 14 4
13 16 2
13 17 2
13 15 3
13 15 5
14 14 2
15 16 5
15 16 7
15 17 5
15 17 7
15 15 2
16 17 0
16 17 0
16 18 4
17 18 4
18 19 3
18 19 5
18 20 8
19 19 2
19 20 8
19 20 8
21 22 0
21 23 0
21 24 0
21 25 0
21 26 0
21 27 0
21 28 0
22 23 0
22 24 0
22 25 0
22 26 0
22 27 0
22 28 0
23 24 0
23 25 0
23 26 0
23 27 0
23 28 0
24 25 0
24 26 0
24 27 0
24 28 0
25 26 0
25 27 0
25 28 0
26 27 0
26 28 0
27 28 0
