32 62
1
1
1
1
2
1
1
1
1
1
1
1
2
1
1
1
1
1
1
1
1
1
1
1
1
1
1
1
1
1
1
4
0 1 3
0 3 5
1 2 3
1 3 2
2 4 3
2 5 5
3 6 2
3 7 3
4 8 4
4 5 2
4 5 6
5 8 2
6 9 4
6 10 6
6 7 5
7 31 8
8 12 4
8 12 6
8 11 2
9 10 2
9 10 2
9 13 3
10 13 5
11 12 2
11 12 4
11 14 4
11 15 2
12 12 2
14 16 6
14 17 2
14 15 2
15 17 6
15 18 4
16 17 4
17 18 2
18 19 5
18 20 3
19 20 2
19 21 5
19 22 2
20 24 4
20 23 2
21 27 6
21 25 5
21 26 3
21 22 3
22 24 4
22 23 6
23 24 2
23 24 2
25 26 1
25 26 2
25 27 2
25 27 1
25 28 4
26 27 3
26 27 3
26 28 3
27 28 6
28 29 2
28 30 5
29 30 3
