30 78
1
1
1
1
1
1
1
1
1
1
1
1
1
1
1
1
1
1
4
3
3
3
3
3
3
3
3
3
3
3
0 1 4
0 2 2
0 19 8
1 2 2
1 3 2
1 4 4
2 5 3
2 6 4
2 7 6
3 4 2
3 21 8
4 8 3
5 9 3
5 6 2
5 6 1
5 7 3
5 7 3
6 9 5
6 7 1
6 7 2
7 9 6
8 10 4
8 11 2
9 13 6
9 12 4
10 11 2
10 22 8
11 24 8
12 13 2
12 25 8
13 23 8
14 15 3
14 16 6
14 21 8
14 22 8
14 24 8
14 26 8
14 29 8
15 16 3
15 22 8
15 24 8
15 27 8
15 29 8
16 18 8
16 19 8
16 20 8
16 22 8
16 23 8
16 24 8
16 25 8
16 28 8
16 29 8
17 26 8
17 27 8
17 28 8
17 29 8
18 19 0
18 20 0
18 23 0
18 25 0
18 28 0
19 20 0
19 23 0
19 25 0
19 28 0
20 23 0
20 25 0
20 28 0
21 26 0
22 24 0
22 29 0
23 25 0
23 28 0
24 29 0
25 28 0
26 27 0
26 29 0
27 29 0
