34 80
1
1
1
1
1
1
1
1
1
1
1
1
1
1
1
1
1
1
1
1
1
1
1
4
3
3
3
3
3
3
3
3
3
3
0 24 8
0 1 2
0 2 5
0 23 8
1 25 8
1 2 3
1 27 8
1 28 8
2 33 8
2 32 8
2 26 8
2 29 8
2 30 8
2 31 8
3 27 8
3 4 3
4 5 2
4 6 5
5 28 8
5 6 3
6 7 2
6 8 4
6 24 8
6 25 8
7 8 2
7 8 6
7 9 4
7 25 8
7 24 8
8 24 8
8 9 2
8 25 8
9 10 3
9 11 6
10 11 3
10 30 8
11 12 2
11 13 3
12 13 5
12 14 2
12 15 5
13 29 8
14 31 8
14 15 3
15 16 1
15 17 3
15 18 5
16 17 4
16 18 1
16 18 6
17 18 2
17 19 3
17 20 2
19 20 5
19 21 3
19 22 6
20 32 8
21 33 8
21 22 3
22 26 8
23 24 0
24 25 0
25 27 0
25 28 0
26 32 0
26 33 0
26 29 0
26 30 0
26 31 0
27 28 0
29 32 0
29 33 0
29 30 0
29 31 0
30 32 0
30 33 0
30 31 0
31 32 0
31 33 0
32 33 0
