27 80
1
1
1
1
1
2
2
1
1
1
1
1
2
1
1
1
1
1
2
4
3
3
3
3
3
3
3
0 1 3
0 2 5
0 20 8
1 2 2
1 2 6
1 3 3
1 4 4
2 3 3
2 4 2
3 4 1
3 4 1
3 5 1
3 5 3
3 6 4
3 6 5
3 7 6
3 23 8
4 5 2
4 5 4
4 6 5
4 6 6
4 7 7
4 23 8
5 5 2
5 6 3
5 6 4
5 6 1
5 6 2
5 7 5
5 7 3
5 23 8
5 23 8
6 6 1
6 7 2
6 7 1
6 23 8
6 23 8
7 8 3
7 9 3
7 23 8
8 9 6
8 10 2
8 11 3
9 22 8
10 19 8
10 11 5
10 12 4
10 12 2
11 13 2
11 14 4
12 19 8
12 19 8
12 12 6
13 25 8
13 14 2
14 24 8
15 16 2
15 17 4
15 26 8
15 21 8
16 17 2
16 18 5
16 18 3
17 20 8
17 22 8
17 23 8
17 24 8
17 25 8
18 18 2
20 22 0
20 23 0
20 24 0
20 25 0
21 26 0
22 23 0
22 24 0
22 25 0
23 24 0
23 25 0
24 25 0
