28 63
1
1
1
1
1
1
1
1
1
1
1
1
1
1
2
1
1
1
1
1
1
1
1
1
1
1
1
4
0 1 3
0 2 5
1 2 2
1 3 3
1 4 5
2 27 8
3 4 2
3 4 2
3 5 2
4 5 4
5 6 4
5 7 2
6 8 3
6 7 2
6 7 2
7 8 5
8 9 2
8 10 6
9 10 4
9 11 3
9 12 5
9 13 7
10 14 2
10 14 4
11 12 2
11 13 4
11 15 5
11 16 3
11 17 1
12 18 4
12 19 2
12 13 2
13 20 3
14 14 2
15 16 2
15 17 4
16 17 1
16 17 2
16 21 2
16 22 3
17 21 3
17 22 4
18 20 4
18 19 6
18 19 2
19 20 2
21 22 1
21 22 7
21 23 2
21 24 3
21 25 5
22 23 5
22 24 4
22 25 2
23 24 1
23 24 6
23 25 3
23 25 5
23 26 2
24 25 2
24 25 1
24 26 4
25 26 3
