35 109
1
1
1
1
1
1
1
2
1
1
1
1
1
1
1
1
1
1
4
3
3
3
3
3
3
3
3
3
3
3
3
3
3
3
3
0 1 2
0 2 4
0 19 8
1 2 2
1 20 8
2 3 3
2 4 3
3 4 6
3 5 3
3 6 5
4 21 8
5 6 2
5 7 3
5 7 5
6 8 3
6 9 4
6 10 6
7 7 2
8 9 1
8 10 3
8 11 1
8 12 2
8 13 3
8 14 5
9 10 2
9 10 1
9 11 4
9 14 5
10 11 5
10 14 6
11 12 3
11 13 4
11 14 1
11 14 6
12 13 2
12 13 1
12 14 3
13 14 2
15 33 8
15 16 2
15 17 5
15 19 8
15 21 8
15 23 8
15 25 8
15 27 8
15 28 8
15 29 8
16 17 3
16 34 8
16 20 8
17 32 8
17 18 8
17 22 8
17 24 8
17 26 8
17 30 8
17 31 8
18 32 0
18 22 0
18 24 0
18 26 0
18 30 0
18 31 0
19 33 0
19 21 0
19 23 0
19 25 0
19 27 0
19 28 0
19 29 0
20 34 0
21 33 0
21 23 0
21 25 0
21 27 0
21 28 0
21 29 0
22 32 0
22 24 0
22 26 0
22 30 0
22 31 0
23 33 0
23 25 0
23 27 0
23 28 0
23 29 0
24 32 0
24 26 0
24 30 0
24 31 0
25 33 0
25 27 0
25 28 0
25 29 0
26 32 0
26 30 0
26 31 0
27 33 0
27 28 0
27 29 0
28 33 0
28 34 0
28 29 0
29 33 0
30 32 0
30 31 0
31 32 0
