44 136
1
1
1
2
1
1
1
1
1
1
1
1
1
2
1
2
1
1
1
1
1
1
1
2
1
1
1
4
3
3
3
3
3
3
3
3
3
3
3
3
3
3
3
3
0 1 2
0 2 6
0 28 8
1 2 4
1 29 8
2 3 2
2 3 4
2 4 6
2 42 8
2 43 8
3 43 8
3 43 8
3 3 2
3 4 4
3 4 2
3 42 8
3 42 8
4 42 8
4 43 8
4 5 5
5 6 2
5 7 4
6 41 8
6 7 6
7 8 2
7 9 4
8 40 8
8 9 6
9 10 3
9 11 3
10 11 6
10 37 8
11 12 1
11 13 3
12 13 4
12 13 1
12 14 4
13 14 5
14 16 2
14 17 2
14 15 3
14 15 5
15 16 5
15 16 7
15 17 5
15 17 7
15 15 2
16 17 0
16 17 0
16 18 4
17 18 4
18 19 3
18 20 3
19 20 6
19 31 8
20 21 3
20 22 3
21 30 8
21 22 6
22 27 8
22 23 2
22 23 4
23 27 8
23 27 8
23 23 2
24 37 8
24 40 8
24 41 8
24 42 8
24 25 2
24 26 5
24 28 8
24 29 8
25 26 3
25 43 8
26 32 8
26 33 8
26 34 8
26 35 8
26 36 8
26 38 8
26 39 8
26 30 8
26 31 8
28 37 0
28 40 0
28 41 0
28 42 0
28 29 0
29 37 0
29 40 0
29 41 0
29 42 0
30 32 0
30 33 0
30 34 0
30 35 0
30 36 0
30 38 0
30 39 0
30 31 0
31 32 0
31 33 0
31 34 0
31 35 0
31 36 0
31 38 0
31 39 0
32 33 0
32 34 0
32 35 0
32 36 0
32 38 0
32 39 0
33 34 0
33 35 0
33 36 0
33 38 0
33 39 0
34 35 0
34 36 0
34 38 0
34 39 0
35 36 0
35 38 0
35 39 0
36 38 0
36 39 0
37 40 0
37 41 0
37 42 0
38 39 0
40 41 0
40 42 0
41 42 0
42 43 0
