30 115
1
1
1
1
1
1
1
2
2
1
1
1
1
1
1
1
1
1
4
3
3
3
3
3
3
3
3
3
3
3
0 1 2
0 1 1
0 2 3
0 2 1
0 3 4
0 3 5
0 4 5
0 4 2
0 5 3
0 6 4
0 19 8
0 22 8
1 2 1
1 2 2
1 3 2
1 3 4
1 4 3
1 4 3
1 5 2
1 6 3
1 19 8
1 22 8
2 3 1
2 3 6
2 4 2
2 4 1
2 5 4
2 6 5
2 19 8
2 22 8
3 4 1
3 4 7
3 5 2
3 6 1
3 19 8
3 22 8
4 5 5
4 6 6
4 19 8
4 22 8
5 6 1
5 7 2
5 7 4
5 22 8
6 8 3
6 8 4
6 9 1
6 21 8
6 22 8
7 7 2
8 8 1
8 9 4
8 9 5
8 21 8
8 21 8
9 10 3
9 11 5
9 21 8
10 11 2
10 11 2
10 12 4
11 12 6
12 13 2
12 14 3
13 16 6
13 14 5
13 15 4
14 24 8
14 18 8
15 16 2
15 28 8
16 27 8
17 19 8
17 20 8
17 21 8
17 22 8
17 23 8
17 24 8
17 25 8
17 26 8
17 27 8
17 28 8
17 29 8
18 24 0
19 20 0
19 21 0
19 22 0
19 23 0
19 24 0
19 27 0
19 28 0
20 21 0
20 22 0
20 23 0
20 24 0
20 27 0
20 28 0
21 22 0
21 23 0
21 24 0
21 27 0
21 28 0
22 23 0
22 24 0
22 27 0
22 28 0
23 24 0
23 27 0
23 28 0
24 27 0
24 28 0
25 26 0
25 29 0
26 29 0
27 28 0
