52 127
1
1
1
1
1
1
1
1
1
1
1
1
1
1
1
2
1
1
2
1
1
1
1
1
1
1
1
1
2
1
1
2
4
3
3
3
3
3
3
3
3
3
3
3
3
3
3
3
3
3
3
3
0 32 8
0 1 3
0 33 8
1 32 8
1 2 5
1 3 3
2 3 2
2 4 4
2 5 2
3 5 6
3 6 4
4 34 8
4 5 2
5 6 2
6 35 8
7 8 4
7 9 6
7 41 8
8 9 2
8 10 6
8 11 2
9 43 8
10 11 4
10 12 5
10 13 3
11 14 2
11 15 5
11 15 6
12 33 8
12 36 8
12 37 8
12 13 2
12 42 8
13 44 8
14 16 5
14 17 2
14 15 3
14 15 4
15 15 1
16 17 3
16 45 8
17 18 4
17 18 2
18 18 2
19 48 8
19 20 2
19 21 4
20 49 8
20 21 2
21 22 2
21 23 6
22 24 2
22 25 4
22 23 4
23 26 3
23 27 3
24 25 2
24 28 5
24 28 3
25 30 6
25 29 3
26 50 8
26 27 6
27 34 8
27 35 8
27 38 8
27 39 8
27 40 8
27 47 8
28 28 2
29 30 3
29 31 2
29 31 4
30 51 8
31 31 2
33 42 0
33 36 0
33 37 0
34 35 0
34 38 0
34 39 0
34 40 0
34 47 0
35 38 0
35 39 0
35 40 0
35 47 0
36 42 0
36 37 0
37 42 0
38 39 0
38 40 0
38 47 0
39 40 0
39 41 0
39 42 0
39 43 0
39 44 0
39 45 0
39 46 0
39 47 0
40 47 0
40 48 0
40 49 0
40 50 0
40 51 0
41 42 0
41 43 0
41 44 0
41 45 0
41 46 0
42 43 0
42 44 0
42 45 0
42 46 0
43 44 0
43 45 0
43 46 0
44 45 0
44 46 0
45 46 0
48 49 0
48 50 0
48 51 0
49 50 0
49 51 0
50 51 0
