65 162
1
1
1
1
1
1
1
1
1
1
1
1
1
1
2
1
1
1
1
1
2
2
2
1
1
1
1
1
1
1
1
1
1
1
1
1
1
1
1
1
1
1
1
1
1
4
3
3
3
3
3
3
3
3
3
3
3
3
3
3
3
3
3
3
3
0 1 3
0 46 8
1 2 4
1 3 6
2 3 2
2 4 3
2 5 5
3 6 2
3 7 3
4 8 6
4 9 4
4 5 2
5 11 6
5 10 2
6 48 8
6 45 8
6 7 5
7 49 8
8 9 2
8 47 8
9 50 8
10 60 8
10 11 4
10 52 8
10 53 8
11 12 3
11 13 5
12 62 8
12 13 2
12 14 3
12 14 5
12 61 8
13 51 8
14 62 8
14 62 8
14 61 8
14 61 8
14 14 2
15 16 3
15 17 5
15 53 8
16 17 2
16 18 2
16 19 4
17 47 8
17 50 8
17 20 3
17 20 1
17 21 1
17 21 3
18 19 2
18 22 6
18 22 4
19 24 6
19 23 3
20 50 8
20 50 8
20 20 2
20 21 4
20 21 6
20 21 2
20 21 4
20 47 8
20 47 8
21 50 8
21 50 8
21 21 2
21 47 8
21 47 8
22 22 2
23 24 3
23 57 8
24 25 2
24 26 2
25 26 4
25 54 8
26 27 3
26 28 5
27 28 2
27 29 4
27 30 6
28 32 3
28 31 3
29 59 8
29 30 2
30 58 8
31 32 6
31 56 8
31 64 8
31 63 8
32 55 8
33 34 2
33 35 4
33 36 5
33 46 8
33 48 8
33 49 8
33 51 8
33 60 8
34 35 2
34 35 1
34 36 3
34 36 5
34 37 3
35 36 1
35 36 6
35 37 4
36 37 2
37 38 2
38 40 6
38 39 3
39 40 3
39 63 8
40 41 2
40 42 3
41 42 5
41 43 4
41 44 6
42 61 8
43 64 8
43 44 2
44 62 8
45 48 0
46 48 0
46 49 0
46 51 0
46 60 0
47 50 0
48 49 0
48 51 0
48 60 0
49 51 0
49 60 0
51 60 0
52 53 0
52 54 0
52 55 0
52 56 0
52 57 0
52 58 0
52 59 0
52 60 0
53 60 0
54 55 0
54 56 0
54 57 0
54 58 0
54 59 0
55 56 0
55 57 0
55 58 0
55 59 0
56 64 0
56 59 0
56 57 0
56 58 0
56 63 0
57 58 0
57 59 0
58 59 0
61 62 0
63 64 0
