28 79
1
1
1
1
1
1
1
1
1
1
1
1
1
1
1
1
1
1
4
3
3
3
3
3
3
3
3
3
0 1 2
0 2 4
0 19 8
0 18 8
1 2 2
1 20 8
2 3 3
2 4 5
3 4 2
3 5 6
3 6 4
4 8 4
4 9 6
4 7 3
5 10 4
5 11 2
5 6 2
6 12 5
6 13 3
7 8 7
7 8 1
7 9 3
7 14 3
7 15 5
8 9 2
8 15 2
8 14 4
9 24 8
10 16 5
10 11 2
10 11 2
11 16 3
12 22 8
12 13 2
13 27 8
13 23 8
14 25 8
14 15 2
15 26 8
16 21 8
17 19 8
17 20 8
17 21 8
17 22 8
17 23 8
17 24 8
17 25 8
17 26 8
17 27 8
18 19 0
19 20 0
19 21 0
19 22 0
19 23 0
19 24 0
19 25 0
19 26 0
20 21 0
20 22 0
20 23 0
20 24 0
20 25 0
20 26 0
21 22 0
21 23 0
21 24 0
21 25 0
21 26 0
22 23 0
22 24 0
22 25 0
22 26 0
23 24 0
23 25 0
23 26 0
23 27 0
24 25 0
24 26 0
25 26 0
