35 65
1
1
1
1
1
1
1
1
1
1
1
1
1
2
1
1
1
1
1
1
1
2
1
1
1
1
1
2
1
1
1
1
1
1
4
0 1 3
0 2 5
1 2 2
1 3 2
1 5 4
2 34 8
3 4 5
3 5 2
4 8 3
4 6 6
4 7 4
5 9 4
5 10 6
6 8 3
6 12 5
6 11 2
6 7 2
7 8 1
7 8 1
7 13 2
7 13 4
8 13 3
8 13 5
9 16 5
9 10 2
9 14 2
9 15 4
10 17 3
10 18 6
11 12 3
11 19 6
11 20 4
12 21 2
12 21 4
13 13 2
14 16 5
14 16 3
14 22 3
14 15 1
14 15 2
15 16 6
15 16 1
15 22 4
16 22 2
17 18 3
18 24 3
18 23 2
19 25 2
19 26 5
19 20 2
20 27 5
20 27 3
21 21 6
23 24 5
23 28 3
23 29 6
25 26 3
27 27 2
28 29 3
29 30 2
29 31 4
30 31 2
31 32 3
31 33 5
32 33 2
