33 74
1
1
1
1
1
1
1
1
1
1
1
1
1
1
1
1
1
1
1
1
1
2
1
4
3
3
3
3
3
3
3
3
3
0 24 8
0 1 2
0 2 4
1 25 8
1 2 2
2 3 2
2 4 4
3 4 2
3 26 8
4 5 2
4 6 4
5 8 4
5 6 2
5 7 2
6 9 2
6 10 3
6 11 3
7 8 2
7 32 8
7 29 8
8 13 4
8 12 2
9 10 5
9 11 1
9 11 2
9 14 4
10 11 6
10 15 3
11 14 6
12 16 4
12 13 2
12 17 6
13 18 2
13 19 3
14 27 8
14 23 8
15 20 6
15 18 4
16 17 2
16 31 8
17 30 8
18 19 5
18 20 2
19 21 3
19 21 5
20 28 8
21 21 2
22 32 8
22 24 8
22 25 8
22 26 8
22 27 8
22 28 8
22 29 8
22 30 8
22 31 8
23 27 0
24 25 0
24 26 0
24 32 0
25 26 0
25 32 0
26 32 0
27 28 0
27 29 0
27 30 0
27 31 0
28 29 0
28 30 0
28 31 0
29 32 0
29 30 0
29 31 0
30 31 0
