87 177
1
1
1
1
1
1
1
1
1
1
1
1
1
1
1
1
1
1
1
1
1
1
1
1
1
1
1
1
1
1
1
1
1
1
1
1
1
1
1
1
1
1
1
1
1
1
1
1
1
1
1
1
2
1
1
1
1
1
1
1
1
2
1
1
1
1
1
1
1
1
1
1
1
1
1
2
1
1
1
1
1
2
1
1
1
1
4
0 1 2
0 2 4
1 2 2
2 3 2
2 4 3
2 5 3
3 4 5
3 5 1
3 5 1
3 6 2
3 7 3
4 8 3
4 5 6
4 7 2
5 6 3
5 7 2
6 7 5
7 8 5
8 9 3
8 10 6
9 10 3
10 11 2
10 12 3
11 12 5
11 13 3
11 14 2
13 16 6
13 14 5
13 15 3
15 16 3
16 17 2
16 18 3
17 18 5
17 22 3
17 23 5
18 19 3
18 86 8
19 20 3
19 86 8
20 21 3
21 24 3
21 25 5
22 26 3
22 23 6
22 23 2
23 26 3
24 25 2
24 27 4
24 28 2
25 30 2
25 31 6
26 32 2
26 33 6
27 34 3
27 35 5
27 28 2
28 29 4
29 30 4
30 31 4
31 36 2
31 37 4
32 33 4
33 38 2
33 39 5
34 40 2
34 35 2
34 41 5
35 41 3
35 42 5
36 43 3
36 44 6
36 37 2
37 45 2
37 46 4
38 39 3
39 48 6
39 47 3
40 49 4
40 50 2
40 41 3
41 42 2
43 44 3
44 51 3
44 45 2
45 51 5
45 46 2
46 52 2
46 52 4
47 48 3
47 53 3
47 54 5
48 56 4
48 57 3
48 55 2
49 50 2
49 59 3
49 60 1
49 58 5
50 59 3
50 60 4
51 67 7
51 61 3
51 61 5
51 62 7
52 52 6
53 54 2
53 54 2
53 63 2
54 63 4
55 56 2
55 56 1
55 64 3
55 57 5
55 57 3
56 57 7
56 57 2
56 64 4
57 64 6
58 66 5
58 59 2
58 60 4
58 65 2
59 60 2
59 60 1
61 67 4
61 67 2
61 61 2
61 62 4
61 62 2
62 67 0
62 67 0
62 68 4
63 70 5
63 69 3
65 72 1
65 66 3
65 71 5
66 75 2
66 75 4
66 74 1
66 73 2
67 68 4
68 76 2
68 77 3
69 72 1
69 70 2
70 71 2
71 72 4
73 74 2
73 74 1
73 75 4
73 75 6
74 75 3
74 75 5
75 75 2
76 80 6
76 77 5
76 78 2
76 79 4
77 81 2
77 81 4
78 80 4
78 79 2
79 80 2
79 80 2
79 82 2
80 82 4
81 81 6
82 83 2
82 84 4
82 85 3
83 84 1
83 84 2
83 85 3
83 85 5
84 85 2
84 85 7
