68 126
1
1
1
1
1
1
1
1
1
1
1
1
1
1
1
1
1
1
1
1
2
1
2
1
1
1
1
1
1
1
1
1
1
2
1
1
2
1
1
1
1
1
1
1
1
1
1
1
1
1
1
1
1
1
1
1
1
1
1
1
1
1
2
1
1
1
2
4
0 1 2
0 2 4
1 2 2
2 3 3
2 5 2
3 4 6
3 5 5
4 6 2
4 7 6
6 7 4
7 8 2
7 9 4
8 9 2
8 10 4
8 11 6
9 12 4
9 13 6
10 11 2
10 11 2
10 14 4
11 14 6
12 13 2
13 16 3
13 17 2
14 15 2
15 18 2
15 19 6
16 17 5
16 20 2
16 20 4
16 21 6
17 22 4
17 22 2
18 19 4
19 24 5
19 23 3
20 20 2
20 21 4
20 21 2
21 25 2
21 26 2
22 22 6
23 24 2
23 27 4
23 28 6
24 27 4
24 28 2
24 29 7
25 26 4
25 67 8
26 30 2
26 31 3
27 28 2
27 28 2
27 29 3
28 29 5
29 32 4
30 33 2
30 33 4
30 34 6
30 31 5
31 36 3
31 36 3
32 37 2
32 38 3
33 33 2
33 34 4
33 34 2
34 35 4
35 41 6
35 39 3
36 36 6
37 42 3
37 43 5
37 38 5
39 40 3
39 41 3
40 44 5
40 45 3
42 43 2
43 46 4
43 47 2
44 45 2
45 48 4
45 49 2
46 50 2
46 51 4
46 52 5
46 47 6
48 49 2
48 53 6
48 54 4
49 56 5
49 55 3
50 51 2
50 51 1
50 52 3
50 52 5
51 52 1
51 52 6
53 57 3
53 58 5
53 54 2
55 56 6
55 56 2
55 59 4
56 59 2
57 58 2
57 60 3
57 61 6
58 62 3
58 62 3
60 64 4
60 65 3
60 61 3
60 63 6
61 66 2
61 66 4
62 62 6
63 64 2
63 64 7
63 65 3
63 65 5
64 65 1
64 65 2
66 66 6
