36 91
1
1
1
1
2
1
1
2
1
1
1
1
1
1
1
2
1
1
1
2
1
1
1
1
1
4
3
3
3
3
3
3
3
3
3
3
0 1 3
0 2 2
0 26 8
1 2 5
1 3 2
1 4 6
2 27 8
2 25 8
3 4 4
3 4 6
3 5 4
4 5 2
5 32 8
5 6 2
5 7 4
5 7 6
5 30 8
6 32 8
6 33 8
6 34 8
6 35 8
6 7 2
6 7 4
6 28 8
6 29 8
6 30 8
6 31 8
7 32 8
7 32 8
7 30 8
7 30 8
7 7 2
8 9 3
8 10 5
8 28 8
8 26 8
9 10 2
9 29 8
10 11 3
10 12 6
11 12 3
11 31 8
12 13 2
12 14 4
13 16 6
13 14 2
13 15 2
13 15 4
14 17 3
14 18 3
15 16 4
15 16 2
15 15 2
16 19 2
16 19 4
16 20 2
17 32 8
17 18 6
18 27 8
18 30 8
19 19 6
19 20 4
19 20 2
20 21 2
20 22 6
21 34 8
21 22 4
22 24 5
22 23 3
23 24 2
23 35 8
24 33 8
25 27 0
26 28 0
27 30 0
28 33 0
28 34 0
28 35 0
28 29 0
28 31 0
29 33 0
29 34 0
29 35 0
29 31 0
30 32 0
31 33 0
31 34 0
31 35 0
33 34 0
33 35 0
34 35 0
