36 68
1
1
1
1
1
1
1
1
1
2
1
1
1
1
2
1
1
1
1
1
2
2
1
1
1
1
1
1
1
1
1
1
2
1
1
4
0 1 3
0 2 5
1 2 2
1 3 5
1 4 3
2 5 4
2 6 2
3 4 2
5 8 6
5 6 6
5 7 3
6 9 2
6 9 4
7 8 3
8 10 2
8 11 3
9 9 6
10 11 5
11 12 3
11 13 2
12 16 7
12 13 5
12 14 3
12 14 5
12 15 7
14 16 4
14 16 2
14 14 2
14 15 4
14 15 2
15 16 0
15 16 0
15 17 4
16 17 4
17 18 3
17 19 5
18 19 2
18 20 3
18 20 5
19 21 2
19 21 4
19 22 6
20 20 2
21 21 2
21 22 4
21 22 2
22 24 3
22 23 2
23 24 5
23 25 4
23 26 2
25 26 6
25 27 3
25 28 5
27 28 2
28 29 2
28 30 3
29 32 5
29 32 6
29 30 5
29 31 3
30 33 2
30 34 4
31 32 2
31 32 3
32 32 1
33 34 6
34 35 8
