50 104
1
1
1
1
1
1
2
1
2
1
1
1
1
1
1
1
1
1
1
1
1
1
1
1
2
1
1
2
1
1
1
1
1
1
1
1
1
1
1
1
2
1
1
1
1
1
1
1
2
4
0 1 2
0 2 5
1 2 3
2 3 2
2 4 4
3 4 2
3 4 2
3 5 3
4 5 5
5 6 1
5 6 3
5 7 4
5 8 5
5 8 6
5 9 1
6 8 4
6 8 5
6 8 2
6 8 3
6 9 2
6 9 4
6 6 2
6 7 3
6 7 1
7 8 1
7 8 2
7 9 5
8 8 1
8 9 6
8 9 7
9 10 2
9 11 3
10 11 5
11 12 2
11 13 5
12 13 3
13 14 2
13 15 6
14 15 4
15 16 4
15 17 2
16 17 6
16 18 3
16 19 6
17 49 8
18 19 3
19 20 2
19 21 2
20 21 4
21 22 3
21 23 6
22 24 3
22 24 5
22 23 3
23 25 3
23 26 2
24 24 2
25 26 5
25 27 2
25 28 6
27 28 2
27 28 4
27 29 2
28 29 4
29 30 3
29 31 5
30 32 5
30 33 3
30 31 2
31 34 2
31 35 4
32 33 2
33 36 6
33 37 4
34 35 2
34 38 2
34 39 6
36 37 2
38 39 4
39 40 3
39 40 5
39 41 7
39 42 7
40 40 2
40 41 4
40 41 2
40 42 4
40 42 2
41 42 0
41 42 0
41 43 3
42 43 3
43 44 3
43 45 5
44 45 2
44 45 2
44 46 3
45 46 5
46 48 5
46 48 6
46 47 2
47 48 3
47 48 4
48 48 1
