32 62
1
1
1
1
1
1
1
1
1
1
1
1
1
1
1
1
1
1
1
1
1
1
1
2
1
1
1
1
1
1
1
4
0 1 3
0 2 6
1 2 3
1 3 5
1 4 2
2 31 8
3 4 3
4 5 2
4 6 5
4 7 6
5 8 3
5 9 5
5 6 3
5 7 4
6 7 2
6 7 1
8 9 2
8 10 6
8 11 4
9 12 2
9 13 6
10 11 2
12 13 4
12 14 4
12 15 2
13 16 4
13 17 6
14 15 2
16 17 2
16 18 2
16 19 4
17 18 2
17 20 2
18 19 6
18 20 4
19 21 2
19 22 4
20 23 4
20 23 2
21 24 1
21 25 3
21 26 5
21 22 2
22 24 4
22 26 5
23 23 6
24 25 4
24 26 1
24 26 6
25 26 2
25 27 3
25 28 5
25 29 2
27 28 2
27 28 1
27 29 5
27 29 3
27 30 2
28 29 7
28 29 2
28 30 3
29 30 5
