62 186
1
1
1
1
1
1
1
2
1
1
2
1
1
1
1
1
1
1
1
1
1
1
1
2
1
1
1
1
1
1
1
1
1
1
1
1
1
1
1
1
1
1
1
4
3
3
3
3
3
3
3
3
3
3
3
3
3
3
3
3
3
3
0 1 2
0 2 2
0 3 3
0 44 8
1 2 4
1 3 1
1 3 2
2 3 5
2 4 2
2 5 3
2 6 6
4 5 1
4 5 1
4 6 4
4 7 2
4 7 4
5 6 3
5 7 3
5 7 5
6 8 2
6 9 4
7 7 2
8 9 2
8 10 2
8 10 4
9 11 2
9 12 2
9 13 4
9 14 3
10 10 2
11 12 4
11 13 6
11 14 1
11 15 4
11 16 3
11 17 2
11 18 5
11 46 8
12 13 2
12 14 5
12 19 1
12 20 3
12 21 5
13 45 8
13 14 7
13 14 1
13 17 2
13 22 3
13 23 1
13 23 5
14 45 8
14 17 1
14 22 2
14 23 2
14 23 4
15 46 8
15 16 1
15 16 2
15 17 6
15 18 1
15 18 2
15 22 1
16 46 8
16 17 5
16 18 2
16 18 4
16 22 3
17 45 8
17 18 7
17 46 8
17 22 1
17 23 3
17 23 3
18 46 8
18 22 1
19 24 4
19 25 5
19 21 1
19 21 6
19 20 4
20 26 3
20 27 5
20 21 2
21 24 5
21 25 6
22 45 8
22 23 4
22 23 2
23 45 8
23 45 8
23 23 6
24 25 2
24 25 1
24 28 4
25 28 6
26 27 2
26 29 2
26 30 2
26 31 3
27 29 3
27 31 5
28 43 8
28 47 8
29 30 4
29 31 2
29 31 1
30 48 8
30 31 5
32 33 6
32 34 4
32 35 2
32 36 1
32 45 8
32 46 8
32 47 8
32 48 8
32 49 8
32 50 8
32 51 8
32 52 8
33 34 2
33 35 4
33 36 5
33 37 4
33 38 2
34 35 2
34 36 3
34 37 4
34 38 6
35 36 1
35 36 1
35 39 2
35 40 4
36 39 3
36 40 5
37 38 2
37 38 2
39 40 2
39 41 4
39 42 2
40 41 4
40 42 2
41 42 6
41 42 2
43 47 0
44 56 0
44 60 0
44 54 0
44 55 0
45 49 0
45 46 0
45 47 0
45 48 0
45 50 0
45 51 0
45 52 0
46 48 0
46 50 0
46 49 0
46 51 0
46 52 0
46 47 0
47 48 0
47 49 0
47 50 0
47 51 0
47 52 0
48 49 0
48 50 0
48 51 0
48 52 0
49 50 0
49 51 0
49 52 0
50 51 0
50 52 0
51 52 0
53 59 0
54 56 0
54 60 0
54 55 0
55 56 0
55 60 0
56 60 0
57 58 0
58 61 0
