74 209
1
1
1
1
1
1
1
1
1
1
1
2
2
1
1
1
1
1
1
1
1
1
1
1
2
1
2
1
1
1
2
1
1
1
1
1
2
2
1
1
1
1
1
1
1
1
1
1
2
1
1
1
1
1
4
3
3
3
3
3
3
3
3
3
3
3
3
3
3
3
3
3
3
3
0 1 4
0 2 6
0 55 8
1 2 2
1 2 2
1 3 3
1 4 5
2 3 5
2 4 7
3 4 1
3 4 2
3 5 3
4 5 4
5 56 8
5 54 8
6 66 8
6 7 2
6 8 6
6 57 8
6 58 8
6 59 8
6 60 8
6 61 8
6 62 8
6 63 8
7 70 8
7 8 4
7 9 1
7 10 2
7 11 3
7 11 4
7 12 5
7 12 6
8 13 2
8 14 3
9 67 8
9 70 8
9 10 1
9 11 2
9 11 3
9 12 4
9 12 5
10 70 8
10 11 1
10 11 2
10 12 3
10 12 4
10 15 5
10 16 3
10 17 2
11 70 8
11 70 8
11 11 1
11 12 2
11 12 3
11 12 1
11 12 2
12 70 8
12 70 8
12 12 1
13 68 8
13 14 5
14 18 2
14 19 4
15 16 2
15 17 3
15 20 4
15 21 2
16 17 7
16 17 1
16 22 2
16 23 5
17 22 5
17 23 2
18 24 3
18 24 5
18 25 7
18 19 2
18 29 7
19 26 2
19 26 4
20 21 2
20 21 2
20 22 4
21 22 6
22 23 3
23 27 6
23 28 4
24 24 2
24 25 4
24 25 2
24 29 4
24 29 2
25 29 0
25 29 0
25 30 3
25 30 4
26 26 6
27 72 8
27 28 2
28 32 3
28 31 5
29 30 3
29 30 4
30 30 1
31 32 2
31 33 6
31 34 3
31 35 2
32 36 3
32 36 5
33 34 3
33 35 4
33 37 4
33 37 2
34 35 1
34 35 2
34 38 2
35 38 4
36 36 2
37 37 6
38 40 5
38 39 6
39 40 1
39 41 2
39 42 2
39 43 5
40 41 6
41 42 4
41 43 3
42 43 1
42 43 7
42 44 4
42 45 2
43 44 3
43 45 3
44 45 6
44 46 4
44 47 6
45 48 2
45 48 4
46 49 3
46 47 2
46 47 6
47 49 3
48 48 2
49 50 6
49 51 3
50 51 3
50 52 4
50 53 2
51 71 8
52 64 8
52 65 8
52 53 2
52 55 8
52 56 8
53 69 8
54 56 0
55 56 0
55 64 0
55 65 0
56 64 0
56 65 0
57 66 0
57 58 0
57 59 0
57 60 0
57 61 0
57 62 0
57 63 0
58 66 0
58 59 0
58 60 0
58 61 0
58 62 0
58 63 0
59 66 0
59 60 0
59 61 0
59 62 0
59 63 0
60 66 0
60 61 0
60 62 0
60 63 0
61 66 0
61 62 0
61 63 0
62 66 0
62 63 0
63 66 0
64 65 0
65 69 0
65 71 0
65 72 0
66 67 0
66 68 0
66 70 0
66 73 0
67 73 0
67 68 0
67 70 0
68 73 0
68 70 0
69 72 0
69 71 0
70 73 0
71 72 0
