50 127
1
1
2
1
1
1
1
1
1
1
1
1
1
1
1
1
1
1
1
1
1
1
1
1
1
1
1
1
1
2
2
1
1
2
2
4
3
3
3
3
3
3
3
3
3
3
3
3
3
3
0 1 4
0 2 6
0 35 8
0 36 8
1 35 8
1 2 2
1 2 6
1 3 3
2 3 3
2 35 8
3 43 8
3 4 5
3 5 3
4 43 8
4 5 2
4 6 3
4 7 6
5 7 3
5 8 5
5 43 8
5 44 8
5 45 8
5 46 8
5 47 8
6 8 5
6 9 2
6 7 3
7 8 2
7 44 8
7 45 8
7 46 8
7 47 8
8 9 3
8 44 8
8 45 8
8 46 8
8 47 8
9 10 2
9 11 4
9 12 5
10 11 2
10 11 1
10 12 3
10 12 5
11 12 1
11 12 6
13 43 8
13 14 2
13 15 6
14 16 6
14 17 4
14 18 3
14 15 4
15 19 4
15 20 6
16 17 2
16 17 7
16 18 3
16 18 5
17 18 1
17 18 2
19 20 2
19 20 1
19 21 3
19 22 5
20 21 4
20 22 6
21 22 2
21 22 2
21 23 4
22 23 2
23 24 3
24 25 2
24 26 3
25 26 5
25 27 2
25 28 6
26 29 3
26 29 3
27 28 4
27 30 4
27 30 2
28 32 5
28 31 3
29 29 6
30 30 2
31 32 2
31 33 2
31 33 4
32 34 3
32 34 3
33 33 2
34 34 6
36 37 0
36 38 0
36 39 0
36 40 0
36 41 0
36 42 0
36 48 0
37 38 0
37 39 0
37 40 0
37 41 0
37 42 0
37 48 0
38 39 0
38 40 0
38 41 0
38 42 0
38 48 0
39 40 0
39 41 0
39 42 0
39 48 0
40 41 0
40 42 0
40 48 0
41 42 0
41 48 0
42 48 0
44 45 0
44 46 0
44 47 0
45 46 0
45 47 0
46 47 0
