72 167
1
1
1
2
1
1
1
1
1
1
1
1
1
1
1
1
1
1
1
1
1
1
1
1
1
1
1
1
1
2
1
1
1
1
1
1
1
1
1
1
1
1
1
1
1
1
1
1
1
1
1
2
2
4
3
3
3
3
3
3
3
3
3
3
3
3
3
3
3
3
3
3
0 1 3
0 53 8
0 54 8
1 2 2
1 3 4
1 3 6
2 3 2
2 3 4
2 4 6
2 5 3
3 3 2
4 5 3
4 55 8
5 6 3
5 7 5
6 8 6
6 9 4
6 7 2
7 10 2
7 11 5
8 9 2
8 12 4
8 13 2
9 14 4
10 59 8
10 66 8
10 11 3
11 16 3
11 17 3
11 15 2
12 18 4
12 19 2
12 13 2
13 58 8
13 14 7
14 58 8
15 16 5
15 17 2
15 17 1
15 20 4
16 17 6
16 21 3
16 22 5
16 23 2
17 20 6
18 56 8
18 19 2
19 57 8
20 60 8
21 24 3
21 22 1
21 22 2
21 23 3
21 23 5
22 24 4
22 23 2
22 23 7
23 24 6
24 61 8
25 26 2
25 27 3
25 66 8
26 59 8
26 57 8
26 56 8
26 58 8
26 27 5
26 29 3
26 29 5
27 28 5
28 30 2
28 31 2
29 29 2
29 56 8
29 56 8
29 57 8
29 57 8
29 59 8
29 59 8
29 58 8
29 58 8
30 68 8
30 31 4
31 32 2
31 33 4
32 33 2
32 34 3
32 35 5
33 69 8
34 35 2
34 35 2
34 36 4
35 36 6
36 37 3
36 38 5
37 40 4
37 38 2
37 39 2
38 41 2
38 42 3
39 40 2
39 71 8
40 70 8
41 42 5
41 43 6
41 44 4
42 46 3
42 45 2
42 47 4
43 48 2
43 44 2
43 44 2
43 49 5
44 48 4
44 49 3
45 50 5
45 46 5
45 46 3
45 47 6
45 47 1
46 50 2
46 47 1
46 47 2
47 50 4
48 49 1
48 49 7
48 51 4
48 51 2
49 51 3
49 51 3
50 52 4
50 52 2
51 51 6
52 52 2
53 54 0
54 64 0
54 65 0
54 63 0
55 67 0
56 57 0
56 59 0
56 58 0
57 58 0
57 59 0
58 59 0
59 66 0
60 61 0
60 62 0
61 62 0
62 67 0
62 68 0
62 69 0
62 70 0
62 71 0
63 64 0
63 65 0
64 65 0
67 68 0
67 69 0
67 70 0
67 71 0
68 69 0
68 70 0
68 71 0
69 70 0
69 71 0
70 71 0
