41 86
1
1
1
1
1
1
1
1
1
1
1
1
1
1
1
1
1
1
1
1
1
1
1
1
1
1
1
2
1
1
1
4
3
3
3
3
3
3
3
3
3
0 32 8
0 1 6
0 2 4
0 3 3
0 31 8
1 2 7
1 2 2
1 3 5
1 3 3
2 3 2
2 3 1
4 8 5
4 32 8
4 34 8
4 5 2
4 37 8
5 8 3
5 6 3
6 7 2
7 9 3
7 10 2
7 11 5
8 12 4
8 13 6
9 11 2
9 10 1
9 14 2
9 15 4
10 11 3
10 16 1
10 17 3
10 18 5
11 14 2
11 15 4
12 19 3
12 20 5
12 13 1
12 13 2
13 20 6
13 19 4
14 15 2
14 15 6
16 17 2
16 18 4
16 22 4
16 21 6
17 24 6
17 18 2
17 23 4
18 24 2
18 23 4
19 20 2
19 20 1
19 26 5
19 25 3
20 25 4
20 26 6
21 33 8
21 38 8
21 22 2
22 27 4
22 27 2
23 24 2
23 24 2
25 28 3
25 26 2
25 26 2
26 28 5
27 27 2
28 29 3
28 30 6
29 40 8
29 30 3
30 39 8
31 32 0
32 34 0
32 37 0
33 38 0
34 37 0
35 36 0
36 40 0
36 37 0
36 39 0
37 39 0
37 40 0
39 40 0
