48 120
1
1
1
1
1
1
1
1
1
1
1
1
1
1
1
1
1
1
1
1
1
1
1
1
1
1
1
1
1
4
3
3
3
3
3
3
3
3
3
3
3
3
3
3
3
3
3
3
0 1 2
0 2 3
0 35 8
0 34 8
0 30 8
1 2 5
1 3 4
1 4 3
1 5 2
2 8 4
2 6 2
2 7 3
3 4 2
3 4 1
3 5 1
3 5 6
3 29 8
4 5 3
4 5 5
4 29 8
5 29 8
6 8 1
6 8 6
6 7 3
6 7 5
7 8 2
7 8 1
9 10 3
9 11 4
9 12 6
9 30 8
10 11 1
10 11 2
10 12 3
10 12 3
10 13 3
11 12 2
11 12 1
11 13 5
12 13 6
13 14 1
13 15 3
13 16 5
14 16 6
14 16 1
14 15 4
15 16 2
15 17 1
15 18 3
15 19 5
17 18 4
17 19 1
17 19 6
18 19 2
18 20 3
18 21 5
20 21 2
20 22 4
20 23 6
21 24 2
21 25 5
22 24 4
22 23 2
22 23 2
23 24 2
24 25 3
25 26 2
25 27 4
25 28 5
26 27 2
26 27 1
26 28 3
26 28 5
27 28 1
27 28 6
30 34 0
30 35 0
31 32 0
31 33 0
32 33 0
33 36 0
33 37 0
33 38 0
33 39 0
33 40 0
33 41 0
33 42 0
33 46 0
34 35 0
36 37 0
36 38 0
36 39 0
36 40 0
36 41 0
36 42 0
36 46 0
37 38 0
37 39 0
37 40 0
37 41 0
37 42 0
37 46 0
38 39 0
38 40 0
38 41 0
38 42 0
38 46 0
39 40 0
39 41 0
39 42 0
39 46 0
40 41 0
40 42 0
40 46 0
41 42 0
41 46 0
42 46 0
43 44 0
43 47 0
44 47 0
