32 65
1
1
1
1
1
1
2
1
1
1
1
1
1
1
1
1
1
1
2
1
1
4
3
3
3
3
3
3
3
3
3
3
0 1 2
0 2 5
0 21 8
0 22 8
1 2 3
1 3 2
1 4 4
2 23 8
3 4 2
3 4 6
3 5 2
4 5 4
5 6 5
5 6 3
5 7 1
6 6 2
6 7 4
6 7 2
7 24 8
7 27 8
7 28 8
7 29 8
8 24 8
8 9 2
8 10 6
8 22 8
8 23 8
9 10 4
9 11 3
9 12 5
10 27 8
11 12 2
11 28 8
12 13 2
12 14 5
13 29 8
13 14 3
14 16 5
14 15 2
15 16 3
15 17 2
15 18 3
15 18 4
16 17 3
16 19 1
16 20 5
17 18 5
17 18 6
17 19 4
17 20 2
18 18 1
19 20 1
19 20 6
21 22 0
22 24 0
22 23 0
23 24 0
24 27 0
24 28 0
24 29 0
25 26 0
27 28 0
27 29 0
28 29 0
30 31 0
