30 97
1
1
1
2
1
1
1
1
1
1
1
1
1
1
1
4
3
3
3
3
3
3
3
3
3
3
3
3
3
3
0 16 8
0 1 3
0 2 6
1 17 8
1 2 3
2 3 3
2 4 6
3 4 2
3 4 3
3 5 2
4 5 4
5 8 3
5 6 2
5 7 2
6 8 2
6 8 1
6 7 4
7 8 5
7 9 2
7 10 3
7 11 5
9 10 2
9 10 1
9 11 3
9 11 3
10 11 1
10 11 2
12 13 2
12 14 5
12 15 8
12 18 8
12 19 8
12 20 8
12 21 8
12 22 8
12 23 8
12 24 8
12 25 8
12 26 8
13 14 3
13 16 8
13 17 8
13 27 8
13 28 8
14 29 8
15 18 0
15 19 0
15 20 0
15 21 0
15 22 0
15 23 0
15 24 0
15 25 0
15 26 0
16 17 0
16 27 0
16 28 0
17 27 0
17 28 0
18 19 0
18 20 0
18 21 0
18 22 0
18 23 0
18 24 0
18 25 0
18 26 0
19 20 0
19 21 0
19 22 0
19 23 0
19 24 0
19 25 0
19 26 0
20 21 0
20 22 0
20 23 0
20 24 0
20 25 0
20 26 0
21 22 0
21 23 0
21 24 0
21 25 0
21 26 0
22 23 0
22 24 0
22 25 0
22 26 0
23 24 0
23 25 0
23 26 0
24 25 0
24 26 0
25 26 0
26 29 0
27 28 0
