30 72
1
1
1
1
2
1
1
1
1
1
1
2
1
2
1
1
1
1
1
1
1
2
4
3
3
3
3
3
3
3
0 1 2
0 2 5
0 23 8
1 24 8
1 2 3
2 3 2
2 4 5
2 4 6
3 25 8
3 4 3
3 4 4
4 4 1
5 28 8
5 22 8
5 6 6
5 7 3
6 26 8
6 7 3
7 8 3
7 9 5
7 10 7
8 9 2
8 10 4
8 11 5
8 12 1
8 23 8
8 24 8
8 25 8
9 10 1
9 10 2
9 13 2
9 13 3
10 13 3
10 13 4
11 12 4
11 12 1
11 14 3
11 23 8
11 24 8
11 25 8
12 14 4
12 23 8
12 24 8
12 25 8
13 13 1
14 16 5
14 17 7
14 15 3
15 16 2
15 17 4
15 18 2
15 19 4
15 20 5
16 17 1
16 17 2
16 21 2
16 21 3
17 21 3
17 21 4
18 19 1
18 19 2
18 20 5
18 20 3
19 20 6
19 20 1
21 21 1
22 28 0
23 24 0
23 25 0
24 25 0
26 28 0
27 29 0
