40 85
1
1
1
1
1
1
2
1
1
1
1
1
1
1
1
1
1
1
1
1
4
3
3
3
3
3
3
3
3
3
3
3
3
3
3
3
3
3
3
3
0 1 3
0 2 2
0 20 8
0 21 8
1 2 5
1 3 2
1 4 4
2 22 8
3 4 2
3 23 8
4 5 2
4 6 5
4 6 6
5 24 8
5 6 3
5 6 4
6 6 1
7 8 2
7 9 4
7 21 8
7 22 8
8 9 2
8 28 8
8 22 8
9 10 2
9 11 4
9 22 8
10 34 8
10 11 2
10 29 8
11 35 8
11 12 4
11 13 6
12 35 8
12 13 2
12 39 8
12 31 8
13 35 8
13 30 8
14 16 6
14 32 8
14 15 3
15 16 3
15 17 5
15 18 4
15 19 2
16 33 8
17 18 1
17 18 6
17 19 3
17 19 5
17 23 8
17 24 8
17 25 8
17 26 8
18 19 2
18 19 1
18 23 8
18 24 8
18 25 8
18 26 8
19 23 8
19 24 8
19 25 8
19 26 8
20 21 0
23 24 0
23 25 0
23 26 0
24 25 0
24 26 0
25 26 0
26 32 0
26 33 0
27 36 0
27 37 0
27 38 0
28 29 0
29 34 0
30 31 0
31 39 0
32 33 0
36 37 0
36 38 0
37 38 0
