40 259
1
2
1
1
1
1
1
1
2
1
2
1
1
2
1
1
1
1
4
3
3
3
3
3
3
3
3
3
3
3
3
3
3
3
3
3
3
3
3
3
0 1 5
0 2 1
0 19 8
1 2 4
1 2 1
1 3 3
2 3 4
3 4 5
3 5 2
4 20 8
4 5 3
5 8 5
5 8 6
5 6 2
5 7 3
6 8 3
6 8 4
6 9 2
6 10 4
6 10 5
6 7 1
6 7 1
7 8 2
7 8 3
7 9 3
7 10 5
7 10 6
8 8 1
9 10 2
9 10 3
9 11 5
9 12 2
10 10 1
11 12 3
11 13 5
11 13 3
12 16 5
12 14 2
12 15 4
13 13 2
14 16 3
14 16 5
14 15 2
14 15 1
15 16 1
15 16 6
17 18 8
17 19 8
17 20 8
17 21 8
17 22 8
17 23 8
17 24 8
17 25 8
17 26 8
17 27 8
17 28 8
17 29 8
17 30 8
17 31 8
17 32 8
17 33 8
17 34 8
17 35 8
17 36 8
17 37 8
17 38 8
17 39 8
18 28 0
19 32 0
19 34 0
19 35 0
19 36 0
19 37 0
19 38 0
19 33 0
19 39 0
19 20 0
19 21 0
19 22 0
19 23 0
19 24 0
19 25 0
19 26 0
19 27 0
19 29 0
19 30 0
19 31 0
20 32 0
20 33 0
20 34 0
20 35 0
20 37 0
20 38 0
20 39 0
20 21 0
20 22 0
20 23 0
20 24 0
20 25 0
20 26 0
20 27 0
20 36 0
20 29 0
20 30 0
20 31 0
21 32 0
21 33 0
21 34 0
21 35 0
21 36 0
21 37 0
21 38 0
21 39 0
21 22 0
21 23 0
21 24 0
21 25 0
21 26 0
21 27 0
21 29 0
21 30 0
21 31 0
22 32 0
22 33 0
22 34 0
22 35 0
22 36 0
22 37 0
22 38 0
22 39 0
22 23 0
22 24 0
22 25 0
22 26 0
22 27 0
22 29 0
22 30 0
22 31 0
23 32 0
23 33 0
23 34 0
23 35 0
23 36 0
23 37 0
23 38 0
23 39 0
23 24 0
23 25 0
23 26 0
23 27 0
23 29 0
23 30 0
23 31 0
24 32 0
24 33 0
24 34 0
24 35 0
24 36 0
24 37 0
24 38 0
24 39 0
24 25 0
24 26 0
24 27 0
24 29 0
24 30 0
24 31 0
25 32 0
25 33 0
25 34 0
25 35 0
25 36 0
25 37 0
25 38 0
25 39 0
25 26 0
25 27 0
25 29 0
25 30 0
25 31 0
26 32 0
26 33 0
26 34 0
26 35 0
26 36 0
26 37 0
26 38 0
26 39 0
26 27 0
26 29 0
26 30 0
26 31 0
27 32 0
27 33 0
27 34 0
27 35 0
27 36 0
27 37 0
27 38 0
27 39 0
27 29 0
27 30 0
27 31 0
29 32 0
29 33 0
29 34 0
29 35 0
29 36 0
29 37 0
29 38 0
29 39 0
29 30 0
29 31 0
30 32 0
30 33 0
30 34 0
30 35 0
30 36 0
30 37 0
30 38 0
30 39 0
30 31 0
31 32 0
31 33 0
31 34 0
31 35 0
31 36 0
31 37 0
31 38 0
31 39 0
32 33 0
32 34 0
32 35 0
32 36 0
32 37 0
32 38 0
32 39 0
33 34 0
33 35 0
33 36 0
33 37 0
33 38 0
33 39 0
34 35 0
34 36 0
34 37 0
34 38 0
34 39 0
35 36 0
35 37 0
35 38 0
35 39 0
36 37 0
36 38 0
36 39 0
37 38 0
37 39 0
38 39 0
