32 80
1
1
1
1
1
1
1
1
1
2
1
1
1
1
1
1
1
2
1
2
4
3
3
3
3
3
3
3
3
3
3
3
0 1 3
0 2 6
0 21 8
1 2 3
1 3 6
1 4 4
2 23 8
3 4 2
3 22 8
4 5 5
4 6 2
5 24 8
5 6 3
6 8 2
6 7 6
7 8 4
7 9 4
7 9 2
8 10 2
8 11 4
8 12 5
9 9 2
10 11 1
10 11 2
10 12 5
10 12 3
11 12 6
11 12 1
13 28 8
13 20 8
13 14 4
13 15 2
14 15 2
14 21 8
14 22 8
14 23 8
14 24 8
14 29 8
15 30 8
15 31 8
16 17 3
16 17 3
16 18 1
16 25 8
16 26 8
16 27 8
16 28 8
16 29 8
16 30 8
17 17 6
17 18 4
17 18 2
17 28 8
17 28 8
17 30 8
17 30 8
18 19 2
18 19 4
18 28 8
18 30 8
19 19 2
20 28 0
21 22 0
21 23 0
21 24 0
21 29 0
22 23 0
22 24 0
22 29 0
23 24 0
23 29 0
24 29 0
25 26 0
25 27 0
25 29 0
26 27 0
26 29 0
27 29 0
28 30 0
30 31 0
