31 78
1
1
1
2
1
1
1
1
1
1
1
1
1
1
1
1
1
1
2
1
4
3
3
3
3
3
3
3
3
3
3
0 1 2
0 2 5
0 20 8
0 21 8
1 2 3
1 3 5
1 3 3
2 4 3
2 5 5
2 6 2
3 3 2
4 5 2
4 5 1
4 6 5
4 6 3
5 6 7
5 6 2
7 8 2
7 9 5
7 10 6
7 26 8
8 9 3
8 10 4
8 11 3
8 12 5
8 13 7
8 25 8
9 10 2
9 10 1
9 14 2
10 14 4
11 12 2
11 13 4
11 15 6
11 16 4
11 17 3
11 25 8
12 25 8
12 18 2
12 18 3
12 13 1
12 13 2
13 25 8
13 18 3
13 18 4
14 19 2
15 16 2
15 16 7
15 17 3
15 17 5
16 17 1
16 17 2
18 18 1
19 27 8
19 21 8
20 21 0
21 27 0
22 24 0
22 30 0
22 23 0
23 24 0
23 30 0
24 30 0
25 26 0
25 27 0
25 28 0
25 29 0
25 30 0
26 27 0
26 28 0
26 29 0
26 30 0
27 28 0
27 29 0
27 30 0
28 29 0
28 30 0
29 30 0
