73 336
1
1
1
1
2
1
1
1
1
1
1
1
1
1
1
1
1
1
1
1
1
1
2
1
1
1
1
1
1
1
1
1
1
4
3
3
3
3
3
3
3
3
3
3
3
3
3
3
3
3
3
3
3
3
3
3
3
3
3
3
3
3
3
3
3
3
3
3
3
3
3
3
3
0 33 8
0 34 8
0 35 8
1 2 5
1 3 2
1 55 8
2 3 3
2 4 4
2 4 2
3 5 2
3 6 5
3 7 6
4 4 2
5 6 3
5 7 4
5 8 2
5 9 4
5 10 5
6 69 8
6 7 2
6 7 1
7 69 8
8 9 2
8 10 3
8 11 5
8 12 3
9 10 6
9 10 1
11 56 8
11 12 2
12 13 3
12 14 5
12 15 6
13 14 2
13 15 3
13 16 2
13 17 3
13 18 4
13 19 5
13 20 6
13 21 1
13 58 8
14 15 1
14 15 2
16 17 1
16 17 1
16 18 2
16 18 1
16 19 3
16 20 4
16 21 3
16 22 2
16 23 5
16 24 2
16 58 8
16 59 8
17 18 1
17 18 2
17 19 2
17 20 3
17 21 4
17 22 1
17 23 4
17 24 3
17 58 8
17 59 8
18 19 1
18 20 2
18 21 5
18 22 3
18 23 6
18 24 1
18 58 8
18 59 8
19 20 1
19 21 6
19 22 3
19 23 1
19 25 1
19 26 5
19 58 8
20 21 7
20 21 2
20 57 8
20 24 1
20 25 2
20 26 3
20 58 8
21 57 8
21 24 3
21 25 4
21 26 5
21 58 8
22 23 3
22 23 2
22 24 4
22 25 4
22 26 2
22 59 8
23 24 7
23 25 2
23 26 4
23 59 8
24 57 8
24 25 1
24 26 2
24 59 8
25 57 8
25 26 1
25 26 6
26 57 8
27 34 8
27 35 8
27 36 8
27 37 8
27 38 8
27 39 8
27 40 8
27 57 8
27 55 8
27 56 8
27 68 8
27 58 8
27 59 8
27 69 8
28 70 8
28 29 3
28 30 6
29 64 8
29 65 8
29 66 8
29 67 8
29 30 3
29 60 8
29 61 8
29 62 8
29 63 8
30 32 3
30 31 2
31 32 5
31 72 8
32 71 8
32 41 8
32 42 8
32 43 8
32 44 8
32 45 8
32 46 8
32 47 8
32 48 8
32 49 8
32 50 8
32 51 8
32 52 8
32 53 8
32 54 8
33 34 0
34 35 0
34 36 0
34 37 0
34 38 0
34 39 0
34 40 0
34 68 0
35 36 0
35 37 0
35 38 0
35 39 0
35 40 0
35 68 0
36 68 0
36 37 0
36 38 0
36 39 0
36 40 0
37 38 0
37 39 0
37 40 0
37 68 0
38 39 0
38 40 0
38 68 0
39 40 0
39 68 0
40 68 0
41 71 0
41 42 0
41 43 0
41 44 0
41 45 0
41 46 0
41 47 0
41 48 0
41 49 0
41 50 0
41 51 0
41 52 0
41 53 0
41 54 0
42 71 0
42 43 0
42 44 0
42 45 0
42 46 0
42 47 0
42 48 0
42 49 0
42 50 0
42 51 0
42 52 0
42 53 0
42 54 0
43 71 0
43 44 0
43 45 0
43 46 0
43 47 0
43 48 0
43 49 0
43 50 0
43 51 0
43 52 0
43 53 0
43 54 0
44 71 0
44 45 0
44 46 0
44 47 0
44 48 0
44 49 0
44 50 0
44 51 0
44 52 0
44 53 0
44 54 0
45 71 0
45 46 0
45 47 0
45 48 0
45 49 0
45 50 0
45 51 0
45 52 0
45 53 0
45 54 0
46 71 0
46 47 0
46 48 0
46 49 0
46 50 0
46 51 0
46 52 0
46 53 0
46 54 0
47 71 0
47 48 0
47 49 0
47 50 0
47 51 0
47 52 0
47 53 0
47 54 0
48 71 0
48 49 0
48 50 0
48 51 0
48 52 0
48 53 0
48 54 0
49 71 0
49 50 0
49 51 0
49 52 0
49 53 0
49 54 0
50 71 0
50 51 0
50 52 0
50 53 0
50 54 0
51 71 0
51 52 0
51 53 0
51 54 0
52 71 0
52 53 0
52 54 0
53 71 0
53 54 0
54 71 0
55 69 0
55 56 0
55 57 0
55 58 0
55 59 0
56 69 0
56 57 0
56 58 0
56 59 0
57 69 0
57 59 0
57 58 0
58 69 0
58 59 0
59 69 0
60 64 0
60 65 0
60 66 0
60 67 0
60 61 0
60 62 0
60 63 0
61 64 0
61 65 0
61 66 0
61 67 0
61 62 0
61 63 0
62 64 0
62 65 0
62 66 0
62 67 0
62 63 0
63 64 0
63 65 0
63 66 0
63 67 0
64 65 0
64 66 0
64 67 0
65 66 0
65 67 0
66 67 0
67 70 0
67 72 0
70 72 0
