35 86
1
1
1
1
1
1
1
1
1
1
1
1
1
1
1
1
1
1
1
4
3
3
3
3
3
3
3
3
3
3
3
3
3
3
3
0 1 3
0 2 5
0 20 8
1 2 2
1 2 2
1 3 2
2 3 4
3 4 2
3 5 6
4 8 2
4 5 4
4 6 5
4 7 4
5 21 8
6 8 3
6 8 5
6 7 1
6 7 6
7 8 2
7 8 1
9 19 8
9 10 6
9 11 4
9 28 8
10 11 2
10 12 4
10 13 2
11 16 6
11 14 3
11 15 1
12 29 8
12 20 8
12 13 2
12 21 8
13 31 8
14 16 3
14 17 2
14 15 2
14 15 1
15 16 5
15 17 3
16 30 8
17 33 8
18 34 8
18 22 8
18 23 8
18 24 8
18 25 8
18 26 8
18 27 8
18 28 8
19 28 0
20 21 0
20 29 0
21 29 0
22 34 0
22 23 0
22 24 0
22 25 0
22 26 0
22 27 0
23 34 0
23 24 0
23 25 0
23 26 0
23 27 0
24 34 0
24 25 0
24 26 0
24 27 0
25 34 0
25 26 0
25 27 0
26 34 0
26 27 0
27 34 0
29 32 0
29 33 0
29 30 0
29 31 0
30 32 0
30 33 0
30 31 0
31 32 0
31 33 0
32 33 0
