36 78
1
1
1
1
1
1
1
1
1
2
1
1
1
1
1
1
1
1
1
1
1
2
1
1
1
1
1
1
2
1
1
1
1
1
1
4
0 1 2
0 2 4
1 2 2
2 3 2
2 4 6
3 4 4
3 5 3
3 6 5
4 8 6
4 7 4
5 9 6
5 9 4
5 6 2
6 11 3
6 10 2
6 12 6
7 8 2
7 8 2
7 13 4
7 14 5
8 13 2
8 14 3
9 9 2
10 16 4
10 11 1
10 11 1
10 12 4
10 15 2
11 16 5
11 12 3
11 15 3
12 17 2
12 18 4
13 19 4
13 14 1
13 14 2
14 19 6
15 16 2
15 16 2
15 20 4
16 20 2
17 18 2
19 35 8
19 21 2
19 21 4
20 23 4
20 22 2
21 35 8
21 35 8
21 21 6
22 24 3
22 23 2
22 23 6
23 24 3
24 25 3
24 26 5
24 27 6
25 26 2
25 27 3
25 28 5
25 28 3
26 27 6
26 27 1
26 29 4
27 29 2
28 28 2
29 30 2
29 31 3
30 32 2
30 33 4
30 31 1
30 31 1
31 32 3
31 33 5
32 33 2
32 33 2
32 34 5
33 34 3
