36 85
1
1
1
1
1
1
1
1
2
1
1
1
1
1
2
1
1
1
1
1
1
1
1
1
4
3
3
3
3
3
3
3
3
3
3
3
0 1 2
0 2 5
0 31 8
0 30 8
0 25 8
1 2 3
1 3 6
1 4 4
1 5 2
1 30 8
1 31 8
2 26 8
2 29 8
2 30 8
2 31 8
3 4 2
3 4 6
3 5 4
3 6 2
3 7 4
4 5 2
4 6 4
4 7 2
5 8 2
5 8 4
5 32 8
6 27 8
6 7 2
7 9 2
7 10 4
8 8 2
8 32 8
8 32 8
9 10 2
9 10 2
9 11 3
10 11 5
11 12 3
11 13 5
12 13 2
12 14 3
12 14 5
13 33 8
13 34 8
13 35 8
13 28 8
14 14 2
15 16 2
15 18 4
15 29 8
16 17 4
16 18 2
17 19 5
17 20 3
18 21 2
18 22 3
18 23 4
19 26 8
19 20 2
19 30 8
19 25 8
20 31 8
21 24 8
21 22 5
21 22 3
21 23 6
21 23 1
22 24 8
22 23 1
22 23 2
23 24 8
25 26 0
25 30 0
26 29 0
26 30 0
27 32 0
27 28 0
28 32 0
28 33 0
28 34 0
28 35 0
30 31 0
33 34 0
33 35 0
34 35 0
