54 137
1
1
1
2
1
2
1
1
1
1
1
1
1
2
1
1
1
1
1
1
1
1
2
1
1
1
1
1
1
1
1
1
2
1
1
4
3
3
3
3
3
3
3
3
3
3
3
3
3
3
3
3
3
3
0 1 2
0 2 5
0 36 8
1 2 3
1 37 8
2 3 2
2 3 4
2 4 2
3 3 6
3 4 4
3 4 2
4 5 2
4 5 4
4 6 6
5 5 2
5 6 4
5 6 2
6 8 6
6 7 3
7 38 8
7 8 3
7 46 8
7 47 8
7 48 8
7 49 8
8 9 3
8 10 3
9 10 6
9 11 4
9 12 2
10 35 8
10 13 2
10 13 4
11 12 6
11 14 3
11 15 6
12 39 8
13 35 8
13 35 8
13 13 6
14 16 6
14 17 4
14 15 3
15 41 8
16 17 2
16 44 8
17 18 4
17 19 2
18 19 2
18 20 5
18 21 3
19 22 6
19 22 4
20 42 8
20 21 2
21 24 4
21 25 2
21 23 6
22 22 2
23 24 2
23 25 4
23 40 8
24 25 2
24 50 8
24 43 8
25 45 8
25 51 8
25 52 8
25 53 8
26 27 3
26 28 6
26 46 8
27 38 8
27 28 3
27 29 3
27 30 5
27 31 6
28 36 8
28 37 8
28 39 8
28 41 8
28 44 8
28 47 8
29 32 6
29 32 4
29 38 8
29 30 2
29 31 3
30 33 3
30 34 4
30 38 8
30 31 6
30 31 1
31 33 3
31 34 2
31 38 8
32 32 2
33 34 1
33 34 2
36 37 0
36 39 0
36 41 0
36 44 0
36 47 0
37 39 0
37 41 0
37 44 0
37 47 0
38 46 0
38 47 0
38 48 0
38 49 0
39 44 0
39 47 0
39 41 0
40 42 0
40 43 0
40 45 0
41 44 0
41 47 0
42 43 0
42 45 0
43 50 0
43 45 0
44 47 0
45 51 0
45 52 0
45 53 0
46 47 0
46 48 0
46 49 0
47 48 0
47 49 0
48 49 0
51 52 0
51 53 0
52 53 0
