28 64
1
1
1
1
1
1
1
1
1
1
1
1
1
1
1
1
1
4
3
3
3
3
3
3
3
3
3
3
0 1 2
0 2 4
0 18 8
0 22 8
0 23 8
0 24 8
0 25 8
1 24 8
1 2 2
1 19 8
1 25 8
2 3 3
2 4 6
2 24 8
2 25 8
3 4 3
3 21 8
4 27 8
4 20 8
4 26 8
5 22 8
5 6 3
5 7 5
6 8 4
6 7 2
6 7 2
7 8 6
8 9 2
8 10 4
9 10 2
9 11 2
9 12 4
10 23 8
10 17 8
11 12 2
11 13 6
11 14 4
11 20 8
11 21 8
12 16 5
12 15 3
13 14 2
13 18 8
13 20 8
13 21 8
13 24 8
14 19 8
14 20 8
14 21 8
14 25 8
15 16 2
15 27 8
16 26 8
17 23 0
18 24 0
18 22 0
18 23 0
19 25 0
20 21 0
20 26 0
20 27 0
22 23 0
24 25 0
26 27 0
