58 133
1
1
1
1
1
1
1
1
1
1
1
1
1
1
1
1
1
1
1
1
1
2
1
1
1
1
1
1
1
1
1
1
1
1
1
1
2
2
1
1
1
1
1
1
2
1
2
1
1
1
1
1
1
1
1
1
1
4
0 1 2
0 2 4
0 57 8
1 2 2
1 3 6
1 4 4
3 4 2
4 5 4
4 6 2
5 8 4
5 6 2
5 7 2
6 9 2
6 10 6
7 8 2
7 11 6
7 12 3
8 13 3
8 14 6
9 16 2
9 10 4
9 14 5
9 15 3
10 17 2
10 18 4
11 20 5
11 19 2
11 12 3
13 14 3
14 16 3
14 15 2
15 16 2
15 16 1
17 18 2
17 21 2
17 21 4
18 22 2
18 23 2
18 24 4
18 25 3
19 20 3
20 26 4
20 27 3
20 28 2
21 21 2
22 32 5
22 23 4
22 24 6
22 25 1
22 29 4
22 30 3
22 31 2
23 33 2
23 34 5
23 24 2
23 25 5
24 35 3
24 36 1
24 36 5
24 25 1
24 25 7
24 31 2
25 35 2
25 36 2
25 36 4
25 31 1
26 28 6
26 28 1
26 27 1
26 27 2
27 28 5
27 28 3
29 32 1
29 32 2
29 35 1
29 30 1
29 30 2
29 31 6
30 32 2
30 32 4
30 35 3
30 31 5
31 32 7
31 35 1
31 36 3
31 36 3
32 35 1
33 34 3
33 37 3
33 37 5
34 39 3
34 38 3
35 36 4
35 36 2
36 36 6
37 37 2
38 40 2
38 41 2
38 39 6
40 41 4
41 42 2
41 43 4
42 43 2
42 44 2
42 44 4
42 45 6
44 44 2
44 45 4
44 45 2
45 46 2
45 46 4
45 47 2
46 46 6
46 47 4
46 47 2
47 48 3
47 49 6
48 49 3
49 50 2
49 51 3
50 51 5
50 52 3
50 53 5
52 56 3
52 53 2
52 54 2
52 55 2
53 56 5
53 54 3
54 56 1
54 56 2
54 55 4
55 56 5
