28 83
1
1
1
1
1
1
1
1
1
1
1
2
1
2
1
1
1
4
3
3
3
3
3
3
3
3
3
3
0 1 2
0 2 4
0 18 8
0 17 8
1 2 2
1 19 8
1 21 8
1 22 8
1 23 8
1 24 8
1 25 8
1 26 8
1 27 8
2 20 8
3 18 8
3 4 4
3 5 6
3 21 8
4 8 6
4 5 2
4 6 2
4 7 5
5 22 8
6 8 4
6 9 5
6 10 2
6 7 3
7 8 1
7 8 2
9 10 3
9 11 5
9 11 3
10 19 8
10 12 2
10 13 4
10 13 6
11 11 2
12 13 2
12 13 4
12 14 2
12 15 4
12 16 5
12 19 8
13 19 8
13 19 8
13 13 2
14 16 3
14 16 5
14 15 2
14 15 1
15 16 1
15 16 6
17 18 0
18 21 0
19 21 0
19 22 0
19 23 0
19 24 0
19 25 0
19 26 0
19 27 0
20 27 0
21 22 0
21 23 0
21 24 0
21 25 0
21 26 0
21 27 0
22 23 0
22 24 0
22 25 0
22 26 0
22 27 0
23 24 0
23 25 0
23 26 0
23 27 0
24 25 0
24 26 0
24 27 0
25 26 0
25 27 0
26 27 0
