35 72
1
1
1
1
1
1
1
2
1
2
1
1
1
1
1
1
1
1
1
1
1
1
1
2
2
1
1
1
1
1
1
1
2
1
4
0 1 3
0 2 6
1 2 3
1 3 6
1 4 2
3 4 4
4 5 5
4 6 3
5 6 2
5 7 5
5 7 3
6 8 2
6 9 4
6 9 6
7 7 2
8 9 2
8 9 4
8 10 2
8 11 5
9 9 2
10 11 3
10 12 2
10 13 4
10 14 5
11 16 3
11 15 2
12 17 3
12 13 2
12 13 1
12 14 3
12 14 5
13 17 4
13 14 1
13 14 6
14 17 2
15 16 5
15 19 6
15 18 3
16 20 4
16 21 2
17 22 3
18 19 3
19 23 2
19 23 4
20 34 8
20 21 2
22 24 3
22 24 5
22 25 7
22 26 7
23 23 2
24 24 2
24 25 4
24 25 2
24 26 4
24 26 2
25 26 0
25 26 0
25 27 4
26 27 4
27 28 3
27 29 6
28 29 3
29 30 2
29 31 3
30 31 5
31 32 2
31 32 4
31 33 6
32 32 2
32 33 4
32 33 2
