28 92
1
1
1
1
1
1
1
1
2
1
1
1
1
1
4
3
3
3
3
3
3
3
3
3
3
3
3
3
0 1 2
0 2 5
0 14 8
0 15 8
1 2 3
1 3 5
1 4 3
2 18 8
3 4 2
3 17 8
4 16 8
4 19 8
4 20 8
4 21 8
4 22 8
4 23 8
4 24 8
4 25 8
4 26 8
4 27 8
5 19 8
5 6 2
5 7 6
6 8 5
6 9 1
6 7 4
7 17 8
7 20 8
7 15 8
8 9 1
8 9 4
8 10 3
9 10 4
10 11 2
10 12 4
10 13 5
11 12 1
11 12 2
11 13 5
11 13 3
12 13 6
12 13 1
14 15 0
15 17 0
15 20 0
16 19 0
16 20 0
16 21 0
16 22 0
16 23 0
16 24 0
16 25 0
16 26 0
16 27 0
17 20 0
18 27 0
19 20 0
19 21 0
19 22 0
19 23 0
19 24 0
19 25 0
19 26 0
19 27 0
20 21 0
20 22 0
20 23 0
20 24 0
20 25 0
20 26 0
20 27 0
21 22 0
21 23 0
21 24 0
21 25 0
21 26 0
21 27 0
22 23 0
22 24 0
22 25 0
22 26 0
22 27 0
23 24 0
23 25 0
23 26 0
23 27 0
24 25 0
24 26 0
24 27 0
25 26 0
25 27 0
26 27 0
