42 92
1
1
1
1
1
1
1
1
1
1
1
1
1
1
1
1
1
1
1
1
1
1
1
1
1
1
1
2
1
1
1
2
1
1
1
1
1
1
1
1
1
4
0 1 2
0 3 5
1 2 5
1 3 3
3 4 4
4 5 2
4 7 3
5 6 5
5 7 5
6 8 3
6 9 6
7 10 2
7 11 3
8 9 3
8 12 3
8 13 6
9 14 5
9 13 3
9 15 7
10 16 2
10 17 3
10 11 5
11 19 5
11 18 3
12 20 3
12 13 3
12 14 6
13 14 2
13 15 4
14 20 3
14 15 2
15 18 4
15 21 3
16 17 5
16 22 3
16 23 5
17 24 5
17 19 3
18 19 2
18 21 1
19 24 2
20 25 4
20 26 6
22 27 3
22 28 6
22 23 2
23 29 2
23 30 3
23 31 5
23 31 2
24 41 8
25 32 3
25 33 5
25 26 2
25 34 6
26 34 3
26 33 5
27 28 2
27 28 3
27 29 5
27 30 2
28 29 3
28 30 4
29 31 3
29 31 4
29 30 1
29 30 7
30 31 2
30 31 5
31 31 7
32 33 2
32 34 3
32 35 3
32 36 4
32 37 6
33 34 1
33 34 2
35 36 1
35 37 3
35 38 1
35 39 2
35 40 5
36 40 5
36 37 1
36 37 2
36 38 4
37 40 6
37 38 5
38 40 6
38 40 1
38 39 3
39 40 3
