113 172
0 35 1
0 35 1
0 35 1
0 36 1
0 36 1
1 78 1
1 96 1
1 83 1
1 83 1
2 76 1
2 98 4
3 100 1
3 51 1
3 79 1
4 54 1
4 15 1
4 71 1
5 94 1
5 58 1
6 11 1
6 7 1
6 31 1
7 50 1
8 37 1
8 37 1
8 29 1
9 60 1
9 24 1
9 55 1
10 62 1
10 45 1
10 45 1
10 63 1
11 11 2
11 23 1
12 21 1
12 34 1
12 109 1
13 93 1
13 93 1
13 93 1
13 30 1
14 81 1
14 24 1
14 106 1
14 106 1
15 54 1
15 43 1
16 101 1
16 82 1
16 17 1
17 97 1
17 97 1
17 82 1
18 85 1
18 104 1
19 110 1
19 110 1
19 25 1
19 25 1
20 97 1
20 97 1
20 67 1
20 40 1
21 80 1
21 28 1
21 28 1
22 33 1
22 76 1
23 87 1
23 77 1
23 47 1
24 81 1
25 95 1
25 110 1
25 70 1
26 111 1
27 59 1
27 84 1
28 75 1
28 80 1
29 102 1
29 49 1
30 105 1
30 64 1
31 108 1
31 108 1
31 107 1
32 74 1
32 58 1
32 91 1
33 112 1
33 112 1
33 112 1
34 80 1
34 62 1
35 84 1
36 103 1
36 68 1
36 68 1
37 61 1
38 90 1
38 41 1
39 58 1
40 46 1
41 89 1
41 94 1
42 85 1
42 49 1
42 52 1
43 75 1
43 88 1
43 104 1
44 73 1
44 70 1
45 92 1
46 78 1
46 83 1
47 48 1
47 77 1
47 77 1
48 87 1
48 73 1
49 102 1
50 57 1
50 107 1
51 75 1
51 102 1
52 54 1
52 71 1
53 105 1
55 62 1
55 60 1
56 109 1
56 104 1
56 104 1
57 111 1
59 99 1
60 92 1
60 81 1
61 79 1
61 79 1
63 109 1
65 95 1
65 110 1
65 96 1
66 108 1
66 87 1
66 107 1
67 72 1
68 103 1
68 103 1
68 111 1
69 95 1
69 77 1
69 70 1
70 73 1
71 85 1
72 112 1
72 72 2
74 101 1
74 82 1
81 92 1
84 99 1
86 89 1
86 89 1
86 89 1
86 96 1
90 94 1
90 94 1
93 99 1
105 106 1
