55 116
1
2
2
1
1
1
1
1
1
1
1
1
1
1
1
1
1
1
1
1
1
1
1
1
1
1
1
1
1
1
1
1
1
1
1
1
1
1
1
1
1
1
1
1
1
1
1
1
1
2
1
1
1
1
4
0 1 2
0 2 4
0 54 8
1 2 2
1 3 3
1 4 5
2 5 4
2 6 3
3 8 6
3 4 2
3 7 3
4 8 3
4 5 7
4 6 5
5 8 4
5 6 2
5 6 1
6 8 2
7 8 3
7 9 3
7 10 6
9 10 3
9 11 3
9 12 5
9 13 7
10 14 2
11 17 2
11 12 2
11 13 4
11 15 5
12 18 3
12 13 2
12 13 1
13 18 4
14 19 5
14 18 3
15 16 5
15 17 3
16 20 5
16 21 3
17 24 5
17 23 3
18 19 2
20 21 2
21 22 5
23 24 2
23 26 6
23 25 3
24 26 3
24 27 5
24 28 7
25 26 3
25 29 3
25 30 6
26 27 2
26 28 4
27 28 2
27 30 3
27 31 5
29 32 3
29 33 6
29 30 3
30 31 2
31 33 3
31 34 5
32 33 3
32 35 3
32 36 6
33 34 2
34 36 3
34 37 5
35 40 7
35 36 3
35 38 3
35 39 5
36 37 2
37 41 3
37 42 5
38 39 2
38 40 4
38 43 3
38 44 5
38 45 6
39 40 1
39 40 2
39 41 3
40 41 4
41 42 2
43 44 2
43 45 3
43 46 3
43 47 5
43 48 6
44 49 2
44 49 5
44 45 2
44 45 1
45 49 4
45 49 3
46 47 2
46 48 3
46 50 3
46 51 4
46 52 6
47 48 1
47 48 2
49 49 7
50 51 2
50 51 1
50 52 3
50 52 3
50 53 2
51 52 1
51 52 2
51 53 4
52 53 5
