44 71
1
1
1
1
1
1
1
1
1
1
1
1
1
1
1
1
1
1
2
1
1
1
1
1
1
1
1
1
1
1
4
3
3
3
3
3
3
3
3
3
3
3
3
3
0 1 3
0 31 8
1 32 8
1 38 8
2 33 8
2 3 2
2 4 4
3 40 8
3 4 2
3 34 8
4 5 2
4 7 3
5 6 3
5 7 5
6 36 8
7 42 8
7 35 8
8 9 3
8 10 5
8 31 8
9 32 8
9 10 2
10 11 2
10 14 3
11 12 3
11 14 5
12 13 2
13 16 2
13 15 4
14 18 3
14 19 5
14 36 8
15 16 2
15 38 8
16 17 4
17 20 4
17 21 2
18 19 2
18 19 3
18 36 8
19 36 8
20 21 2
20 37 8
21 22 3
22 43 8
22 39 8
23 40 8
23 33 8
23 34 8
24 25 5
24 26 3
24 30 8
24 41 8
25 26 3
26 30 8
26 41 8
27 41 8
27 35 8
27 28 4
28 42 8
29 43 8
29 37 8
29 39 8
30 41 0
32 38 0
33 34 0
34 40 0
35 41 0
35 42 0
37 39 0
39 43 0
