35 72
1
1
1
1
1
1
1
1
1
1
1
1
1
1
1
1
1
1
1
1
1
1
1
1
1
4
3
3
3
3
3
3
3
3
3
0 1 4
0 2 6
0 26 8
1 2 2
1 3 5
1 4 2
2 6 3
2 8 3
3 4 3
3 29 8
4 5 4
5 10 5
5 11 2
6 8 6
6 7 4
7 9 4
7 13 2
8 9 4
9 13 6
10 27 8
10 11 3
11 12 3
12 14 6
12 15 2
13 31 8
14 28 8
14 15 4
15 16 2
15 17 4
16 17 2
16 30 8
17 32 8
18 33 8
18 34 8
19 33 8
19 20 5
20 21 3
20 23 6
21 22 3
21 23 3
22 32 8
22 26 8
22 27 8
22 28 8
22 29 8
22 30 8
22 31 8
23 24 3
24 25 8
24 34 8
25 34 0
26 32 0
26 27 0
26 28 0
26 29 0
26 30 0
26 31 0
27 32 0
27 28 0
27 29 0
27 30 0
27 31 0
28 32 0
28 29 0
28 30 0
28 31 0
29 32 0
29 30 0
29 31 0
30 32 0
30 31 0
31 32 0
