89 170
1
1
1
1
2
1
1
1
1
1
1
1
1
1
1
1
1
1
1
1
1
1
1
1
1
1
1
1
1
1
1
1
1
1
1
1
1
1
1
1
1
1
1
1
1
1
1
1
1
1
1
1
1
1
1
1
4
3
3
3
3
3
3
3
3
3
3
3
3
3
3
3
3
3
3
3
3
3
3
3
3
3
3
3
3
3
3
3
3
0 1 3
0 2 5
0 57 8
1 2 2
1 3 2
1 4 5
1 4 6
2 58 8
2 70 8
2 56 8
3 82 8
3 59 8
3 4 3
3 4 4
3 86 8
4 4 1
5 61 8
5 62 8
6 61 8
6 62 8
6 7 4
7 8 3
8 81 8
8 63 8
9 64 8
9 65 8
10 66 8
10 67 8
11 57 8
11 68 8
11 69 8
11 63 8
12 59 8
12 68 8
12 69 8
12 78 8
13 58 8
13 60 8
13 70 8
14 16 5
14 71 8
14 66 8
14 67 8
14 15 2
15 16 3
15 74 8
16 17 3
16 19 2
17 18 4
17 19 5
18 20 4
18 21 2
19 73 8
20 75 8
20 21 6
21 64 8
21 65 8
21 72 8
21 87 8
22 24 2
22 76 8
22 23 3
23 24 5
23 26 3
23 28 6
24 25 3
25 29 4
25 30 6
26 27 5
26 28 3
27 88 8
27 77 8
28 29 5
29 30 2
30 74 8
30 71 8
31 32 3
31 34 5
31 78 8
32 33 3
32 34 2
33 35 3
33 37 6
34 82 8
35 36 3
35 37 3
36 40 3
36 38 5
37 81 8
38 40 2
38 39 3
39 79 8
40 41 3
40 42 6
41 42 3
41 43 6
41 44 3
42 45 2
42 46 4
43 80 8
43 44 3
44 83 8
45 48 3
45 46 2
45 47 2
46 48 2
46 49 5
47 48 5
47 84 8
48 49 3
49 50 2
49 51 5
50 51 3
50 85 8
51 86 8
52 53 3
52 54 5
52 87 8
53 72 8
53 73 8
53 75 8
53 54 2
54 79 8
54 80 8
54 83 8
54 84 8
54 85 8
55 88 8
55 76 8
55 77 8
56 58 0
56 70 0
57 68 0
57 69 0
58 70 0
59 69 0
59 78 0
59 82 0
59 86 0
60 70 0
61 62 0
63 81 0
64 72 0
64 65 0
64 87 0
65 72 0
65 87 0
66 67 0
66 71 0
67 71 0
68 69 0
69 78 0
71 74 0
72 73 0
72 75 0
72 87 0
73 75 0
76 77 0
77 88 0
79 80 0
79 83 0
79 84 0
79 85 0
80 83 0
80 84 0
80 85 0
82 86 0
83 84 0
83 85 0
84 85 0
