45 91
1
1
1
1
1
1
1
1
1
1
2
1
1
1
1
1
1
1
1
1
1
1
1
1
1
2
1
1
1
1
1
4
3
3
3
3
3
3
3
3
3
3
3
3
3
0 32 8
0 1 3
0 3 5
1 2 5
1 3 2
2 4 4
2 5 2
3 34 8
3 31 8
4 33 8
4 5 2
5 6 2
5 7 5
6 43 8
6 35 8
6 7 3
7 8 2
7 9 4
8 9 2
8 10 2
8 10 3
8 11 2
8 12 4
9 44 8
9 13 2
9 14 4
9 15 5
10 10 1
10 11 4
10 11 5
10 12 6
10 12 7
11 12 2
11 37 8
12 15 3
12 16 2
12 17 2
13 16 5
13 44 8
13 14 1
13 14 2
13 15 3
14 16 6
14 44 8
14 15 1
15 44 8
15 16 1
15 17 5
16 17 4
17 36 8
18 19 2
18 21 3
18 38 8
19 20 3
19 21 5
20 22 6
20 23 2
21 24 2
21 25 2
22 39 8
22 23 4
23 40 8
24 25 4
24 25 5
26 41 8
26 27 2
27 42 8
28 40 8
28 41 8
28 42 8
28 38 8
28 39 8
29 32 8
29 33 8
29 34 8
29 43 8
29 35 8
30 36 8
30 44 8
30 37 8
31 34 0
32 34 0
32 35 0
33 43 0
34 35 0
35 43 0
36 37 0
38 40 0
38 39 0
39 40 0
41 42 0
