34 58
1
1
1
1
1
1
1
1
1
1
1
1
1
1
1
1
1
1
1
1
4
3
3
3
3
3
3
3
3
3
3
3
3
3
0 21 8
0 22 8
0 23 8
1 20 8
1 22 8
1 23 8
2 24 8
2 25 8
2 27 8
3 26 8
3 4 2
3 6 4
4 5 3
4 6 2
5 29 8
5 30 8
5 31 8
6 7 3
7 8 5
8 9 4
8 10 2
9 10 6
9 11 4
9 12 2
10 28 8
10 33 8
10 32 8
11 24 8
11 27 8
11 12 2
12 25 8
13 16 6
13 30 8
13 14 4
14 16 2
14 15 3
15 31 8
16 26 8
16 29 8
17 32 8
17 18 3
17 19 5
17 21 8
18 19 2
18 28 8
19 33 8
20 22 0
21 32 0
22 23 0
24 27 0
25 27 0
26 29 0
28 32 0
28 33 0
29 30 0
29 31 0
30 31 0
32 33 0
