29 67
1
1
1
2
1
1
1
1
2
1
4
3
3
3
3
3
3
3
3
3
3
3
3
3
3
3
3
3
3
0 1 3
0 2 5
0 11 8
1 2 2
1 3 2
1 3 4
2 12 8
3 3 6
4 16 8
4 17 8
4 20 8
4 22 8
5 11 8
5 12 8
5 13 8
5 14 8
5 19 8
5 23 8
5 24 8
6 8 3
6 8 4
6 25 8
6 10 8
6 7 2
6 7 7
7 8 5
7 8 6
7 25 8
7 10 8
8 8 1
8 10 8
8 10 8
9 15 8
9 18 8
9 25 8
9 26 8
9 27 8
9 28 8
11 12 0
11 13 0
11 14 0
11 19 0
11 24 0
12 13 0
12 14 0
12 19 0
12 24 0
13 14 0
13 19 0
13 24 0
14 19 0
14 23 0
14 24 0
15 18 0
15 22 0
16 17 0
16 20 0
17 20 0
18 28 0
19 24 0
21 27 0
25 26 0
25 27 0
25 28 0
26 27 0
26 28 0
27 28 0
