50 84
1
1
1
1
1
1
1
1
1
1
1
1
1
1
1
1
1
1
1
1
1
1
1
1
1
1
1
1
1
1
1
1
2
4
3
3
3
3
3
3
3
3
3
3
3
3
3
3
3
3
0 40 8
0 1 5
0 34 8
1 2 3
1 4 6
2 3 3
2 4 3
3 35 8
4 36 8
5 41 8
5 42 8
5 37 8
5 6 4
6 8 4
6 44 8
6 46 8
6 7 2
7 8 2
7 46 8
7 44 8
7 38 8
8 9 3
8 44 8
8 46 8
9 39 8
10 40 8
10 34 8
11 41 8
11 12 3
11 14 5
12 13 3
12 14 2
13 42 8
14 16 3
14 37 8
14 15 2
15 16 5
15 16 5
15 37 8
16 37 8
17 18 5
17 36 8
18 43 8
18 49 8
19 44 8
19 20 2
19 22 5
20 21 3
20 22 3
21 46 8
21 38 8
21 39 8
22 23 4
23 24 4
23 25 2
24 25 6
24 45 8
25 47 8
26 48 8
26 27 2
26 29 3
27 28 4
27 29 5
28 29 4
28 30 6
29 30 2
30 35 8
31 48 8
31 45 8
31 47 8
32 33 8
32 43 8
32 49 8
33 43 0
34 40 0
37 41 0
37 42 0
38 39 0
38 46 0
39 46 0
41 42 0
43 49 0
44 46 0
45 47 0
