49 89
1
1
1
1
1
1
1
2
1
1
1
1
1
1
1
1
1
1
1
1
1
1
1
1
1
1
1
1
1
1
1
1
1
1
1
4
3
3
3
3
3
3
3
3
3
3
3
3
3
0 1 4
0 36 8
1 2 2
1 3 4
2 3 6
2 37 8
3 4 2
3 5 4
4 5 2
4 6 3
4 7 5
5 8 2
5 9 2
6 39 8
6 7 2
7 48 8
7 42 8
8 9 4
8 10 3
8 11 3
9 41 8
10 11 6
10 13 3
10 14 2
11 12 5
12 16 2
12 15 3
13 38 8
13 14 5
14 15 3
15 16 5
16 40 8
16 47 8
17 43 8
17 18 2
17 19 4
18 19 2
18 19 2
18 20 3
19 20 5
20 21 4
20 23 6
21 22 5
21 23 2
22 24 6
22 25 3
23 45 8
24 25 3
24 26 5
24 27 3
25 44 8
26 27 3
26 27 2
28 37 8
28 29 6
28 46 8
28 31 3
29 30 4
29 31 3
30 32 3
30 36 8
30 31 6
31 32 3
31 36 8
32 36 8
32 43 8
32 44 8
32 45 8
33 40 8
33 35 8
33 38 8
33 47 8
34 48 8
34 41 8
34 42 8
34 46 8
34 39 8
35 47 0
37 46 0
38 40 0
39 41 0
39 42 0
40 47 0
41 42 0
42 48 0
43 44 0
43 45 0
44 45 0
46 48 0
