40 80
1
1
1
1
1
1
1
1
1
1
1
1
1
1
1
1
1
1
1
1
1
1
1
1
1
1
1
1
4
3
3
3
3
3
3
3
3
3
3
3
0 1 4
0 3 6
0 29 8
1 2 4
1 3 2
2 39 8
2 33 8
3 4 4
4 5 4
4 6 2
5 30 8
5 6 6
6 7 4
7 8 3
7 9 5
8 9 2
8 31 8
9 32 8
10 34 8
10 11 3
10 13 2
11 12 5
11 13 5
12 14 3
12 15 5
13 36 8
13 28 8
14 16 6
14 17 3
14 15 2
15 20 3
15 18 2
15 19 3
16 17 3
16 35 8
17 37 8
18 19 1
18 20 5
18 21 3
18 22 2
19 24 3
19 20 2
19 20 6
19 23 2
20 24 5
20 23 4
21 24 4
21 22 5
21 23 2
22 38 8
23 24 1
23 24 2
25 32 8
25 26 3
25 30 8
25 31 8
26 34 8
26 35 8
26 36 8
26 37 8
26 38 8
27 33 8
27 29 8
27 39 8
28 36 0
29 33 0
30 32 0
30 31 0
31 32 0
33 39 0
34 35 0
34 36 0
34 37 0
34 38 0
35 36 0
35 37 0
35 38 0
36 37 0
36 38 0
37 38 0
