29 80
1
1
1
1
2
1
1
1
1
1
1
1
1
1
1
1
1
1
2
4
3
3
3
3
3
3
3
3
3
0 1 3
0 2 5
0 20 8
0 26 8
0 27 8
0 28 8
1 2 2
1 3 3
1 4 5
1 4 6
2 5 3
2 6 2
3 24 8
3 4 2
3 4 3
4 4 1
5 8 5
5 6 5
5 7 3
6 23 8
7 8 2
7 21 8
8 19 8
8 22 8
9 10 4
9 26 8
9 13 6
10 11 5
10 13 2
11 12 3
12 28 8
13 14 4
14 16 2
14 15 3
15 16 5
15 27 8
16 17 2
16 18 3
16 20 8
16 21 8
16 22 8
16 23 8
16 24 8
16 25 8
17 18 5
17 18 4
17 20 8
17 21 8
17 22 8
17 23 8
17 24 8
17 25 8
18 20 8
18 21 8
18 22 8
18 23 8
18 24 8
18 25 8
19 22 0
20 21 0
20 22 0
20 23 0
20 24 0
20 25 0
20 26 0
20 27 0
20 28 0
21 22 0
21 23 0
21 24 0
21 25 0
22 23 0
22 24 0
22 25 0
23 24 0
23 25 0
24 25 0
26 28 0
26 27 0
27 28 0
