40 80
1
1
2
1
1
1
1
1
1
1
1
1
2
1
1
1
1
1
1
1
1
1
1
4
3
3
3
3
3
3
3
3
3
3
3
3
3
3
3
3
0 24 8
0 1 2
0 2 3
0 2 4
0 29 8
1 28 8
1 2 5
1 2 6
1 3 5
1 4 3
2 2 1
3 4 3
3 4 2
3 28 8
4 28 8
5 26 8
5 27 8
6 8 5
6 28 8
6 7 3
7 8 2
7 29 8
8 24 8
9 27 8
9 10 3
9 11 5
9 26 8
9 30 8
10 11 2
10 13 2
10 14 3
10 25 8
11 12 4
12 32 8
13 33 8
13 38 8
13 39 8
13 14 5
13 25 8
14 25 8
14 31 8
15 16 4
15 34 8
16 32 8
16 35 8
16 36 8
16 37 8
17 35 8
17 18 3
17 19 6
17 34 8
17 23 8
18 19 3
18 37 8
19 36 8
20 33 8
20 21 2
20 22 4
21 22 2
21 39 8
22 38 8
23 34 0
23 35 0
24 29 0
25 30 0
25 31 0
26 27 0
26 30 0
27 30 0
30 31 0
32 36 0
32 35 0
32 37 0
33 38 0
33 39 0
34 35 0
35 36 0
35 37 0
36 37 0
38 39 0
