41 78
1
1
1
1
1
1
1
1
1
1
1
1
1
1
1
1
1
1
1
1
1
1
1
1
1
1
1
1
4
3
3
3
3
3
3
3
3
3
3
3
3
0 1 5
0 29 8
1 2 3
1 3 5
2 3 2
2 30 8
3 4 3
3 7 2
4 5 3
4 7 5
5 6 2
6 8 6
6 9 2
7 31 8
8 32 8
8 9 4
9 10 4
10 11 5
10 12 2
11 12 3
11 34 8
12 13 4
13 33 8
14 17 6
14 35 8
14 15 4
15 16 4
15 17 2
16 37 8
17 36 8
18 28 8
18 19 4
18 20 3
18 38 8
19 20 4
20 28 8
20 38 8
21 38 8
21 22 4
21 39 8
22 40 8
23 32 8
23 33 8
23 34 8
23 35 8
23 24 4
23 25 2
23 29 8
23 30 8
23 31 8
24 25 6
24 25 3
24 26 3
24 35 8
25 26 6
25 35 8
26 37 8
27 40 8
27 36 8
27 39 8
28 38 0
29 32 0
29 34 0
29 33 0
29 30 0
29 31 0
30 32 0
30 33 0
30 34 0
30 31 0
31 32 0
31 33 0
31 34 0
32 33 0
32 34 0
33 34 0
38 39 0
39 40 0
