54 97
1
1
1
1
1
1
1
2
1
1
1
1
1
1
1
1
1
1
1
1
1
1
1
1
1
1
1
1
1
4
3
3
3
3
3
3
3
3
3
3
3
3
3
3
3
3
3
3
3
3
3
3
3
3
0 1 5
0 43 8
0 30 8
1 2 3
1 29 8
2 50 8
2 29 8
2 49 8
2 31 8
3 32 8
3 40 8
3 4 2
3 5 4
3 41 8
4 5 2
4 6 2
4 7 5
4 7 6
4 40 8
4 41 8
5 40 8
5 33 8
5 41 8
6 34 8
6 7 3
6 7 4
7 7 1
8 9 4
8 36 8
9 37 8
10 32 8
10 11 3
11 52 8
11 51 8
11 12 2
11 13 4
12 13 2
12 14 6
12 15 3
12 51 8
12 52 8
13 51 8
13 34 8
13 52 8
14 38 8
14 15 3
15 39 8
16 40 8
16 41 8
17 42 8
17 36 8
18 43 8
18 44 8
18 30 8
19 33 8
19 20 2
19 21 3
19 44 8
20 21 5
20 22 2
20 23 4
21 48 8
21 45 8
22 46 8
22 23 2
23 47 8
24 42 8
24 37 8
24 38 8
24 39 8
25 48 8
25 45 8
25 46 8
25 31 8
26 49 8
26 50 8
26 47 8
27 51 8
27 52 8
28 35 8
28 53 8
30 43 0
30 44 0
31 46 0
31 48 0
31 49 0
31 50 0
33 44 0
35 53 0
37 42 0
38 39 0
40 41 0
45 48 0
46 48 0
47 50 0
49 50 0
51 52 0
