39 74
1
1
1
1
1
1
1
1
1
1
1
1
1
1
1
1
1
1
1
1
1
1
4
3
3
3
3
3
3
3
3
3
3
3
3
3
3
3
3
0 1 2
0 2 6
0 23 8
1 2 4
1 3 2
1 4 6
2 25 8
3 24 8
3 4 4
3 38 8
3 32 8
4 5 3
4 6 6
5 8 4
5 9 2
5 6 3
6 7 5
7 28 8
8 9 2
8 26 8
9 27 8
10 23 8
10 29 8
10 30 8
10 31 8
11 22 8
11 25 8
11 28 8
11 29 8
11 30 8
11 31 8
12 24 8
12 32 8
12 26 8
13 33 8
13 14 3
13 15 6
14 34 8
14 15 3
15 16 2
15 17 3
16 17 5
16 36 8
17 35 8
17 37 8
18 33 8
18 19 2
18 20 4
18 37 8
19 36 8
19 35 8
19 20 2
19 34 8
20 21 5
21 27 8
21 38 8
22 28 0
22 31 0
23 29 0
24 32 0
24 26 0
24 38 0
25 29 0
25 30 0
27 38 0
28 31 0
29 30 0
30 31 0
32 38 0
33 37 0
34 35 0
34 36 0
35 36 0
35 37 0
