39 66
1
1
1
1
1
1
1
1
1
1
1
1
1
1
1
1
1
1
1
1
1
1
4
3
3
3
3
3
3
3
3
3
3
3
3
3
3
3
3
0 24 8
0 33 8
0 23 8
1 24 8
1 25 8
1 26 8
1 23 8
2 27 8
2 35 8
2 34 8
2 3 3
2 4 6
3 28 8
3 4 3
4 29 8
4 38 8
5 30 8
5 22 8
5 6 3
6 31 8
7 8 3
7 32 8
7 10 6
8 9 4
8 10 3
9 36 8
9 37 8
10 11 3
11 12 2
11 13 2
12 33 8
12 13 4
13 14 5
14 16 3
14 15 2
15 16 5
15 35 8
16 17 2
16 18 4
17 18 6
17 34 8
18 19 4
19 28 8
20 32 8
20 36 8
20 37 8
21 38 8
21 29 8
21 30 8
21 31 8
22 30 0
23 24 0
23 25 0
24 25 0
24 33 0
25 26 0
25 27 0
26 27 0
27 34 0
27 35 0
29 38 0
29 30 0
31 38 0
32 36 0
34 35 0
36 37 0
