43 74
1
1
1
1
2
1
1
1
1
1
1
1
1
1
1
1
1
1
1
1
1
1
1
1
1
1
1
1
4
3
3
3
3
3
3
3
3
3
3
3
3
3
3
0 1 3
0 41 8
0 29 8
0 39 8
1 2 3
1 3 6
2 40 8
2 3 3
2 30 8
3 4 3
3 5 2
3 33 8
4 33 8
4 5 5
4 31 8
5 33 8
5 6 3
6 32 8
6 34 8
7 8 3
7 9 6
7 33 8
8 9 3
8 34 8
9 10 4
9 11 6
10 32 8
10 11 2
11 35 8
11 42 8
12 28 8
12 36 8
12 13 5
13 28 8
13 14 3
14 37 8
15 38 8
15 29 8
15 30 8
16 17 2
16 18 4
16 38 8
17 18 2
17 18 2
17 19 3
18 19 5
19 20 3
19 22 5
20 21 4
20 22 2
21 24 2
21 23 5
22 40 8
22 31 8
23 24 3
23 39 8
24 25 3
25 41 8
26 42 8
26 27 4
26 36 8
26 37 8
27 35 8
29 41 0
29 38 0
29 39 0
30 40 0
31 40 0
32 34 0
35 42 0
36 42 0
36 37 0
37 42 0
39 41 0
