69 125
1
1
1
1
1
1
1
1
1
1
1
1
1
1
1
1
1
1
1
1
1
1
1
1
1
1
1
1
1
1
1
1
1
1
1
1
2
1
1
1
1
1
1
1
1
1
1
4
3
3
3
3
3
3
3
3
3
3
3
3
3
3
3
3
3
3
3
3
3
0 48 8
0 1 3
0 5 6
1 2 5
1 5 3
2 3 3
3 4 3
4 49 8
5 8 4
5 6 2
6 8 6
6 47 8
6 7 3
7 8 4
7 47 8
9 48 8
9 10 2
9 50 8
9 13 4
10 11 5
10 13 2
11 12 5
12 52 8
13 51 8
14 53 8
14 54 8
14 55 8
14 56 8
14 58 8
14 59 8
14 61 8
15 16 4
15 50 8
15 51 8
16 52 8
17 18 3
17 19 6
17 53 8
17 54 8
17 55 8
18 56 8
18 19 3
18 53 8
18 54 8
19 22 6
19 20 4
19 53 8
19 54 8
20 21 5
20 22 2
21 24 2
21 25 5
22 23 4
23 26 4
23 27 2
24 25 3
24 58 8
25 61 8
26 59 8
26 27 6
27 28 5
28 29 4
28 30 2
29 57 8
29 30 6
30 60 8
30 66 8
31 32 5
31 49 8
31 34 3
32 33 3
32 34 2
33 34 5
33 35 3
34 35 2
35 68 8
35 62 8
36 65 8
36 37 4
36 63 8
37 64 8
37 67 8
38 40 4
38 65 8
38 39 2
39 40 2
39 41 4
39 43 6
40 64 8
40 63 8
41 42 4
41 43 2
42 44 6
42 45 2
43 67 8
44 66 8
44 45 4
45 57 8
45 60 8
46 68 8
46 62 8
48 50 0
50 51 0
53 54 0
54 55 0
54 56 0
54 58 0
54 59 0
54 61 0
55 56 0
55 58 0
55 59 0
55 61 0
56 58 0
56 59 0
56 61 0
57 60 0
58 59 0
58 61 0
59 61 0
60 66 0
62 68 0
63 64 0
63 65 0
64 67 0
