49 78
1
1
1
1
1
1
1
1
1
1
1
1
1
1
1
1
1
1
1
1
1
1
1
1
1
1
1
1
1
1
1
1
1
1
1
1
1
1
4
3
3
3
3
3
3
3
3
3
3
0 1 4
0 3 6
0 39 8
1 2 4
1 3 2
2 4 5
2 5 3
3 8 3
3 6 3
4 11 5
4 10 3
4 5 2
5 12 2
5 11 6
6 8 6
6 7 5
7 9 4
7 13 2
8 9 4
9 13 6
10 40 8
10 11 2
11 12 4
12 41 8
13 42 8
14 43 8
14 15 5
15 16 2
15 18 3
16 17 5
16 18 5
17 18 4
17 19 2
18 19 6
19 44 8
20 45 8
20 21 3
20 23 2
21 22 3
21 23 5
22 46 8
23 40 8
23 41 8
23 39 8
24 25 6
24 27 4
24 45 8
24 46 8
25 26 4
25 27 2
26 27 6
26 28 3
27 28 3
28 43 8
28 44 8
29 32 3
29 30 2
29 47 8
30 32 5
30 31 4
31 33 4
31 34 2
32 33 3
32 38 8
33 34 6
33 38 8
34 48 8
35 48 8
35 36 3
35 47 8
36 37 4
37 42 8
39 40 0
39 41 0
40 41 0
43 44 0
45 46 0
47 48 0
