56 108
1
1
1
1
1
1
1
1
1
1
1
1
1
1
1
1
1
1
1
1
1
2
1
1
1
1
1
2
1
1
4
3
3
3
3
3
3
3
3
3
3
3
3
3
3
3
3
3
3
3
3
3
3
3
3
3
0 32 8
0 31 8
1 33 8
1 2 5
1 35 8
2 34 8
3 33 8
3 35 8
4 36 8
4 37 8
5 38 8
5 6 3
5 7 6
6 32 8
6 39 8
6 31 8
6 7 3
7 8 3
8 9 3
8 11 2
9 10 3
9 11 5
10 41 8
11 40 8
12 34 8
12 43 8
12 44 8
12 42 8
13 43 8
13 14 2
13 15 5
14 42 8
14 44 8
14 15 3
15 16 4
15 17 6
16 17 2
16 45 8
16 54 8
17 18 3
18 41 8
18 38 8
18 39 8
19 20 2
19 21 5
19 21 6
19 46 8
20 21 3
20 21 4
20 47 8
21 21 1
22 47 8
22 23 3
23 40 8
24 25 2
24 26 4
24 30 8
24 49 8
25 26 2
25 51 8
26 50 8
27 36 8
27 37 8
27 49 8
27 50 8
27 51 8
27 52 8
27 53 8
27 55 8
28 45 8
28 54 8
29 48 8
29 52 8
29 53 8
29 46 8
29 55 8
30 49 0
31 32 0
31 39 0
32 39 0
33 35 0
34 42 0
36 37 0
36 49 0
36 50 0
36 51 0
36 52 0
37 49 0
37 50 0
37 51 0
37 52 0
38 41 0
38 39 0
39 41 0
42 44 0
43 44 0
45 54 0
46 48 0
46 55 0
48 55 0
49 50 0
49 51 0
49 52 0
50 51 0
50 52 0
51 52 0
52 53 0
53 55 0
