45 71
1
1
1
1
1
1
1
1
1
1
1
1
1
1
2
1
1
1
1
1
1
1
1
1
1
1
4
3
3
3
3
3
3
3
3
3
3
3
3
3
3
3
3
3
3
0 27 8
0 28 8
1 2 3
1 26 8
1 29 8
2 37 8
2 30 8
3 4 3
3 6 6
3 31 8
4 5 4
4 6 3
5 33 8
6 32 8
7 8 2
7 9 4
7 34 8
8 9 2
8 36 8
8 44 8
9 35 8
9 38 8
10 11 3
10 12 3
10 37 8
11 12 6
11 13 4
11 14 2
12 29 8
12 30 8
13 14 2
13 14 4
15 16 3
15 38 8
16 35 8
17 27 8
17 18 2
17 19 4
17 42 8
17 39 8
18 19 2
18 41 8
19 40 8
19 43 8
20 42 8
20 28 8
20 21 3
20 22 5
21 32 8
21 22 2
22 41 8
22 39 8
23 24 4
23 43 8
24 40 8
25 44 8
25 34 8
25 36 8
26 29 0
27 42 0
27 39 0
28 42 0
29 30 0
30 37 0
31 33 0
34 44 0
35 38 0
36 44 0
39 42 0
39 41 0
40 43 0
