43 71
1
1
1
1
1
1
1
1
1
1
1
2
1
2
1
1
1
1
1
1
1
1
1
1
1
1
1
1
1
4
3
3
3
3
3
3
3
3
3
3
3
3
3
0 1 3
0 4 2
0 30 8
1 2 3
1 4 5
2 3 3
2 29 8
3 4 2
3 5 6
3 29 8
4 5 4
5 31 8
6 8 4
6 32 8
6 7 2
7 8 2
7 9 2
7 11 5
7 11 6
8 34 8
9 10 3
9 11 3
9 11 4
10 12 2
10 13 5
10 13 6
11 11 1
12 33 8
12 13 3
12 13 4
12 39 8
13 13 1
14 32 8
14 37 8
14 38 8
15 16 3
15 18 5
15 39 8
16 17 3
16 18 2
17 40 8
17 42 8
18 33 8
19 20 2
19 21 3
19 38 8
19 37 8
20 21 5
20 22 2
20 23 5
21 30 8
22 36 8
22 34 8
22 23 3
23 24 2
23 25 4
24 25 2
24 25 2
24 26 2
25 26 4
26 31 8
27 41 8
27 35 8
28 40 8
28 42 8
32 38 0
33 39 0
34 36 0
35 41 0
37 38 0
40 42 0
