40 69
1
1
1
1
1
1
1
1
1
1
1
1
1
1
1
1
1
1
1
1
4
3
3
3
3
3
3
3
3
3
3
3
3
3
3
3
3
3
3
3
0 1 3
0 3 5
0 21 8
1 2 5
1 3 2
2 22 8
3 20 8
3 25 8
3 23 8
4 24 8
4 25 8
4 21 8
4 22 8
5 26 8
5 36 8
5 6 3
6 27 8
6 38 8
7 8 3
7 28 8
8 9 2
8 10 6
9 10 4
9 12 5
9 13 3
10 11 3
11 30 8
12 13 2
12 29 8
13 39 8
13 31 8
14 32 8
14 15 2
15 33 8
16 36 8
16 37 8
17 27 8
17 38 8
18 32 8
18 33 8
18 34 8
18 35 8
18 30 8
19 39 8
19 28 8
19 29 8
19 31 8
20 25 0
20 23 0
21 25 0
21 22 0
22 25 0
23 24 0
23 25 0
23 26 0
24 26 0
26 36 0
27 38 0
28 29 0
28 31 0
29 31 0
31 39 0
32 33 0
32 34 0
32 35 0
33 34 0
33 35 0
34 35 0
34 37 0
