55 92
1
1
1
1
1
1
1
1
1
1
1
1
1
1
1
1
1
1
1
1
1
1
1
1
1
1
1
1
2
1
1
1
1
4
3
3
3
3
3
3
3
3
3
3
3
3
3
3
3
3
3
3
3
3
3
0 1 5
0 34 8
0 37 8
1 2 2
1 4 4
2 3 3
2 4 2
3 36 8
4 35 8
4 33 8
5 34 8
5 37 8
6 8 4
6 45 8
6 38 8
6 7 2
7 8 2
7 40 8
8 39 8
9 41 8
9 10 2
9 11 4
9 44 8
10 42 8
10 11 2
11 12 4
11 14 6
12 13 4
12 14 2
13 39 8
14 43 8
14 47 8
15 41 8
15 42 8
15 44 8
16 38 8
16 45 8
16 48 8
16 49 8
16 50 8
16 51 8
17 43 8
17 18 3
17 19 6
18 19 3
18 47 8
19 46 8
20 48 8
20 21 3
20 23 5
21 22 5
21 23 2
22 51 8
23 24 3
24 25 3
24 26 2
25 49 8
25 26 5
26 27 2
26 29 4
27 28 3
27 29 6
28 50 8
29 40 8
30 52 8
30 53 8
30 46 8
31 52 8
31 53 8
31 54 8
32 35 8
32 36 8
32 54 8
33 35 0
34 37 0
35 36 0
38 45 0
41 42 0
41 44 0
43 47 0
45 48 0
45 49 0
45 50 0
45 51 0
46 52 0
48 49 0
48 50 0
48 51 0
49 50 0
49 51 0
50 51 0
52 53 0
