64 129
1
1
1
1
1
1
1
1
1
1
1
1
1
1
1
1
1
1
1
1
1
1
1
1
1
1
2
1
1
1
1
1
1
1
1
1
1
1
1
1
1
4
3
3
3
3
3
3
3
3
3
3
3
3
3
3
3
3
3
3
3
3
3
3
0 1 5
0 42 8
0 44 8
0 53 8
1 2 4
2 3 3
2 41 8
3 41 8
3 43 8
4 43 8
4 44 8
4 5 3
4 6 6
5 42 8
5 43 8
5 54 8
5 6 3
6 43 8
6 62 8
6 45 8
7 8 2
7 9 4
7 46 8
8 9 2
8 9 2
8 10 4
9 10 6
10 11 4
10 13 6
11 12 4
11 13 2
12 16 2
12 15 4
13 14 3
14 17 2
14 18 4
15 16 2
15 47 8
16 19 5
16 20 2
17 18 6
17 50 8
18 51 8
19 49 8
19 20 3
20 21 4
21 22 4
21 23 2
22 24 3
22 23 2
22 23 6
23 24 3
24 25 6
24 26 2
25 48 8
25 26 4
26 52 8
27 28 2
27 29 3
27 53 8
28 29 5
28 54 8
29 30 3
30 55 8
31 32 3
31 56 8
32 57 8
32 55 8
32 63 8
33 34 3
33 35 5
33 58 8
34 35 2
34 61 8
34 59 8
35 60 8
36 58 8
36 59 8
36 37 3
36 38 6
37 38 3
37 46 8
37 47 8
37 48 8
37 49 8
37 50 8
37 51 8
37 52 8
38 61 8
39 45 8
39 62 8
40 56 8
40 57 8
40 60 8
40 63 8
42 44 0
42 54 0
42 53 0
44 53 0
45 62 0
46 47 0
46 48 0
46 49 0
46 50 0
46 51 0
46 52 0
47 48 0
47 49 0
47 50 0
47 51 0
47 52 0
48 49 0
48 50 0
48 51 0
48 52 0
49 50 0
49 51 0
49 52 0
50 51 0
50 52 0
51 52 0
55 57 0
55 63 0
56 63 0
56 60 0
57 63 0
58 59 0
59 61 0
60 63 0
