39 67
1
1
1
1
1
1
1
1
1
1
1
1
1
1
1
1
1
1
1
1
4
3
3
3
3
3
3
3
3
3
3
3
3
3
3
3
3
3
3
0 32 8
0 21 8
0 22 8
1 21 8
1 22 8
1 23 8
1 24 8
1 25 8
1 26 8
2 25 8
2 3 3
2 4 6
3 24 8
3 4 3
4 20 8
4 26 8
5 27 8
5 6 4
6 28 8
7 8 4
7 9 6
7 29 8
8 9 2
8 31 8
8 38 8
9 30 8
10 32 8
10 11 2
10 12 6
11 12 4
11 13 6
11 14 3
12 28 8
13 33 8
13 14 3
14 34 8
15 16 4
15 17 6
15 35 8
16 17 2
16 37 8
16 30 8
17 36 8
18 33 8
18 34 8
18 35 8
18 36 8
18 37 8
19 29 8
19 38 8
19 31 8
20 26 0
21 22 0
21 23 0
22 32 0
22 23 0
23 27 0
24 25 0
24 26 0
25 26 0
29 31 0
30 37 0
31 38 0
33 34 0
35 36 0
35 37 0
36 37 0
