51 84
1
1
1
1
1
1
2
1
1
1
1
1
1
1
1
1
1
1
1
1
1
1
1
1
1
1
1
1
1
1
1
1
4
3
3
3
3
3
3
3
3
3
3
3
3
3
3
3
3
3
3
0 33 8
0 34 8
0 35 8
0 36 8
1 2 3
1 35 8
2 36 8
3 44 8
3 4 3
3 38 8
3 6 5
3 6 6
4 5 3
4 6 2
4 6 3
5 9 6
5 7 3
6 6 1
7 8 5
7 9 3
8 10 5
8 12 2
9 40 8
10 11 4
10 12 3
11 13 5
11 14 3
12 13 5
13 14 2
14 46 8
14 39 8
15 42 8
15 43 8
16 40 8
16 42 8
16 43 8
16 44 8
16 38 8
17 33 8
17 18 2
17 19 6
17 34 8
18 19 4
18 45 8
19 20 3
19 22 5
20 21 3
20 22 2
21 37 8
22 23 4
23 24 4
23 25 2
24 25 6
24 47 8
25 26 5
26 27 4
26 28 2
27 28 6
27 46 8
28 39 8
29 48 8
29 41 8
29 30 5
30 49 8
30 50 8
31 48 8
31 32 8
31 50 8
31 49 8
32 49 0
33 34 0
34 35 0
34 36 0
35 36 0
37 47 0
38 42 0
38 43 0
38 44 0
39 46 0
40 44 0
41 48 0
42 43 0
48 50 0
49 50 0
