80 150
1
1
1
1
1
1
1
1
1
1
1
1
1
2
1
1
1
1
2
1
1
1
1
1
1
1
1
1
1
1
1
1
1
1
1
1
1
1
1
1
1
1
1
1
1
1
1
1
1
1
1
1
1
1
1
1
1
1
1
2
1
4
3
3
3
3
3
3
3
3
3
3
3
3
3
3
3
3
3
3
0 1 2
0 2 3
0 62 8
1 2 5
1 3 2
1 4 6
2 5 2
2 6 5
2 61 8
3 64 8
3 4 4
4 8 3
4 9 5
5 11 3
5 10 5
5 6 3
5 61 8
6 61 8
6 7 3
7 12 5
7 13 3
8 16 6
8 9 2
8 14 3
9 18 3
9 18 5
9 19 2
9 23 2
10 11 6
10 11 2
10 20 2
11 20 4
12 13 2
12 13 2
12 22 5
13 22 3
14 16 3
14 15 4
15 65 8
15 79 8
16 17 3
17 66 8
18 18 2
18 19 5
18 19 7
18 23 5
18 23 7
19 22 3
19 23 0
19 23 0
20 21 3
21 63 8
22 23 3
24 25 2
24 26 4
24 67 8
25 26 2
25 27 2
25 28 3
26 27 4
26 29 6
27 28 5
27 29 2
28 29 2
28 30 2
29 30 4
30 33 6
30 31 3
31 32 5
31 33 3
32 35 3
32 36 6
33 34 5
34 68 8
35 36 3
35 37 2
35 40 4
35 73 8
35 72 8
36 71 8
37 40 2
37 72 8
37 38 3
37 73 8
38 39 3
39 41 6
39 43 4
40 72 8
40 73 8
40 70 8
41 42 3
41 43 2
42 44 5
42 45 3
43 47 4
43 46 6
44 45 3
44 45 2
46 48 3
46 47 2
46 47 6
47 48 3
48 78 8
48 69 8
49 72 8
49 73 8
49 67 8
49 70 8
49 71 8
50 64 8
50 74 8
50 62 8
50 63 8
51 74 8
51 75 8
51 76 8
52 76 8
52 53 3
53 56 5
53 54 3
54 56 2
54 55 4
55 68 8
56 77 8
57 58 3
57 69 8
58 59 3
59 78 8
60 65 8
60 66 8
60 75 8
60 77 8
60 79 8
62 64 0
62 63 0
63 64 0
65 66 0
65 79 0
67 72 0
67 70 0
67 71 0
69 78 0
70 72 0
70 71 0
71 72 0
72 73 0
74 76 0
75 77 0
75 79 0
77 79 0
