53 99
1
1
1
1
1
1
1
1
1
1
1
1
1
1
1
1
1
2
2
1
1
1
1
1
1
1
1
1
1
4
3
3
3
3
3
3
3
3
3
3
3
3
3
3
3
3
3
3
3
3
3
3
3
0 1 1
0 30 8
0 31 8
1 2 4
1 30 8
2 32 8
3 32 8
3 33 8
3 34 8
3 30 8
3 31 8
4 33 8
4 34 8
4 5 3
4 29 8
5 6 2
5 7 5
6 36 8
6 7 3
7 35 8
8 9 3
8 10 5
8 37 8
9 10 2
9 38 8
10 11 3
11 51 8
11 50 8
11 39 8
12 40 8
12 13 4
13 41 8
13 44 8
14 49 8
14 42 8
14 43 8
15 40 8
15 41 8
15 44 8
16 17 2
16 17 4
16 45 8
16 38 8
16 37 8
17 17 6
17 37 8
17 37 8
17 38 8
17 38 8
18 19 3
18 20 6
18 46 8
19 48 8
19 20 3
20 47 8
21 49 8
21 42 8
21 35 8
21 36 8
21 43 8
22 25 2
22 39 8
22 23 2
23 24 3
23 25 4
24 51 8
25 50 8
26 48 8
26 52 8
26 46 8
26 47 8
27 52 8
27 28 3
28 45 8
29 33 0
29 34 0
30 32 0
30 33 0
30 31 0
31 32 0
31 33 0
32 33 0
33 34 0
35 42 0
35 43 0
35 36 0
36 43 0
36 42 0
37 38 0
39 50 0
39 51 0
40 44 0
41 44 0
42 43 0
43 49 0
46 48 0
46 47 0
47 48 0
50 51 0
