39 62
1
1
1
1
1
1
1
1
1
1
1
1
1
1
1
1
1
1
1
1
1
1
1
1
1
4
3
3
3
3
3
3
3
3
3
3
3
3
3
0 26 8
0 27 8
1 28 8
1 2 2
1 4 5
2 3 3
2 4 3
3 5 4
3 6 2
4 30 8
4 25 8
5 29 8
5 6 2
6 31 8
7 8 3
7 9 6
7 26 8
7 27 8
8 9 3
8 11 6
8 12 2
9 10 4
10 14 3
10 15 5
11 32 8
11 12 4
12 13 4
13 36 8
13 35 8
14 33 8
14 15 2
15 38 8
15 34 8
15 37 8
16 32 8
16 35 8
16 36 8
17 18 2
17 20 5
17 37 8
18 19 4
18 20 3
19 22 5
19 23 2
20 21 2
21 29 8
21 31 8
22 38 8
22 23 3
23 24 4
24 33 8
24 34 8
25 30 0
26 27 0
28 30 0
29 31 0
32 35 0
33 34 0
34 37 0
34 38 0
35 36 0
37 38 0
