63 123
1
1
1
1
1
1
1
1
1
1
1
1
1
1
1
1
1
1
1
1
1
1
1
1
1
1
1
1
1
1
1
1
1
1
1
1
1
1
1
1
1
1
4
3
3
3
3
3
3
3
3
3
3
3
3
3
3
3
3
3
3
3
3
0 1 6
0 2 2
0 43 8
0 62 8
1 2 4
1 3 4
1 4 2
2 44 8
3 4 2
3 5 2
3 6 5
4 8 6
4 7 3
5 9 6
5 10 4
5 6 3
5 59 8
6 11 4
6 7 6
7 8 3
7 11 2
8 46 8
9 10 5
9 10 2
9 59 8
10 59 8
11 61 8
11 60 8
11 45 8
12 13 2
12 14 4
12 47 8
13 49 8
13 14 2
13 55 8
14 16 3
14 15 2
15 16 5
15 17 2
15 19 4
16 51 8
17 18 4
17 19 2
18 21 6
18 22 2
19 20 3
20 24 6
20 25 3
21 28 2
21 26 4
21 22 4
22 23 4
23 54 8
24 48 8
24 25 3
25 50 8
26 27 3
26 28 2
27 52 8
28 53 8
29 56 8
29 49 8
29 47 8
29 55 8
30 56 8
30 33 6
30 31 4
31 32 4
31 33 2
32 58 8
33 57 8
34 35 5
34 48 8
34 50 8
34 51 8
34 52 8
34 53 8
34 54 8
35 57 8
35 58 8
36 59 8
36 37 3
37 45 8
37 38 2
37 39 4
38 45 8
38 60 8
38 39 2
39 40 3
39 45 8
40 61 8
41 42 8
41 43 8
41 44 8
41 62 8
41 46 8
42 43 0
42 44 0
43 44 0
43 62 0
45 60 0
45 61 0
46 62 0
47 49 0
48 50 0
48 51 0
48 52 0
48 53 0
48 54 0
49 55 0
50 51 0
50 52 0
50 53 0
50 54 0
51 52 0
51 53 0
51 54 0
52 53 0
52 54 0
53 54 0
55 56 0
57 58 0
60 61 0
