56 125
1
1
1
1
1
1
1
1
1
1
1
1
1
1
1
1
1
1
1
1
1
1
1
1
1
1
1
1
1
1
2
1
1
1
1
1
1
1
1
1
4
3
3
3
3
3
3
3
3
3
3
3
3
3
3
3
0 1 3
0 4 5
0 41 8
1 2 5
1 4 2
2 3 3
3 5 4
3 6 2
4 8 3
4 9 3
5 8 2
5 11 5
5 6 6
6 7 4
7 10 5
7 12 2
8 9 6
8 11 3
9 40 8
9 10 3
10 40 8
10 12 3
11 12 4
13 42 8
13 44 8
13 45 8
13 46 8
13 48 8
13 50 8
13 14 7
14 44 8
14 45 8
14 46 8
14 48 8
14 50 8
14 15 4
15 51 8
15 43 8
15 52 8
15 47 8
16 17 4
16 45 8
17 18 2
17 19 6
18 19 4
18 46 8
19 20 3
19 21 6
20 21 3
20 22 3
20 23 5
21 24 3
21 25 5
22 28 2
22 27 5
22 23 2
23 24 5
24 25 2
25 26 3
26 42 8
26 43 8
26 44 8
26 30 2
26 30 4
26 31 3
27 32 4
27 33 2
27 28 3
28 29 5
29 34 5
29 35 3
30 42 8
30 42 8
30 43 8
30 43 8
30 44 8
30 44 8
30 30 6
30 31 5
30 31 1
31 42 8
31 43 8
31 44 8
31 51 8
32 33 6
32 33 2
32 34 4
32 35 3
33 34 2
33 35 3
34 35 1
34 35 2
36 41 8
36 37 3
36 38 6
36 53 8
37 38 3
37 55 8
38 54 8
39 49 8
39 53 8
39 54 8
39 55 8
41 53 0
42 43 0
42 44 0
43 44 0
43 51 0
43 52 0
43 47 0
44 45 0
44 48 0
44 50 0
44 46 0
45 48 0
45 50 0
45 46 0
46 48 0
46 50 0
47 51 0
47 52 0
48 50 0
49 53 0
51 52 0
54 55 0
