70 119
1
1
1
1
1
1
1
1
1
1
1
1
1
1
1
1
1
1
1
1
1
1
1
1
1
1
1
1
1
1
1
1
1
1
2
1
1
1
1
1
1
1
4
3
3
3
3
3
3
3
3
3
3
3
3
3
3
3
3
3
3
3
3
3
3
3
3
3
3
3
0 1 5
0 43 8
1 2 2
1 4 6
2 3 5
2 4 4
3 56 8
3 44 8
4 5 2
4 7 4
5 6 1
5 7 2
6 8 2
6 9 3
7 42 8
7 45 8
8 9 5
8 46 8
9 10 4
9 11 6
10 50 8
10 11 2
11 66 8
11 47 8
12 51 8
12 52 8
13 16 3
13 51 8
13 52 8
13 14 2
14 16 5
14 15 4
15 54 8
15 55 8
16 53 8
17 18 5
17 53 8
18 55 8
19 56 8
19 43 8
19 44 8
20 57 8
20 21 3
20 23 6
21 22 4
21 23 3
22 59 8
23 58 8
24 25 4
24 60 8
25 26 3
25 27 6
26 27 3
26 61 8
27 54 8
28 64 8
28 60 8
28 29 4
28 62 8
29 30 2
30 57 8
30 58 8
30 59 8
31 32 5
31 33 2
31 48 8
32 33 3
32 34 5
32 35 2
33 65 8
33 63 8
34 35 3
34 35 4
36 64 8
36 61 8
36 62 8
37 65 8
37 67 8
37 68 8
37 63 8
38 66 8
38 45 8
38 46 8
38 47 8
38 49 8
38 50 8
39 40 3
39 41 2
39 67 8
40 41 5
40 69 8
41 68 8
42 45 0
43 56 0
44 56 0
45 46 0
45 47 0
45 49 0
45 50 0
46 47 0
46 49 0
46 50 0
47 66 0
47 49 0
47 50 0
49 50 0
51 52 0
54 55 0
57 58 0
57 59 0
58 59 0
60 64 0
60 62 0
61 64 0
62 64 0
63 65 0
65 67 0
65 68 0
67 68 0
