39 63
1
1
1
1
1
2
1
1
1
1
1
1
2
1
1
1
1
1
1
2
1
1
4
3
3
3
3
3
3
3
3
3
3
3
3
3
3
3
3
0 1 5
0 23 8
1 2 3
1 3 3
1 37 8
1 22 8
2 24 8
2 3 6
2 37 8
2 22 8
3 4 3
3 37 8
3 22 8
4 25 8
5 26 8
5 27 8
6 26 8
6 27 8
6 28 8
7 29 8
7 30 8
8 9 4
8 10 6
8 31 8
9 33 8
9 10 2
10 35 8
10 36 8
10 32 8
11 32 8
11 12 3
12 35 8
13 28 8
13 14 3
13 15 3
14 15 6
14 15 4
16 24 8
16 17 5
16 37 8
16 23 8
17 25 8
18 19 2
18 20 4
18 38 8
19 20 4
19 20 2
21 34 8
21 38 8
22 37 0
23 24 0
23 37 0
24 37 0
26 27 0
29 33 0
29 31 0
29 30 0
30 33 0
30 31 0
31 33 0
32 35 0
32 36 0
35 36 0
