60 112
1
1
1
1
1
1
1
1
1
1
1
1
1
1
1
1
1
1
1
1
1
1
1
1
2
1
1
1
1
1
1
1
1
1
2
1
1
1
1
1
4
3
3
3
3
3
3
3
3
3
3
3
3
3
3
3
3
3
3
3
0 1 4
0 41 8
1 2 2
1 3 4
2 42 8
2 3 6
3 4 4
4 9 6
4 58 8
4 5 2
4 59 8
5 9 4
5 58 8
5 59 8
5 6 3
6 7 3
7 8 3
8 10 6
8 12 2
9 46 8
9 56 8
9 57 8
9 58 8
9 59 8
10 11 4
10 12 4
11 13 4
11 14 2
12 45 8
13 43 8
13 14 2
14 16 6
14 15 3
15 16 3
15 47 8
16 44 8
17 48 8
17 18 3
18 19 2
18 20 5
19 49 8
19 20 3
20 21 3
20 23 5
21 22 4
21 23 2
22 50 8
23 51 8
24 48 8
24 25 3
24 50 8
24 52 8
24 49 8
25 26 2
25 27 5
26 27 3
26 53 8
27 28 3
27 29 6
28 51 8
28 29 3
29 54 8
30 32 5
30 55 8
30 31 3
31 32 2
31 33 7
31 56 8
32 34 3
32 36 5
33 56 8
33 35 4
34 35 5
34 36 2
36 40 8
36 57 8
37 52 8
37 53 8
38 41 8
38 42 8
38 46 8
38 55 8
38 58 8
38 59 8
39 43 8
39 44 8
39 45 8
39 54 8
39 47 8
40 57 0
41 42 0
41 58 0
42 58 0
43 47 0
43 44 0
43 45 0
44 45 0
44 47 0
45 47 0
46 55 0
46 56 0
46 57 0
46 59 0
48 49 0
48 50 0
48 52 0
49 50 0
49 52 0
50 52 0
55 59 0
56 57 0
58 59 0
