58 103
1
1
1
1
1
1
1
2
1
1
1
1
1
1
1
1
1
1
1
1
1
1
1
1
1
1
1
1
1
1
1
1
1
1
1
1
1
1
1
4
3
3
3
3
3
3
3
3
3
3
3
3
3
3
3
3
3
3
0 40 8
0 41 8
0 42 8
0 57 8
0 39 8
1 2 5
1 42 8
2 3 3
2 5 6
3 4 3
3 5 3
4 8 1
4 6 5
5 9 2
5 10 2
6 8 4
6 7 5
7 8 1
7 12 2
8 12 3
9 40 8
9 10 4
10 11 4
11 43 8
12 44 8
13 45 8
13 14 4
13 16 6
13 54 8
13 55 8
13 56 8
14 16 2
14 55 8
14 54 8
14 15 4
15 18 6
15 19 2
16 17 4
16 54 8
16 55 8
17 21 4
17 22 2
18 51 8
18 19 4
19 20 4
20 53 8
21 22 6
21 47 8
22 23 4
23 24 4
23 25 2
24 25 6
24 50 8
25 26 4
26 27 4
26 28 2
27 28 6
27 46 8
28 29 4
29 30 3
29 31 5
30 49 8
30 31 2
31 32 4
32 33 3
32 34 3
33 48 8
33 34 6
34 52 8
35 46 8
35 47 8
35 50 8
35 53 8
35 54 8
35 55 8
36 56 8
36 51 8
36 45 8
37 41 8
37 43 8
37 57 8
38 48 8
38 49 8
38 44 8
38 52 8
39 41 0
39 57 0
40 42 0
41 57 0
41 43 0
45 56 0
45 51 0
46 50 0
46 54 0
46 47 0
47 50 0
47 54 0
48 52 0
48 49 0
49 52 0
50 54 0
53 55 0
54 55 0
