37 59
1
1
1
1
1
1
1
1
1
1
1
1
1
1
1
2
1
1
1
1
1
1
1
4
3
3
3
3
3
3
3
3
3
3
3
3
3
0 24 8
0 1 3
0 2 5
0 30 8
1 25 8
1 2 2
2 3 2
2 4 3
3 4 4
3 4 5
5 8 5
5 26 8
5 6 3
6 8 2
6 7 3
7 27 8
8 9 2
8 10 3
8 35 8
9 10 5
9 10 3
9 35 8
10 35 8
11 28 8
11 34 8
11 12 4
11 31 8
12 29 8
13 24 8
13 14 4
13 15 2
14 16 2
14 25 8
14 15 6
14 15 4
15 16 2
15 25 8
16 17 4
16 25 8
17 30 8
18 28 8
18 31 8
19 33 8
19 34 8
20 33 8
20 21 4
21 35 8
22 32 8
22 36 8
22 23 8
23 32 0
24 30 0
26 27 0
28 34 0
28 31 0
29 32 0
29 36 0
31 34 0
32 36 0
