44 67
2
1
1
1
1
1
1
2
1
1
1
1
1
2
1
1
1
1
1
1
1
1
1
1
4
3
3
3
3
3
3
3
3
3
3
3
3
3
3
3
3
3
3
3
0 25 8
0 26 8
1 25 8
1 2 3
1 4 5
1 26 8
2 3 3
2 4 2
3 35 8
3 28 8
4 27 8
5 29 8
5 6 3
6 34 8
6 30 8
7 32 8
7 31 8
8 32 8
8 9 3
8 31 8
9 33 8
10 34 8
10 11 2
10 12 3
11 35 8
11 12 5
12 13 4
13 28 8
14 16 4
14 36 8
14 15 2
15 16 2
15 33 8
15 38 8
16 37 8
17 29 8
17 30 8
17 39 8
18 40 8
18 42 8
18 19 3
19 36 8
19 37 8
19 38 8
20 42 8
20 21 2
20 22 5
21 40 8
21 22 3
22 39 8
23 24 8
23 41 8
23 43 8
24 43 0
25 26 0
27 41 0
27 43 0
28 35 0
29 39 0
30 34 0
31 32 0
33 38 0
36 37 0
36 38 0
37 38 0
40 42 0
41 43 0
