64 90
0 15 1
0 0 2
1 23 1
1 23 2
1 33 1
2 34 1
3 42 1
3 53 1
3 3 2
4 35 1
5 51 1
5 60 1
5 61 1
6 28 1
6 11 1
6 45 1
7 49 1
7 49 1
7 33 1
8 25 1
8 63 1
9 34 1
9 22 1
9 54 1
10 16 1
10 33 1
10 55 1
11 15 1
11 28 1
11 28 1
12 55 1
12 50 1
12 36 1
13 56 1
13 24 1
13 24 1
14 62 1
14 29 1
14 29 1
14 44 1
15 52 1
16 47 1
16 19 1
17 34 1
17 17 2
18 59 1
18 23 1
18 61 1
19 21 4
20 41 1
22 31 1
22 57 1
24 53 1
25 41 1
25 37 1
26 53 1
26 35 1
26 35 1
27 30 1
27 30 1
27 32 1
27 32 1
29 62 1
30 56 1
30 56 1
31 46 1
31 46 1
31 44 1
36 40 1
37 37 2
38 52 1
38 47 1
38 43 1
39 49 1
40 58 1
40 58 1
40 58 1
41 50 1
42 50 1
42 55 1
43 43 2
44 63 1
47 47 2
48 52 1
48 48 2
51 61 1
51 61 1
54 54 2
57 57 2
62 63 1
