63 83
0 57 1
1 7 1
1 58 1
1 21 1
2 9 1
2 31 1
2 6 2
3 56 1
3 24 2
3 24 1
4 29 1
4 39 2
4 39 1
5 19 1
5 33 1
5 59 1
6 37 1
6 9 1
7 17 1
7 36 1
8 55 1
8 55 1
8 27 1
8 27 1
9 28 1
10 53 1
10 20 2
10 20 1
11 57 1
11 22 1
11 22 1
11 22 1
12 56 1
12 45 1
12 45 1
13 52 1
13 52 1
14 19 1
15 42 1
15 47 1
15 54 1
16 42 1
16 46 1
16 23 1
17 32 1
17 41 1
18 59 1
19 38 1
19 26 1
20 24 1
21 53 1
22 49 1
23 52 1
23 23 2
25 34 4
25 41 1
26 35 1
26 27 1
27 60 1
29 62 1
29 62 1
29 62 1
30 48 1
31 51 2
31 51 1
32 47 1
32 38 1
36 36 2
37 47 1
38 43 1
39 52 1
40 40 2
40 57 1
40 41 1
42 44 1
45 50 1
48 50 1
48 51 1
50 56 1
50 56 1
53 53 2
58 58 2
59 61 1
