49 67
0 0 2
0 42 1
1 1 2
1 25 1
2 30 1
3 35 1
3 39 1
3 10 1
4 46 1
4 46 1
4 46 1
5 41 1
5 7 1
5 17 1
6 41 1
6 6 2
7 7 2
8 20 1
8 29 1
9 36 1
10 45 1
10 16 1
11 12 1
11 11 2
12 24 1
12 25 1
13 27 1
13 27 1
13 27 1
13 33 1
14 29 1
14 44 1
14 48 1
14 48 1
15 23 1
15 44 1
15 28 1
16 31 1
16 42 1
17 47 1
17 42 1
18 27 4
19 19 2
19 39 1
20 38 2
20 22 1
21 22 1
22 38 1
24 26 1
24 40 1
25 43 1
26 36 1
26 36 1
28 30 1
28 32 1
29 44 1
30 34 1
31 31 2
33 34 1
33 40 1
34 40 1
35 35 2
37 48 1
38 41 1
39 46 1
45 45 2
47 47 2
