64 83
0 51 1
0 51 1
1 18 1
2 14 1
2 22 1
2 15 1
2 15 1
3 5 1
3 32 1
3 35 1
4 56 1
4 56 1
4 56 1
5 39 1
5 34 1
6 21 1
7 13 4
8 8 2
8 8 2
8 31 1
9 17 1
9 26 1
9 26 1
9 26 1
10 45 1
10 30 1
10 41 1
11 61 1
11 48 1
11 44 1
12 46 1
12 21 1
12 13 1
14 60 1
14 63 1
14 63 1
15 39 1
16 21 1
16 42 1
16 18 1
17 22 1
17 19 1
18 56 1
20 37 1
20 48 1
20 40 1
23 27 1
23 30 1
23 57 1
24 24 2
24 48 1
25 39 1
27 27 2
28 61 1
29 37 1
30 37 1
31 49 1
32 55 1
32 57 1
33 50 1
33 50 1
33 49 1
36 47 1
38 60 1
40 40 2
43 55 1
43 62 1
43 57 1
44 58 1
44 58 1
44 58 1
46 46 2
46 51 1
47 60 1
47 60 1
47 51 1
47 53 1
50 61 1
52 59 1
54 62 1
55 57 1
59 59 2
59 62 1
