58 81
0 47 1
0 47 1
0 47 1
0 56 1
1 35 1
1 35 1
1 23 1
2 2 2
2 56 1
3 21 1
3 3 2
4 53 1
4 46 1
4 31 1
5 17 1
5 5 2
6 36 1
6 36 1
6 56 1
6 52 1
7 33 1
7 48 1
7 48 1
8 20 1
9 44 1
9 55 1
9 15 1
10 50 1
10 50 1
10 26 1
11 11 2
11 25 1
12 24 1
13 40 1
13 22 1
13 20 1
14 26 1
14 26 1
14 52 1
15 49 1
15 37 1
16 53 1
16 53 1
16 53 1
17 32 1
17 25 1
18 55 1
18 55 1
18 55 1
19 39 1
19 39 1
19 35 1
19 38 1
20 32 1
21 37 1
21 28 1
22 42 1
22 41 1
23 48 1
24 28 1
24 57 1
25 50 1
27 32 1
28 46 1
29 55 4
30 37 1
30 30 2
31 31 2
34 36 1
38 51 1
38 51 1
38 51 1
42 45 1
42 45 1
42 45 1
43 43 2
43 46 1
45 48 1
52 57 1
54 54 2
54 57 1
