53 66
0 10 1
1 6 1
1 41 1
1 10 1
2 26 1
2 36 1
2 36 1
2 36 1
3 48 1
3 20 1
3 14 1
4 30 1
4 30 1
5 22 1
5 22 1
7 28 4
8 19 1
8 25 1
8 25 1
9 30 1
9 23 1
9 34 1
10 39 1
11 46 1
11 11 2
12 42 1
12 51 1
13 49 1
14 28 1
14 37 1
15 25 1
15 21 1
16 37 1
17 24 1
18 42 1
18 27 1
18 27 1
19 19 2
21 31 1
21 31 1
22 46 1
22 24 1
24 50 1
26 39 1
26 31 1
26 31 1
27 50 1
29 48 1
29 32 1
29 52 1
30 46 1
32 38 1
32 33 1
33 47 1
33 41 1
34 40 1
34 37 1
35 41 1
39 43 1
42 45 1
42 45 1
42 45 1
44 48 1
49 50 1
49 50 1
52 52 2
