99 119
0 57 1
0 61 1
0 95 1
1 32 1
1 84 1
2 92 1
3 81 1
3 33 1
3 72 1
4 11 1
4 49 1
4 62 1
5 49 1
5 43 1
6 66 1
6 32 1
6 70 1
7 72 1
8 62 1
9 81 1
10 25 1
10 93 1
11 80 1
12 87 1
12 69 1
12 65 1
13 47 1
14 91 1
14 41 1
15 98 1
15 38 1
15 38 1
16 89 1
16 64 1
16 50 1
17 28 1
17 48 1
17 78 1
18 30 1
18 22 1
18 29 1
19 66 1
20 74 1
20 68 1
21 32 1
21 53 1
21 82 1
22 87 1
23 94 1
23 94 1
23 77 1
23 77 1
24 46 1
24 63 1
24 86 1
25 92 1
25 47 1
26 26 2
26 86 1
27 52 1
27 37 1
28 35 1
28 75 1
29 78 1
30 67 1
31 54 1
31 89 1
31 82 1
34 96 1
35 70 1
35 96 1
36 68 1
36 64 1
37 71 1
37 55 1
38 41 1
39 87 1
39 72 1
40 57 1
40 42 1
40 54 1
41 80 1
42 53 1
42 80 1
43 61 1
43 97 1
44 69 1
44 79 1
45 52 1
46 81 1
47 91 1
48 50 1
48 67 1
50 70 1
51 88 1
51 84 1
52 56 1
55 86 1
56 58 1
56 73 1
57 62 1
58 96 1
58 76 1
59 83 1
59 79 1
60 79 1
61 68 1
63 78 1
64 94 1
65 65 2
67 74 1
69 74 1
71 76 1
75 76 1
83 83 2
84 92 1
85 88 4
90 97 1
95 95 2
