200 268
0 98 1
1 133 1
1 78 1
1 78 1
2 105 1
2 148 1
3 33 1
3 193 1
3 99 1
3 99 1
4 125 1
4 97 1
5 103 1
5 18 1
5 149 1
6 23 1
6 6 2
7 50 1
7 119 1
7 119 1
7 119 1
8 183 1
9 71 1
9 160 1
9 125 1
10 75 1
10 116 1
10 16 1
11 151 1
11 123 1
11 108 1
12 55 1
13 29 1
13 25 1
13 170 1
14 113 1
14 188 1
15 46 1
15 15 2
15 36 1
17 152 1
17 171 1
17 163 1
18 30 1
18 30 1
19 19 2
19 21 1
20 159 1
20 159 1
20 137 1
21 195 1
21 162 1
22 185 1
22 53 1
22 142 1
23 128 1
23 115 1
24 46 1
26 27 1
26 53 1
26 53 1
26 53 1
27 65 1
27 112 1
28 102 1
28 105 1
28 31 1
28 31 1
29 93 1
29 165 1
30 127 1
30 127 1
31 102 1
31 35 1
32 187 1
32 60 1
32 81 1
33 193 1
33 191 1
34 168 1
34 168 1
35 169 1
35 90 1
36 46 1
36 93 1
37 182 1
38 140 1
38 160 1
38 73 1
39 156 1
39 194 1
39 180 1
40 159 1
40 137 1
40 95 1
41 120 1
41 134 1
41 134 1
42 119 1
42 148 1
42 61 1
43 177 1
43 43 2
44 51 1
45 108 1
45 45 2
47 143 1
47 80 1
47 184 1
48 172 1
48 172 1
49 60 1
49 81 1
49 137 1
50 189 1
50 63 1
50 63 1
51 117 1
51 183 1
52 108 1
52 191 1
52 191 1
52 82 1
54 135 1
54 58 1
54 186 1
55 104 1
55 165 1
56 178 1
56 69 1
56 173 1
57 76 1
57 171 1
57 61 1
58 147 1
58 113 1
59 181 1
59 95 1
59 131 1
60 118 1
61 141 1
62 120 1
62 92 1
62 170 1
63 88 1
64 156 1
65 85 1
66 122 1
66 109 1
66 72 1
67 67 2
67 111 1
68 86 1
68 105 1
69 74 1
69 173 1
70 89 1
70 172 1
70 111 1
71 71 2
72 151 1
73 124 1
73 138 1
74 178 1
74 178 1
76 114 1
76 179 1
77 153 1
77 153 1
77 161 1
78 150 1
79 86 1
79 175 4
80 145 2
80 145 1
81 199 1
82 132 1
82 92 1
83 151 1
84 140 1
84 84 2
85 122 1
85 122 1
86 186 1
87 98 1
88 189 1
88 189 1
89 132 1
89 167 1
90 102 1
90 169 1
91 94 1
91 94 1
91 154 1
92 93 1
94 97 1
95 188 1
96 139 1
96 157 1
96 97 1
98 126 1
100 100 2
100 190 1
101 106 1
103 174 1
103 156 1
104 130 1
104 165 1
106 123 1
106 112 1
107 128 1
107 107 2
110 177 1
110 162 1
110 170 1
111 183 1
112 149 1
113 192 1
115 143 1
115 158 1
116 133 1
116 182 1
118 187 1
118 187 1
120 134 1
121 181 1
121 181 1
121 164 1
124 138 1
124 179 1
125 152 1
126 176 1
126 149 1
127 196 1
127 196 1
128 150 1
129 130 1
130 179 1
131 181 1
132 177 1
133 176 1
135 135 2
136 186 1
140 143 1
144 166 1
145 145 2
146 184 1
147 166 1
147 166 1
147 161 1
148 154 1
150 196 1
152 163 1
153 169 1
154 199 1
155 197 1
155 198 1
155 184 1
160 182 1
162 168 1
163 171 1
164 164 2
167 167 2
173 194 1
174 174 2
180 195 1
182 190 1
188 199 1
