62 88
0 59 1
0 26 1
0 23 1
1 55 1
1 37 1
1 61 1
2 11 1
2 22 1
2 50 1
3 30 1
3 31 1
3 4 1
3 4 1
3 4 1
3 54 1
4 30 1
4 30 1
4 30 1
4 31 1
5 19 1
5 36 1
5 36 1
5 54 1
6 40 1
6 40 1
6 31 1
7 7 2
7 18 1
8 47 1
8 16 1
8 35 1
9 11 4
10 55 1
10 55 1
10 13 1
11 11 2
11 43 1
12 42 1
13 56 1
13 16 1
14 44 1
14 44 1
14 44 1
14 18 1
15 34 1
15 43 1
15 29 1
16 49 1
17 23 1
18 32 1
19 58 1
20 21 1
20 57 1
21 26 1
22 30 1
22 25 1
23 34 1
24 58 1
24 58 1
24 27 1
25 50 1
25 50 1
26 39 1
27 38 1
27 38 1
27 38 1
28 34 1
28 34 1
29 51 1
29 46 1
30 40 1
30 31 1
32 41 1
32 41 1
32 53 1
33 33 2
33 51 1
35 35 2
36 54 1
37 42 1
37 45 1
42 52 1
46 61 1
48 48 2
48 53 1
51 53 1
59 59 2
60 61 1
