54 73
0 39 1
1 45 1
1 21 1
1 4 1
2 12 1
3 47 1
3 3 2
4 4 2
5 15 1
5 31 1
5 20 1
6 28 1
6 28 1
6 32 1
6 32 1
7 15 1
7 16 1
7 33 1
8 31 1
8 28 1
8 28 1
9 40 1
9 40 1
9 47 1
9 47 1
10 33 1
10 33 1
10 33 1
11 27 1
11 18 1
11 42 1
12 52 1
12 34 1
13 39 1
13 39 1
13 48 1
13 48 1
14 39 1
14 24 1
14 50 1
15 43 1
16 37 1
17 32 1
17 17 2
18 30 1
18 36 1
19 49 1
19 19 2
19 35 1
20 47 1
22 43 1
23 53 1
24 24 2
25 43 4
26 45 1
26 45 1
26 45 1
26 52 1
29 41 1
31 34 1
32 35 1
35 35 2
36 53 1
36 46 1
36 46 1
37 51 1
38 38 2
38 52 1
40 41 1
41 53 1
44 49 1
44 50 2
44 50 1
