71 102
0 63 3
1 1 2
1 42 1
2 59 1
2 2 2
2 62 3
2 49 3
2 50 1
2 37 3
3 63 3
4 31 3
5 51 3
5 17 3
5 48 3
6 46 1
6 56 1
6 13 1
7 63 3
8 25 3
9 45 3
9 63 3
9 26 3
10 25 4
11 42 1
11 47 1
11 54 1
12 16 1
12 12 2
12 38 3
12 41 3
13 44 1
13 62 1
14 63 3
15 36 1
15 58 1
15 54 1
16 40 1
16 66 1
18 23 3
19 55 3
19 59 1
20 20 2
20 52 1
21 65 1
21 42 1
21 33 1
22 34 1
22 26 1
22 70 1
23 27 3
23 23 2
23 64 3
23 61 3
23 31 1
23 53 3
23 70 1
24 63 3
25 59 1
28 65 1
28 28 2
29 40 1
29 43 1
29 52 1
30 66 1
30 30 2
31 31 2
31 50 1
32 43 3
33 33 2
34 52 1
34 63 1
35 70 3
36 69 1
36 69 1
36 69 1
37 37 2
37 37 2
37 62 1
37 62 1
37 62 1
39 39 2
39 54 1
39 54 1
40 68 1
43 43 2
43 60 3
44 44 2
45 70 1
46 57 1
46 57 1
46 57 1
47 47 2
49 49 2
49 62 1
49 62 1
49 62 1
50 50 2
56 56 2
58 58 2
63 67 3
65 66 1
68 68 2
