49 69
0 7 4
0 1 1
1 28 1
1 2 1
2 12 1
2 12 1
3 25 1
3 42 1
3 21 1
4 33 1
4 41 1
4 44 1
4 44 1
5 38 1
5 33 1
5 17 1
5 17 1
6 26 1
6 10 1
6 46 1
8 45 1
8 42 1
8 34 1
9 9 2
9 29 1
9 39 1
10 41 1
10 15 1
11 29 1
11 29 1
11 29 1
12 27 1
13 31 1
14 17 1
14 17 1
15 18 1
15 35 1
16 23 1
19 36 1
20 42 1
20 42 1
20 20 2
21 25 1
21 32 2
22 27 1
22 34 1
23 31 1
23 34 1
24 24 2
24 40 1
24 40 1
24 40 1
25 32 1
27 28 1
28 33 1
30 41 1
30 41 1
31 36 1
32 39 1
32 39 1
35 43 1
35 43 1
36 47 1
37 40 1
37 45 2
37 45 1
47 48 1
47 48 1
47 48 1
