48 66
0 0 2
0 5 1
1 25 2
1 25 1
1 34 1
2 19 1
3 19 1
4 41 1
4 41 1
4 41 1
4 38 1
5 33 1
5 32 1
6 40 1
6 6 2
6 27 4
7 17 1
7 18 1
7 22 1
8 14 1
8 26 1
8 37 1
8 37 1
8 45 1
9 32 1
10 40 1
10 37 1
10 47 1
11 47 1
11 47 1
11 47 1
12 18 1
12 28 1
12 46 1
13 15 1
14 26 1
14 45 1
15 46 1
16 16 2
16 44 1
18 44 1
19 42 1
20 28 1
20 20 2
21 31 1
21 21 2
23 35 1
23 26 1
23 25 1
24 31 1
28 33 1
29 29 2
29 38 1
30 39 1
30 39 1
31 32 1
33 36 1
34 42 2
34 42 1
35 39 1
35 45 1
36 36 2
38 43 1
39 39 2
40 46 1
43 44 1
