41 68
0 33 1
0 33 1
0 17 1
0 1 1
0 1 1
1 13 1
2 25 1
2 25 1
2 23 1
2 23 1
3 24 1
3 24 1
3 7 1
4 26 1
4 26 1
4 13 1
5 20 1
5 20 1
5 20 1
6 16 1
6 16 1
7 21 1
7 16 1
7 18 1
7 18 1
7 18 1
7 18 1
8 11 1
9 23 1
9 27 1
9 31 1
10 38 1
10 38 1
10 10 2
11 40 1
11 27 1
12 29 1
13 39 1
13 39 1
13 39 1
13 36 1
14 16 1
14 22 1
14 19 1
15 37 4
18 29 1
18 29 1
20 23 1
21 32 1
21 32 1
21 32 1
24 33 1
24 33 1
24 33 1
24 32 1
25 28 1
26 38 1
26 30 1
27 37 1
29 36 1
29 36 1
31 31 2
32 33 1
34 38 1
35 40 1
36 39 1
36 39 1
38 40 1
