51 81
0 21 1
1 17 1
1 48 1
1 43 1
2 28 1
2 28 1
2 28 1
2 45 1
2 45 1
2 12 1
2 12 1
3 27 1
3 50 1
4 42 1
4 10 1
5 49 1
5 34 1
5 34 1
5 34 1
6 31 1
6 8 1
6 10 1
7 37 1
7 13 1
7 29 1
8 40 1
8 50 1
8 44 1
9 39 1
9 43 1
10 14 1
11 32 1
12 41 1
12 45 1
12 45 1
12 16 1
13 37 1
13 29 1
15 46 1
16 41 1
16 41 1
18 27 1
18 27 1
18 38 1
18 30 1
18 26 1
19 49 1
19 49 1
19 19 2
19 47 1
20 45 1
20 45 1
20 29 1
20 26 1
20 26 1
21 39 1
21 47 1
22 36 1
23 48 1
24 39 4
25 37 1
26 38 1
26 38 1
27 28 1
27 28 1
27 28 1
27 30 1
29 38 1
30 38 1
30 38 1
30 30 2
32 42 1
32 36 1
33 44 1
35 35 2
35 42 1
36 48 1
36 48 1
43 47 1
46 50 1
46 50 1
