47 66
0 45 1
0 32 1
0 12 1
1 31 3
1 14 1
2 12 1
2 31 3
3 20 1
3 31 3
4 26 1
4 27 1
4 25 1
5 12 1
5 20 1
5 29 1
6 23 1
6 31 3
7 31 3
7 42 1
8 31 3
9 31 3
10 31 3
10 16 1
11 40 1
11 28 1
13 26 1
13 41 1
13 13 2
14 44 1
14 39 1
15 32 1
15 21 1
15 41 1
16 46 1
16 33 1
17 31 3
17 24 4
17 33 1
18 35 1
18 36 1
18 28 1
19 31 3
19 28 1
20 37 1
21 31 3
22 31 3
23 44 1
23 46 1
25 31 3
26 26 2
27 44 1
29 31 3
30 37 1
30 31 3
31 34 3
31 35 3
31 38 3
31 39 3
31 40 3
31 43 3
31 45 3
32 43 1
33 42 1
34 41 1
36 37 1
36 36 2
