59 84
0 7 1
0 36 1
0 25 1
1 39 1
1 6 1
2 24 1
2 24 1
3 5 1
4 20 1
4 5 1
4 44 1
5 51 1
6 32 1
7 14 1
7 35 1
8 26 1
8 9 1
8 43 1
10 15 1
10 15 1
11 26 1
11 47 1
11 54 1
12 17 1
12 34 1
12 20 1
13 20 1
15 46 1
15 58 1
16 18 1
16 18 1
16 28 4
16 55 1
18 55 1
18 21 1
19 42 1
19 40 1
19 40 1
21 55 1
21 55 1
21 42 1
21 42 1
21 23 1
21 23 1
22 48 1
22 37 1
22 37 1
22 37 1
23 42 1
23 55 1
24 46 1
24 27 1
26 56 1
27 39 1
29 31 1
29 48 1
29 35 1
30 49 1
30 43 1
30 43 1
31 41 2
31 41 1
33 35 1
34 34 2
34 54 1
34 54 1
36 53 1
36 38 1
38 57 1
38 51 1
39 41 1
40 42 1
40 50 1
42 50 1
43 43 2
45 51 1
46 46 2
48 48 2
49 52 1
49 52 1
49 52 1
50 58 1
50 58 1
52 52 2
