81 118
0 42 1
0 42 1
0 18 1
0 18 1
1 51 1
1 30 1
1 26 1
2 39 1
2 36 1
2 50 1
3 41 1
3 41 1
3 75 1
4 54 1
4 54 1
4 54 1
4 58 1
4 71 1
4 71 1
5 53 1
5 5 2
6 35 1
6 15 1
6 77 1
7 56 1
7 66 1
7 66 1
8 45 1
8 45 1
8 17 1
8 17 1
9 16 1
10 35 1
10 35 1
10 77 1
11 57 1
11 57 1
12 70 1
12 72 1
12 72 1
13 54 1
13 54 1
13 27 1
13 71 1
13 71 1
14 78 1
14 78 1
14 78 1
15 36 1
15 29 1
16 39 1
16 80 1
18 33 1
19 55 1
19 55 1
19 63 1
20 56 1
20 56 1
20 79 1
21 36 1
22 28 1
22 64 1
22 26 1
23 49 1
24 70 1
24 70 1
25 42 1
25 42 1
25 55 1
25 52 1
26 34 1
27 31 1
27 69 1
31 31 2
32 62 1
33 43 1
37 48 2
37 48 1
37 57 1
38 60 4
39 60 1
40 64 1
41 69 1
43 53 1
43 76 1
44 47 1
44 52 1
44 45 1
45 46 1
45 46 1
47 47 2
48 62 1
49 61 1
49 78 1
51 69 1
51 51 2
53 67 1
54 54 2
54 71 1
55 63 1
57 63 1
58 72 1
59 79 1
61 74 1
61 74 1
62 79 1
64 74 1
65 73 1
65 80 1
65 80 2
66 70 1
67 73 1
67 73 1
67 73 1
68 68 2
68 76 1
74 74 2
76 77 1
