45 67
0 0 2
0 5 4
0 30 1
1 7 1
1 11 3
2 36 3
2 19 1
2 11 3
3 33 3
4 31 1
4 33 1
4 15 1
6 16 3
6 8 1
7 42 1
7 8 1
8 31 1
9 42 1
9 42 1
10 29 1
10 40 1
10 40 1
11 25 3
11 24 3
11 32 3
11 15 3
11 20 1
11 21 3
12 23 1
12 15 3
13 28 1
13 28 1
14 35 1
14 19 1
15 38 3
15 39 3
15 41 3
16 28 1
16 16 2
16 33 3
16 20 1
17 41 1
17 30 1
17 40 1
18 26 1
18 19 1
18 44 1
20 22 1
22 23 1
22 39 1
23 29 1
24 43 1
25 26 1
26 37 1
27 40 1
27 27 2
28 30 1
29 38 1
31 31 2
32 43 1
33 34 3
35 42 1
35 42 1
37 43 1
37 43 1
37 43 1
44 44 2
