60 78
0 27 1
0 27 1
0 49 1
1 47 1
1 47 1
1 37 1
2 9 1
3 9 1
4 47 1
4 55 1
4 55 1
4 44 1
5 36 1
5 44 1
5 33 1
6 9 1
6 53 1
6 11 1
7 16 1
7 39 1
7 43 1
8 16 1
10 15 1
10 10 2
11 46 1
11 45 1
12 42 1
12 39 1
13 30 1
13 41 1
14 14 2
14 32 1
15 54 1
15 54 1
15 59 1
16 29 1
16 58 1
17 42 1
17 31 1
17 31 1
17 31 1
18 52 1
18 18 2
19 35 1
19 49 1
19 49 1
19 59 1
20 33 1
20 33 1
20 33 1
21 47 4
22 28 1
23 23 2
23 53 1
24 30 1
24 24 2
25 51 1
26 51 1
26 51 1
26 41 1
27 51 1
28 52 1
29 56 1
29 53 1
30 33 1
32 57 1
32 57 1
34 42 1
36 36 2
37 38 1
37 38 1
39 57 1
40 41 1
44 48 1
50 56 1
50 56 1
52 58 1
54 56 1
