86 119
0 0 2
0 62 1
0 62 1
0 7 1
1 74 1
1 1 2
2 31 1
3 32 1
3 66 1
3 82 1
4 4 2
4 33 1
5 13 1
6 51 1
6 51 1
6 30 1
7 44 1
7 65 1
8 51 1
8 40 1
8 67 1
9 51 1
9 43 1
10 77 1
10 75 1
10 75 1
11 79 1
11 52 1
11 69 1
12 46 2
12 46 1
12 77 1
13 22 1
13 55 1
13 55 1
14 25 1
15 61 1
15 61 1
16 57 1
16 32 1
16 73 1
17 59 1
18 72 1
19 29 1
19 37 1
19 43 1
20 27 1
20 62 1
21 35 1
22 67 1
22 78 1
23 84 1
23 82 1
23 82 1
24 56 1
24 49 1
25 46 1
25 53 1
26 52 1
28 58 1
29 74 1
29 85 1
31 68 1
31 68 1
32 36 1
32 36 1
33 58 1
33 64 1
34 63 1
34 63 1
34 63 1
35 73 1
35 70 1
36 36 2
37 37 2
38 73 1
38 38 2
39 75 1
39 59 1
39 59 1
40 42 1
40 42 1
41 53 1
41 53 1
42 81 1
43 45 1
44 55 1
45 45 2
47 79 1
48 48 2
48 76 4
48 50 1
49 60 1
49 71 2
50 68 1
50 53 1
52 58 1
54 77 1
54 77 1
56 61 1
56 61 1
57 57 2
59 61 1
60 81 2
60 71 1
63 68 1
64 83 1
64 83 1
64 83 1
67 79 1
69 69 2
70 70 2
71 81 1
72 84 1
72 74 1
78 78 2
80 84 1
80 80 2
85 85 2
