43 66
0 14 3
0 32 1
0 35 1
0 27 1
0 27 1
0 36 1
0 36 1
1 15 1
1 15 1
1 40 1
2 21 1
2 29 3
3 11 1
3 26 1
3 42 1
4 29 3
4 40 1
5 12 1
5 12 2
5 39 1
6 38 1
6 13 1
6 13 1
6 13 1
7 14 3
8 19 3
9 34 1
9 29 3
10 14 3
11 29 3
12 20 1
12 22 4
14 23 3
14 35 3
14 36 3
14 29 3
14 26 1
14 37 3
14 18 3
14 30 3
14 17 3
14 31 3
15 28 1
15 40 1
16 24 1
16 29 3
17 32 1
19 21 1
19 29 3
19 41 3
20 38 1
20 38 1
21 34 1
24 33 1
24 33 1
24 26 1
25 25 2
25 42 1
27 35 1
27 35 1
27 36 1
28 33 1
32 39 1
34 42 1
36 36 2
38 39 1
