69 100
0 64 1
0 62 1
0 62 2
1 14 1
1 15 1
1 53 1
1 53 1
2 67 1
3 63 1
3 8 1
3 55 1
4 19 1
4 19 1
4 60 1
4 41 1
5 40 1
5 17 1
5 17 1
6 58 1
6 12 1
6 32 1
6 32 1
7 7 2
7 37 1
7 37 1
7 37 1
7 38 1
8 8 2
9 11 1
10 44 1
11 56 1
11 44 1
12 23 1
12 20 1
13 16 1
13 42 1
13 32 1
14 46 1
14 46 1
14 29 1
14 29 1
15 34 1
15 65 1
16 64 1
16 27 1
16 57 1
17 17 2
18 29 1
18 37 1
19 30 4
20 68 1
20 50 1
20 50 1
21 67 1
22 55 2
24 57 1
24 36 1
24 36 1
24 36 1
25 66 1
25 25 2
26 41 1
26 41 1
27 49 1
27 54 1
28 63 1
28 63 1
28 28 2
28 44 1
31 64 1
32 35 1
33 33 2
33 48 1
33 48 1
34 52 1
34 59 1
37 45 1
37 38 1
37 38 1
38 38 2
38 38 2
39 47 1
40 48 1
40 62 1
41 66 1
43 68 1
45 45 2
47 56 1
47 68 1
47 68 1
48 48 2
51 51 2
51 57 1
51 57 1
52 66 1
52 61 1
55 55 2
56 60 1
60 67 1
61 61 2
