63 81
0 26 1
0 21 1
0 21 1
1 58 1
1 54 2
1 54 1
2 10 1
3 59 1
3 40 1
3 40 1
4 48 1
5 61 1
5 52 1
5 42 1
6 30 1
7 14 1
8 29 1
8 19 1
9 13 1
9 22 1
9 22 1
10 22 1
10 35 1
11 32 1
12 55 1
12 16 1
12 53 1
13 62 1
13 38 1
14 30 1
14 19 1
15 17 1
15 49 1
15 35 1
16 60 1
16 60 1
17 57 1
17 31 1
18 24 1
18 46 1
18 51 1
18 51 1
19 56 1
19 56 1
20 34 4
20 48 1
21 41 1
22 40 1
23 36 1
24 51 1
24 27 1
25 56 1
27 57 1
27 39 1
27 39 1
28 35 1
28 36 1
28 36 1
29 58 1
29 50 1
30 48 1
31 31 2
32 47 1
32 47 1
32 47 1
33 53 1
37 47 1
37 43 1
37 43 1
37 53 1
38 41 1
38 41 2
39 46 1
43 44 1
45 58 1
45 58 1
46 55 1
49 49 2
52 57 1
52 54 1
55 60 1
