53 79
0 19 1
0 29 1
0 29 1
1 18 1
1 18 1
1 52 1
2 2 2
2 37 1
3 32 1
3 32 1
3 24 1
3 24 1
4 48 1
4 16 1
4 16 1
4 15 1
5 13 1
5 24 1
5 44 1
6 18 1
6 18 1
6 11 1
7 17 1
7 17 1
8 44 1
8 20 1
8 20 1
9 11 1
9 11 1
9 22 1
10 13 1
10 37 1
10 28 1
11 43 1
12 34 1
12 45 1
12 45 1
13 49 1
14 47 1
15 40 1
15 16 1
17 47 1
17 19 1
18 52 1
19 50 1
20 23 1
21 38 1
21 38 1
21 39 1
21 39 1
22 27 4
23 40 1
23 44 1
25 25 2
25 46 1
26 41 1
29 47 1
30 30 2
30 50 1
31 41 1
31 41 1
31 33 1
32 42 1
32 42 1
33 43 1
33 43 1
34 45 1
34 43 1
35 43 1
36 49 1
36 49 1
36 52 1
37 46 1
38 51 1
38 51 1
39 42 1
40 40 2
46 50 1
51 51 2
