54 74
0 0 2
0 32 1
1 40 1
1 40 1
2 9 1
2 12 1
2 29 1
3 22 1
3 22 1
3 27 1
4 31 1
4 32 1
4 39 1
5 49 1
5 49 1
6 8 1
6 8 1
6 8 1
6 45 1
7 19 1
8 45 1
8 34 1
10 26 1
11 19 1
12 43 1
12 28 1
13 25 2
13 25 1
13 49 1
14 20 1
14 53 2
14 53 1
15 30 1
15 24 1
15 24 1
15 24 1
16 37 1
17 42 1
17 50 1
17 48 1
18 37 1
19 25 1
20 36 1
20 34 1
21 22 1
21 52 1
21 52 1
23 41 4
26 37 1
26 51 1
27 32 1
27 51 1
29 33 1
29 38 1
30 31 1
30 31 1
34 35 1
34 45 1
34 45 1
38 39 1
38 39 1
39 39 2
40 44 1
40 48 1
41 50 1
43 50 1
43 47 1
43 47 1
44 44 2
44 53 1
45 45 2
46 48 1
49 52 1
52 52 2
