54 75
0 43 1
1 14 1
1 14 1
1 14 1
2 17 1
3 52 1
3 38 1
3 13 1
3 13 1
4 9 1
4 20 1
4 20 1
4 19 1
5 25 1
5 15 1
6 36 1
6 6 2
7 17 1
7 8 1
7 39 1
9 19 1
9 46 1
10 29 4
10 37 1
11 40 1
11 11 2
12 48 1
12 18 1
12 21 1
14 39 1
15 15 2
16 16 2
16 27 1
16 32 1
17 44 1
18 35 1
18 35 1
18 35 1
19 28 1
21 21 2
22 28 1
22 28 2
23 34 1
23 48 1
23 50 1
24 51 1
25 38 1
25 49 1
26 51 1
27 46 1
27 46 1
30 31 1
31 43 1
31 43 1
32 40 1
32 41 1
33 47 1
33 47 1
33 45 1
33 33 2
33 33 2
36 44 1
36 44 1
36 37 1
37 53 1
38 52 1
39 42 1
40 52 1
41 47 1
41 42 1
42 53 1
43 48 1
49 49 2
50 53 1
50 51 1
