84 109
0 37 1
0 54 1
0 51 1
1 53 1
1 53 1
2 73 1
2 13 1
2 45 1
3 26 1
3 49 1
3 76 1
4 41 1
4 15 1
4 17 1
5 26 1
5 48 1
5 48 1
6 67 1
7 7 2
7 15 1
7 17 1
8 52 1
8 21 1
8 21 1
8 43 1
9 19 1
9 23 1
9 76 1
10 29 1
11 24 1
11 16 1
11 71 1
12 12 2
12 27 2
12 27 1
14 61 1
14 50 1
15 39 1
16 62 1
16 63 1
17 30 1
17 30 1
18 58 1
18 58 1
18 58 1
20 77 1
21 52 1
22 22 2
22 23 1
23 41 1
24 36 1
24 58 1
25 53 1
25 67 1
25 56 1
26 72 1
27 79 1
28 31 4
29 59 1
29 47 1
29 38 1
31 66 1
32 76 1
33 61 1
34 68 1
34 68 2
34 83 1
35 65 1
35 48 1
35 82 1
37 65 1
37 54 1
38 59 1
38 59 1
38 40 1
41 42 1
44 70 1
44 63 1
44 64 1
45 47 1
45 47 1
45 45 2
46 66 1
49 69 1
49 69 1
49 69 1
50 81 1
50 81 1
51 55 1
52 82 1
53 77 1
54 57 1
55 77 1
55 63 1
56 56 2
57 79 1
57 67 1
60 75 1
61 75 1
65 79 1
66 74 1
68 72 1
72 74 1
72 82 1
73 78 1
73 74 1
75 80 1
81 83 1
81 83 1
