74 109
0 22 1
0 43 1
0 8 1
1 13 1
1 13 1
1 11 1
2 62 1
2 62 1
3 3 2
3 11 1
4 28 1
4 28 1
4 28 1
4 35 1
4 35 1
5 47 3
5 33 1
6 20 1
6 37 1
6 37 1
7 45 1
7 53 1
7 15 1
8 35 1
8 35 1
9 18 1
9 63 1
10 12 1
10 12 1
10 65 1
11 49 1
12 23 1
12 58 3
12 45 3
12 54 3
13 50 1
14 57 4
15 59 3
16 53 1
16 54 1
16 46 1
17 59 3
17 46 1
18 61 1
18 59 1
19 57 1
19 62 1
19 25 1
20 68 1
20 48 1
21 42 1
21 42 1
21 42 1
21 39 1
22 47 3
23 30 1
24 48 1
24 63 1
24 70 1
25 54 3
26 31 3
27 73 1
27 43 1
29 40 1
29 73 1
29 73 1
30 56 1
30 72 1
31 47 3
31 71 3
31 64 3
31 67 1
31 39 3
32 33 1
32 37 1
32 55 1
33 67 1
34 61 1
34 61 1
34 61 1
36 60 1
36 41 3
38 47 3
38 48 1
40 47 3
41 46 1
42 62 1
43 51 1
44 44 2
44 50 1
47 59 3
47 69 1
49 60 1
49 49 2
50 73 1
51 51 2
52 56 1
52 69 1
52 69 1
53 58 1
55 60 1
55 67 1
56 69 1
57 65 2
63 66 1
66 70 1
66 70 1
68 68 2
72 72 2
