59 85
0 29 1
0 38 1
0 7 1
1 28 1
1 55 1
1 24 1
2 16 1
2 10 1
2 40 1
3 25 1
3 8 1
3 50 1
4 40 3
4 34 1
5 38 1
5 58 3
6 31 1
6 9 1
7 47 1
7 50 1
8 58 3
9 44 1
9 30 1
10 24 3
11 38 1
11 46 1
11 19 1
12 40 3
13 17 1
13 17 1
13 17 1
13 13 2
14 37 1
14 56 1
14 27 1
15 40 3
15 55 1
16 23 4
16 24 3
17 44 1
18 49 3
18 35 3
18 22 1
18 26 3
18 33 3
18 45 3
19 49 1
19 45 1
20 43 1
20 40 3
21 52 1
21 34 1
21 55 1
22 27 1
24 40 3
25 30 3
25 58 3
26 46 1
27 53 1
28 31 1
28 39 1
29 58 3
31 57 1
32 40 3
32 36 1
33 35 1
33 47 1
33 46 1
34 36 1
36 41 1
37 57 3
39 40 3
40 48 3
40 52 3
40 42 3
41 48 1
41 51 1
41 51 1
42 43 1
43 51 1
44 58 1
50 54 1
53 57 3
54 54 2
56 57 3
