59 79
0 11 1
0 53 1
0 53 1
0 51 1
1 3 1
1 56 1
1 6 1
2 12 1
2 5 1
2 5 1
3 10 1
3 23 1
4 8 1
4 8 1
4 8 1
5 27 1
6 37 1
6 7 1
7 52 1
7 52 2
8 55 1
9 14 1
9 17 1
9 34 1
10 36 1
10 36 1
11 39 3
11 56 3
11 37 3
12 30 1
12 21 1
12 16 1
13 33 1
13 33 1
13 33 1
13 40 1
14 39 3
15 21 3
15 26 3
15 16 3
17 39 3
18 19 3
18 29 3
18 44 3
18 49 3
18 41 3
20 28 4
22 47 3
22 35 3
23 23 2
24 52 1
24 40 1
24 25 1
25 25 2
26 38 1
27 28 1
27 55 1
28 44 3
30 46 1
30 58 1
31 42 3
32 45 2
32 45 1
32 51 1
34 50 1
34 57 1
36 39 1
38 54 1
38 58 1
39 50 3
39 43 3
43 57 1
44 48 3
45 57 1
46 58 1
46 58 1
48 55 1
51 53 1
54 54 2
