59 72
0 56 3
1 56 3
2 33 3
3 3 2
3 28 4
3 54 1
4 12 3
4 41 1
5 26 1
5 29 1
5 41 1
6 56 3
7 33 3
8 25 3
9 9 2
9 57 1
9 57 1
10 29 3
11 42 1
11 52 1
11 52 1
11 34 3
13 27 3
13 51 3
14 33 3
15 55 1
15 17 1
15 17 1
15 17 1
16 56 3
16 54 1
18 29 3
19 37 1
19 50 1
19 41 1
20 55 1
20 58 3
21 58 3
22 56 3
23 51 3
24 24 2
24 25 2
24 25 1
25 33 1
26 45 1
29 36 3
29 29 2
30 56 3
31 43 3
31 47 1
32 35 3
32 48 3
33 43 1
33 43 1
34 47 1
37 37 2
38 53 1
38 46 1
38 54 1
39 50 3
40 56 3
42 56 3
43 53 1
43 44 3
44 49 1
45 55 1
46 56 3
47 49 1
49 57 1
50 50 2
52 53 1
57 57 2
