62 90
0 6 1
0 9 1
0 9 1
1 48 1
2 31 1
2 8 1
2 45 1
3 48 1
3 61 1
3 10 1
4 34 1
4 34 1
4 22 1
4 22 1
5 19 4
6 36 1
6 9 1
7 53 1
7 58 1
7 58 1
7 41 1
7 41 1
8 25 1
8 36 1
9 27 1
10 33 1
10 38 1
11 33 1
11 33 1
11 22 1
11 42 2
12 57 1
12 55 1
12 28 2
13 45 1
13 39 1
13 14 1
14 44 1
14 21 1
15 39 1
16 59 1
16 46 1
16 54 1
17 18 1
17 20 1
17 20 1
17 20 1
17 47 1
17 17 2
18 18 2
18 18 2
18 20 1
19 36 1
20 54 1
21 29 1
21 37 1
21 30 1
23 53 1
23 53 1
24 25 1
25 42 1
26 45 1
26 53 1
26 51 1
28 55 1
28 32 1
29 29 2
29 47 1
29 47 1
30 30 2
32 49 1
32 46 1
34 42 1
35 35 2
35 54 1
38 38 2
39 48 1
40 51 1
40 50 1
40 50 1
40 50 1
41 52 1
43 46 1
43 43 2
45 49 1
49 60 1
51 56 1
52 57 1
55 57 2
59 59 2
