65 96
0 2 1
0 35 1
0 35 1
1 52 1
1 52 1
1 29 1
2 6 1
2 6 1
2 39 1
3 28 1
3 28 1
3 28 1
4 8 1
4 57 1
4 43 1
5 22 1
5 22 1
5 54 1
6 34 1
6 35 1
7 62 1
8 8 2
9 30 1
9 9 2
10 23 4
10 19 1
11 30 1
11 39 1
11 39 1
12 29 1
12 29 1
12 55 1
12 55 1
13 31 1
13 53 1
13 53 1
14 31 1
14 31 1
14 62 1
14 53 1
15 56 1
15 56 1
15 56 1
16 17 1
16 26 1
16 26 1
16 48 1
17 41 1
17 32 1
17 32 1
17 55 1
18 26 1
19 61 1
19 47 1
20 37 1
20 63 1
20 63 1
21 29 1
21 63 1
22 61 1
24 42 1
25 25 2
25 40 1
26 48 1
27 33 1
27 33 1
27 40 1
28 44 1
30 59 1
32 32 2
33 63 1
34 40 1
34 60 1
36 62 1
36 49 1
36 50 1
38 51 1
41 55 1
42 46 1
42 47 1
43 58 1
43 51 1
44 57 1
44 57 2
45 49 1
47 56 1
48 58 1
49 54 1
50 60 1
50 60 1
50 60 1
51 58 1
54 61 1
59 64 1
59 59 2
64 64 2
