111 153
0 85 1
0 48 1
0 29 1
1 27 1
1 1 2
2 26 1
2 86 1
2 83 1
3 53 1
4 5 1
4 12 1
5 28 1
5 100 1
6 57 1
7 17 1
8 19 1
8 19 1
9 17 1
10 101 1
10 46 1
10 46 1
11 25 1
11 90 1
11 90 1
12 32 1
12 44 1
13 73 1
13 36 1
13 36 1
13 80 1
14 51 1
14 94 1
14 94 1
14 105 1
15 67 1
16 95 1
16 16 2
17 92 1
18 91 1
18 40 2
18 40 1
19 53 1
19 53 1
19 45 1
20 54 1
20 54 1
20 54 1
21 23 1
21 23 1
21 88 1
21 56 1
21 61 4
21 21 2
22 102 1
22 106 1
22 104 1
23 71 1
23 88 1
23 95 1
24 64 1
25 107 1
25 77 1
26 41 1
26 38 1
27 37 1
27 31 1
28 57 1
28 81 1
29 51 1
29 38 1
30 63 1
30 87 1
31 68 1
31 68 1
31 98 1
32 32 2
33 46 1
33 46 1
34 67 1
34 52 1
34 62 1
35 51 1
36 73 1
37 47 1
37 55 1
38 70 1
39 39 2
39 62 1
40 91 1
42 89 1
43 43 2
43 99 1
44 74 1
44 66 1
44 66 1
45 45 2
45 99 1
46 72 1
48 84 1
48 97 1
49 74 1
50 91 1
50 82 1
50 55 1
54 100 1
55 89 1
56 88 1
56 88 1
56 88 1
57 87 1
58 73 1
58 98 1
58 60 1
59 97 1
59 97 1
59 97 1
60 76 1
60 79 1
62 71 1
63 83 1
63 72 1
64 109 1
64 92 1
65 74 1
65 74 1
65 78 1
67 109 1
68 69 1
71 108 1
73 98 1
75 100 1
76 79 1
76 79 1
77 91 1
77 93 1
83 90 1
87 103 1
89 96 1
90 90 2
92 105 1
93 93 2
93 93 2
95 99 1
96 96 2
96 104 1
96 104 1
102 102 2
105 110 1
105 110 1
106 106 2
107 107 2
108 108 2
109 109 2
