59 83
0 18 3
1 47 1
1 36 1
1 38 1
1 21 1
2 45 1
2 44 1
2 39 1
3 18 3
4 33 3
5 15 1
5 24 1
5 24 1
5 24 1
6 18 3
7 18 3
8 54 1
8 56 1
8 42 1
9 40 3
9 19 3
9 51 3
10 45 1
10 10 2
10 26 1
10 21 3
11 18 3
12 45 1
12 12 2
13 18 3
14 47 1
14 58 3
15 28 1
15 28 1
15 44 1
16 21 3
16 28 1
17 26 1
17 26 1
17 26 1
17 26 1
17 17 2
17 21 3
18 53 3
18 31 3
18 38 1
18 20 3
18 22 3
18 37 3
18 27 3
18 57 3
18 49 3
19 35 1
21 50 3
21 32 3
21 26 3
21 54 3
21 42 3
21 41 3
23 30 4
23 51 3
23 24 1
25 36 3
26 46 1
26 41 1
29 48 1
29 48 1
29 48 1
32 41 1
33 53 3
33 52 3
33 38 1
34 51 3
35 55 1
35 51 1
39 39 2
40 55 1
41 56 1
43 43 2
43 44 1
46 46 2
47 55 1
48 56 1
