86 91
0 67 3
1 67 3
2 67 3
3 67 3
4 42 3
5 42 3
6 42 3
7 67 3
8 63 1
8 63 1
8 63 1
9 42 3
10 67 3
11 71 3
12 19 3
13 67 3
14 67 3
15 67 3
16 67 3
17 67 3
18 67 3
19 38 3
19 75 3
19 44 1
19 70 3
19 59 3
20 67 3
21 42 1
21 46 1
21 44 1
22 67 3
23 67 3
24 84 1
24 28 1
24 63 1
25 42 3
26 67 3
27 42 3
28 36 1
28 55 1
29 46 3
30 67 3
31 67 3
32 67 3
33 42 3
34 67 3
35 67 3
36 46 3
37 67 3
39 67 3
40 67 3
41 42 3
42 57 3
42 66 3
42 56 3
42 82 3
42 49 3
42 85 3
42 61 3
43 67 3
44 51 1
45 67 3
46 81 3
46 84 3
46 55 3
47 67 3
48 67 3
50 67 3
51 67 1
51 71 1
52 67 3
53 67 3
54 67 3
55 77 1
55 77 1
55 77 1
58 67 3
60 67 3
62 67 3
64 67 3
65 67 3
67 79 3
67 73 3
67 69 3
67 74 3
67 76 3
67 78 3
67 80 3
67 83 3
67 72 3
68 77 4
