72 107
0 23 1
0 25 1
0 49 1
1 67 3
1 60 3
1 52 1
1 52 1
2 44 1
2 44 1
2 28 1
2 59 1
3 60 1
3 22 1
3 29 1
4 15 1
4 15 1
4 38 1
4 32 1
5 5 2
5 38 1
6 14 1
6 44 1
6 16 1
7 64 3
7 55 1
7 71 3
8 59 3
8 69 1
9 23 1
9 23 1
10 68 1
10 33 3
10 63 3
10 61 3
11 56 3
12 50 1
12 20 3
13 67 1
13 57 1
13 48 1
14 21 3
15 15 2
16 53 1
16 18 1
17 33 1
17 33 1
17 33 1
18 56 1
18 57 1
19 56 3
20 66 3
21 53 3
21 59 3
21 28 3
21 31 1
21 58 3
22 34 1
22 29 1
23 51 1
24 24 2
24 36 1
25 59 3
26 40 4
27 50 1
27 48 1
27 45 1
29 68 1
30 34 1
30 30 2
31 37 1
31 37 1
31 69 1
31 49 1
32 46 1
32 36 1
33 43 3
33 65 1
34 57 1
35 37 1
35 52 1
36 39 1
38 38 2
39 51 1
39 54 1
39 70 1
39 70 1
40 70 1
40 70 1
40 54 1
41 42 3
42 55 1
43 68 1
45 64 3
46 46 2
47 51 1
47 58 3
48 66 1
50 55 1
52 65 1
54 58 3
54 70 1
54 70 1
54 54 2
58 70 3
62 62 2
62 69 1
65 65 2
