45 67
0 3 1
0 3 1
0 4 1
0 4 1
1 11 1
1 22 1
1 22 1
1 22 1
2 35 1
3 31 1
3 31 1
4 8 1
4 44 1
5 8 1
5 8 1
5 8 1
5 8 1
5 5 2
6 34 1
6 35 1
6 42 1
7 38 1
7 38 1
7 38 1
8 18 1
9 39 1
9 39 1
9 29 1
10 10 2
10 29 1
11 36 1
11 30 1
12 15 1
12 12 2
12 30 1
13 34 1
13 19 1
13 30 1
14 40 1
15 44 1
15 44 1
16 42 1
17 24 1
17 24 1
17 39 1
17 21 1
18 33 1
18 26 1
19 19 2
20 35 4
21 41 1
21 41 1
23 40 1
25 38 1
25 28 1
25 43 1
27 36 1
28 42 1
28 37 1
32 41 1
32 41 1
32 32 2
33 33 2
34 39 1
36 40 1
37 37 2
43 43 2
