80 102
0 1 1
0 10 1
0 10 1
0 10 1
1 35 1
1 35 1
1 35 1
2 46 1
2 7 1
2 26 1
3 75 1
3 12 1
3 33 1
4 11 1
4 11 1
4 11 1
5 38 1
6 25 1
7 36 1
7 36 1
7 36 1
8 8 2
8 67 1
9 70 1
9 55 1
9 27 1
10 25 1
10 25 1
11 28 1
11 22 4
13 13 2
13 39 1
14 23 1
14 52 1
14 61 1
15 33 1
15 33 1
15 33 1
16 69 1
16 37 1
16 37 1
17 29 1
17 24 1
17 55 1
18 50 1
19 58 1
19 51 1
19 42 1
20 79 1
21 63 1
21 38 1
21 68 1
26 30 1
27 45 1
27 45 1
27 56 1
28 48 1
28 79 1
29 54 1
29 71 1
30 66 1
30 52 1
31 75 1
31 31 2
32 32 2
32 53 1
34 42 1
35 67 1
38 60 1
39 78 1
39 53 1
40 51 1
41 62 1
41 62 1
41 62 1
41 42 1
43 62 1
44 72 1
47 65 1
49 67 1
49 61 1
49 61 2
50 51 1
50 68 1
52 57 1
53 72 1
54 76 1
54 65 1
55 73 1
56 74 1
56 74 1
56 74 1
57 64 1
57 77 1
59 69 1
59 59 2
60 75 1
60 79 1
65 78 1
68 77 1
69 78 1
72 77 1
