48 68
0 36 1
0 36 1
0 36 1
1 1 2
1 38 1
1 16 1
2 39 1
3 26 1
3 26 1
3 45 1
4 25 1
4 4 2
5 29 1
5 29 1
5 42 1
6 10 1
6 20 4
7 44 1
7 7 2
8 27 1
9 26 1
9 18 1
9 21 1
10 25 1
10 46 1
11 26 1
11 40 1
12 30 1
12 39 1
13 43 1
13 41 1
13 41 1
14 33 1
14 33 1
15 44 1
15 15 2
16 42 1
16 34 1
17 32 1
17 47 1
17 22 1
19 24 1
19 24 1
21 27 1
21 46 1
22 38 1
22 47 1
23 30 1
23 30 1
23 34 1
23 34 1
24 35 1
24 36 1
25 33 1
27 37 1
28 32 1
29 42 1
31 40 1
31 40 1
31 40 1
32 47 1
32 47 1
33 44 1
35 35 2
35 39 1
38 46 1
41 43 1
43 47 1
