82 101
0 62 1
0 76 1
0 65 1
1 15 3
2 15 3
3 25 1
3 36 1
3 28 1
4 67 1
4 67 1
4 35 1
5 14 3
6 28 1
6 46 3
7 62 1
7 46 3
8 14 3
9 15 3
10 56 1
10 46 3
11 48 1
11 46 1
11 77 1
12 69 1
12 47 1
12 16 1
13 15 3
14 19 3
14 26 3
14 68 3
14 66 3
14 74 3
14 18 3
14 77 1
14 40 3
15 72 3
15 45 3
15 47 1
15 20 3
15 52 3
15 49 3
15 63 3
15 75 3
15 81 3
15 80 3
15 71 3
15 33 3
15 51 3
15 64 3
15 60 3
16 55 1
16 48 1
17 41 1
17 46 3
20 22 3
21 46 3
21 65 1
22 61 3
22 47 1
22 30 3
22 27 3
22 57 3
22 23 3
22 58 3
22 59 3
22 54 3
22 79 3
24 36 3
24 77 1
25 42 1
25 37 1
28 39 1
29 55 3
29 46 3
31 41 1
31 38 1
31 73 1
32 78 1
32 56 1
32 65 1
34 38 1
34 46 3
35 46 3
36 46 3
37 46 3
38 67 1
39 44 4
39 46 3
41 53 1
42 70 1
42 62 1
43 46 3
43 53 1
46 78 3
46 70 3
46 76 3
46 73 3
46 50 3
50 67 1
53 56 1
69 69 2
