52 65
0 17 1
0 49 1
1 27 1
2 30 1
3 33 1
4 47 1
4 20 1
4 31 1
5 48 1
5 34 1
5 34 1
5 30 1
6 32 4
7 29 1
7 29 1
7 7 2
8 49 2
8 49 1
8 51 1
9 10 1
10 23 1
10 50 1
11 20 1
11 11 2
12 46 1
13 37 1
13 13 2
14 22 1
14 38 1
14 46 1
15 48 1
15 39 1
15 33 1
16 27 1
16 50 1
16 21 1
18 23 1
19 33 1
20 26 1
20 32 1
21 42 1
21 46 1
23 45 1
24 44 1
25 44 1
26 26 2
27 35 1
28 42 1
28 51 1
28 51 1
28 51 1
29 39 1
30 37 1
31 47 1
31 47 1
31 42 1
36 37 1
36 44 1
36 40 1
39 48 1
40 43 1
40 45 1
41 45 1
47 47 2
47 47 2
