62 73
0 57 1
0 12 2
0 12 1
1 35 1
1 15 1
2 37 1
2 49 1
2 49 1
3 26 1
3 58 1
3 53 1
4 61 1
4 43 1
4 23 1
5 53 1
5 25 1
5 11 1
6 19 1
6 7 1
6 47 1
7 7 2
7 55 1
8 59 1
8 8 2
9 52 1
9 51 1
9 51 1
9 51 1
10 58 1
11 23 1
12 42 1
13 35 1
14 18 1
15 29 1
16 53 1
17 44 1
17 25 1
17 45 1
18 36 1
19 34 1
19 59 1
20 36 1
21 33 1
21 50 1
21 50 1
22 55 1
22 32 1
22 60 1
22 60 1
23 27 1
24 42 4
25 37 1
27 56 1
27 56 1
28 55 1
30 56 1
31 52 1
33 36 1
33 46 1
34 34 2
35 41 1
37 51 1
38 41 1
39 50 1
40 54 1
41 57 1
42 58 1
44 44 2
46 60 1
48 57 1
49 61 1
49 54 1
54 59 1
