49 69
0 39 1
0 39 1
0 19 1
1 22 1
1 6 1
1 6 1
1 30 1
2 29 1
2 12 1
2 21 1
3 33 1
3 33 1
3 47 1
4 37 1
4 37 1
4 37 1
4 26 1
5 20 1
5 47 1
5 30 1
6 14 1
6 7 1
7 22 1
7 22 1
8 15 1
8 39 1
8 8 2
9 27 1
9 40 1
10 32 1
10 33 1
10 27 1
11 48 1
12 25 1
12 41 1
12 46 1
13 29 1
13 43 1
13 18 1
14 35 1
14 35 1
14 35 1
15 41 1
15 46 1
16 24 1
17 20 1
17 17 2
19 26 1
19 26 1
19 19 2
20 20 2
23 28 4
24 44 1
24 45 1
25 41 1
27 36 1
28 47 1
28 47 1
29 34 1
30 45 1
31 48 1
32 36 1
32 36 1
33 33 2
38 38 2
38 46 1
42 44 1
43 45 1
44 48 1
