92 122
0 51 1
0 42 3
1 19 1
1 87 1
1 63 1
2 33 3
3 29 1
3 29 1
3 29 1
3 88 1
4 8 1
4 8 1
4 8 1
5 33 3
6 14 1
6 14 2
6 48 1
7 33 3
8 13 1
9 41 1
9 41 1
9 59 1
9 59 1
10 33 3
11 26 3
11 57 3
11 75 3
11 31 3
11 43 3
11 39 3
12 58 3
12 36 3
12 46 3
12 84 1
12 55 3
13 37 1
13 80 1
14 76 1
15 70 2
15 34 1
15 18 1
16 17 3
16 59 1
17 33 3
17 73 3
17 54 3
18 64 1
18 73 1
19 25 1
19 81 1
20 42 3
20 63 1
21 33 3
22 45 1
22 84 1
23 33 3
24 42 3
25 42 3
26 30 1
27 33 3
28 64 1
28 64 1
28 59 1
29 38 1
29 38 1
30 40 1
30 88 1
31 38 1
32 70 1
32 65 3
33 53 3
33 56 3
33 72 3
33 74 3
33 49 3
33 44 3
33 91 3
33 60 3
34 65 3
35 41 1
35 67 1
35 67 1
35 67 1
36 69 3
37 65 3
39 88 1
40 62 1
42 45 3
42 61 3
42 89 3
42 78 3
42 81 3
45 47 1
45 47 1
45 76 1
45 77 3
48 51 1
48 78 1
50 52 1
50 66 1
50 79 1
51 90 1
52 65 3
54 83 4
54 71 1
61 87 1
62 69 1
62 84 1
64 64 2
65 82 3
65 85 3
65 86 3
66 85 1
66 80 1
67 71 1
67 71 1
68 69 3
70 79 1
79 86 1
80 82 1
87 90 1
89 90 1
