66 87
0 8 1
1 49 1
1 8 1
1 20 1
2 60 1
2 53 4
2 10 1
3 50 1
3 50 1
4 54 1
4 34 1
5 5 2
5 57 1
5 62 1
5 62 1
6 12 1
6 10 1
7 20 1
8 49 1
8 49 1
9 41 1
11 14 1
11 52 1
11 36 1
12 54 1
12 48 1
13 55 1
13 55 1
13 25 1
14 48 1
14 52 1
15 64 1
15 64 1
15 64 1
15 58 1
16 32 1
16 32 1
16 61 1
17 31 1
17 27 1
17 44 1
18 42 1
18 42 1
18 42 1
19 37 1
19 56 1
19 52 1
20 30 1
21 39 1
22 28 1
22 57 1
22 35 1
23 64 1
24 45 1
24 29 1
24 30 1
25 39 1
25 40 1
26 38 1
26 38 1
26 42 1
27 61 1
28 28 2
29 60 1
29 51 1
30 43 1
31 61 1
32 58 1
33 38 1
34 48 1
35 54 1
35 59 1
37 56 1
37 56 1
37 44 1
38 46 1
39 58 1
41 49 1
41 63 1
44 50 1
46 47 1
46 62 1
47 47 2
50 50 2
55 60 1
57 59 1
59 65 1
