55 68
0 32 1
1 54 1
1 19 1
2 27 1
2 2 2
3 11 1
4 5 1
4 26 1
4 13 1
5 6 4
7 25 1
7 37 1
7 19 1
8 12 1
9 14 1
9 28 1
9 28 1
9 28 1
10 33 1
10 32 1
10 24 1
11 36 1
11 14 1
12 52 1
12 54 1
13 41 1
13 49 1
14 44 1
15 27 1
15 39 1
15 39 1
15 39 1
16 40 1
16 31 1
16 31 1
17 48 1
17 45 1
17 47 1
18 54 1
19 20 1
21 51 1
21 53 1
21 46 1
22 35 1
22 37 1
22 37 1
23 26 1
23 30 1
23 25 1
24 33 1
24 33 1
25 38 1
26 26 2
27 46 1
29 29 2
29 46 1
30 30 2
31 51 1
32 35 1
33 43 1
34 50 1
36 42 1
36 43 1
41 41 2
47 49 1
48 50 1
49 49 2
50 51 1
