50 74
0 45 3
1 27 1
1 19 1
1 33 1
2 6 3
2 9 1
3 3 2
3 28 1
4 49 1
4 49 1
4 14 1
5 45 3
6 42 3
6 14 3
6 7 3
6 17 1
7 39 3
7 24 3
7 32 3
8 45 3
9 49 1
9 49 1
10 12 1
10 25 1
10 25 1
11 36 1
11 31 1
12 35 1
12 35 1
12 46 1
13 19 3
13 29 3
13 45 3
13 38 3
13 44 3
14 20 4
15 43 1
15 15 2
16 45 3
17 48 1
17 39 1
18 18 2
18 33 1
21 23 1
21 21 2
22 28 1
22 26 1
22 26 1
23 43 1
23 46 1
24 46 1
25 35 1
26 48 1
27 45 1
27 38 1
28 31 1
28 31 1
29 38 1
30 40 1
30 40 1
30 30 2
31 36 1
32 48 1
33 40 1
34 45 3
35 38 1
36 47 1
37 45 3
38 38 2
38 38 2
40 40 2
41 45 3
43 47 1
43 47 1
