50 72
0 38 1
0 44 1
0 18 1
1 5 3
1 38 1
2 7 3
2 24 1
3 4 3
4 17 3
4 42 3
4 19 3
5 7 3
6 6 2
6 49 1
7 11 3
7 14 3
7 45 3
7 47 3
8 30 1
8 37 1
8 44 1
9 32 1
9 32 1
9 34 1
10 10 2
10 23 1
10 23 1
11 20 3
11 46 3
12 30 1
12 33 3
13 31 1
13 31 1
13 46 1
14 24 1
15 20 1
15 29 1
15 29 1
15 29 1
16 41 1
16 26 1
16 22 1
18 31 1
18 48 1
21 42 4
22 23 1
22 23 1
24 41 1
25 37 1
25 44 1
26 49 1
26 49 1
26 49 1
27 36 1
27 48 3
28 39 1
28 34 1
28 45 1
29 31 1
30 40 1
32 41 1
33 37 3
33 40 3
33 33 2
33 36 1
33 48 3
34 47 1
35 38 1
35 43 1
35 35 2
36 39 1
42 43 1
