55 73
0 52 1
0 50 3
1 23 3
2 50 3
2 24 1
2 14 1
2 14 1
2 51 1
2 9 1
2 9 1
2 9 1
3 23 3
4 19 1
4 19 1
4 50 3
5 34 3
5 49 1
6 17 3
7 23 3
8 30 3
9 14 1
9 51 2
9 51 1
9 50 3
10 30 3
11 17 3
12 34 3
12 32 1
13 23 3
14 50 3
14 51 1
14 51 1
15 17 3
16 23 3
17 39 3
17 44 3
17 50 1
17 53 3
17 36 3
17 37 3
18 19 1
18 33 1
18 35 1
19 31 1
20 23 3
21 23 3
22 30 3
23 28 3
23 45 3
23 46 3
23 47 3
23 48 3
23 38 3
23 32 1
23 25 3
23 26 3
24 52 1
24 42 1
24 42 1
27 44 4
29 31 1
29 31 1
30 41 3
30 43 3
30 40 3
30 49 1
30 34 3
30 54 3
31 52 1
32 49 1
33 50 3
35 35 2
37 44 1
