34 59
1
1
1
1
1
1
1
1
1
1
1
1
1
1
2
1
1
1
1
1
4
3
3
3
3
3
3
3
3
3
3
3
3
3
0 1 2
0 2 4
0 21 8
1 2 2
1 22 8
2 32 8
2 23 8
3 24 8
3 4 4
4 25 8
5 26 8
5 6 2
5 7 5
6 33 8
6 30 8
6 7 3
7 8 2
7 9 3
8 9 5
8 28 8
9 10 3
10 11 2
10 12 5
11 12 3
11 29 8
12 13 2
12 14 3
12 14 4
13 27 8
13 14 5
13 14 6
14 14 1
15 32 8
15 20 8
15 23 8
16 17 2
16 18 4
16 26 8
16 30 8
17 24 8
17 18 2
17 25 8
18 28 8
18 33 8
19 31 8
19 27 8
19 29 8
19 22 8
19 21 8
20 32 0
21 22 0
21 31 0
22 31 0
23 32 0
24 25 0
26 30 0
27 29 0
28 33 0
30 33 0
