58 92
1
1
1
1
1
1
1
1
1
1
1
1
1
1
1
2
1
1
1
2
1
1
1
1
1
1
1
1
1
1
1
1
1
1
1
4
3
3
3
3
3
3
3
3
3
3
3
3
3
3
3
3
3
3
3
3
3
3
0 36 8
0 37 8
1 2 5
1 38 8
2 3 3
2 4 6
3 40 8
3 4 3
4 56 8
4 39 8
5 41 8
5 38 8
5 6 4
6 42 8
7 8 4
7 10 6
7 43 8
8 9 4
8 10 2
9 45 8
10 55 8
10 44 8
10 54 8
11 46 8
11 47 8
12 48 8
12 13 6
12 14 3
13 16 3
13 14 3
13 15 5
14 49 8
14 53 8
15 16 2
15 16 3
17 18 4
17 50 8
18 19 4
18 20 6
19 52 8
19 20 2
20 51 8
21 24 6
21 53 8
21 22 4
22 24 2
22 23 4
23 25 2
23 26 5
24 49 8
25 26 3
25 36 8
25 37 8
25 54 8
26 27 3
27 28 6
27 29 3
28 29 3
28 55 8
29 44 8
30 40 8
30 56 8
30 35 8
30 39 8
31 41 8
31 42 8
31 51 8
32 43 8
32 45 8
32 46 8
32 47 8
33 48 8
33 57 8
33 50 8
34 57 8
34 52 8
35 40 0
35 39 0
36 37 0
36 54 0
37 54 0
38 41 0
39 40 0
39 56 0
41 42 0
43 45 0
44 54 0
44 55 0
46 47 0
48 50 0
49 53 0
54 55 0
