35 60
1
1
1
1
2
2
1
1
1
1
1
1
1
1
1
1
1
1
1
1
1
4
3
3
3
3
3
3
3
3
3
3
3
3
3
0 25 8
0 22 8
0 23 8
1 2 4
1 22 8
1 23 8
2 24 8
3 25 8
3 4 3
3 5 5
4 5 2
4 5 2
4 6 4
5 6 6
6 9 6
6 7 4
7 8 3
7 9 2
8 27 8
9 26 8
9 28 8
10 26 8
10 27 8
10 28 8
11 12 3
11 21 8
11 29 8
12 13 4
12 14 6
13 14 2
13 31 8
14 30 8
15 16 3
15 32 8
15 29 8
15 30 8
15 31 8
16 33 8
16 34 8
17 32 8
17 33 8
17 18 2
17 20 5
18 19 3
18 20 3
19 24 8
20 34 8
21 29 0
22 23 0
23 25 0
26 27 0
26 28 0
29 32 0
29 30 0
29 31 0
30 32 0
30 31 0
31 32 0
32 33 0
33 34 0
