37 57
1
1
1
1
1
2
1
1
1
1
1
1
1
1
1
1
1
1
2
1
1
1
1
1
4
3
3
3
3
3
3
3
3
3
3
3
3
0 1 4
0 25 8
1 2 2
1 3 6
2 26 8
2 3 4
3 4 2
3 6 5
4 5 3
4 6 3
5 28 8
6 27 8
6 32 8
6 31 8
7 25 8
7 26 8
7 33 8
8 29 8
8 30 8
9 24 8
9 10 4
9 12 6
9 31 8
10 11 4
10 12 2
11 27 8
12 32 8
13 16 6
13 33 8
13 14 4
14 16 2
14 15 5
15 17 6
15 18 2
16 28 8
17 18 4
17 29 8
18 19 5
19 20 4
19 21 2
20 34 8
20 21 2
20 30 8
21 22 3
22 35 8
22 36 8
23 34 8
23 35 8
23 36 8
24 31 0
25 33 0
27 32 0
27 31 0
30 34 0
31 32 0
34 35 0
35 36 0
