41 69
1
1
1
1
1
1
1
1
1
1
1
1
1
1
1
1
1
1
1
1
1
1
1
2
1
1
1
1
1
4
3
3
3
3
3
3
3
3
3
3
3
0 1 2
0 3 4
0 30 8
1 2 3
1 3 2
2 4 6
2 5 3
3 6 3
3 8 3
4 5 3
4 31 8
5 32 8
6 8 6
6 7 5
7 9 2
7 10 3
8 9 4
9 10 5
10 34 8
10 33 8
11 34 8
11 12 2
11 13 3
12 17 5
12 13 5
12 15 3
13 14 4
14 18 3
14 19 5
15 16 4
15 17 2
16 32 8
16 33 8
16 31 8
16 30 8
17 18 5
18 19 2
19 35 8
20 36 8
20 21 3
20 39 8
21 35 8
22 25 3
22 36 8
22 23 2
23 24 4
23 25 5
24 26 2
24 27 4
25 39 8
26 27 6
26 37 8
27 40 8
27 38 8
28 40 8
28 37 8
28 38 8
28 29 8
29 40 0
30 32 0
30 33 0
30 31 0
31 32 0
31 33 0
32 33 0
33 34 0
36 39 0
37 38 0
38 40 0
