64 109
1
1
1
1
2
1
1
1
1
1
1
1
1
1
1
1
1
1
1
1
1
1
1
1
1
1
1
1
1
1
1
1
1
1
1
1
1
1
1
1
1
1
4
3
3
3
3
3
3
3
3
3
3
3
3
3
3
3
3
3
3
3
3
3
0 1 3
0 42 8
0 43 8
1 2 5
1 4 2
1 42 8
2 3 5
2 4 3
3 4 5
5 44 8
5 45 8
6 8 4
6 46 8
6 7 2
7 8 2
7 57 8
7 47 8
8 9 3
8 10 6
9 49 8
9 10 3
10 63 8
10 48 8
11 56 8
11 50 8
11 59 8
11 12 3
11 13 6
12 59 8
12 13 3
12 14 2
12 15 4
13 59 8
13 53 8
13 60 8
14 51 8
14 15 2
15 52 8
16 54 8
16 55 8
17 56 8
17 50 8
18 57 8
18 46 8
18 47 8
19 55 8
19 20 3
19 54 8
19 23 5
20 21 4
20 23 2
21 22 3
22 24 5
22 25 3
23 27 2
23 29 3
24 25 2
24 44 8
24 45 8
25 26 5
26 58 8
26 61 8
26 62 8
27 28 3
27 29 5
28 30 4
28 31 6
29 30 5
30 31 2
31 49 8
32 33 4
32 35 2
32 59 8
32 43 8
33 43 8
33 34 3
33 35 6
34 35 2
34 36 6
34 53 8
35 36 4
35 43 8
35 53 8
36 60 8
36 53 8
37 40 4
37 61 8
37 38 2
38 40 2
38 39 3
39 62 8
40 58 8
41 48 8
41 51 8
41 52 8
41 63 8
44 45 0
46 47 0
47 57 0
48 63 0
50 56 0
51 52 0
51 63 0
52 63 0
53 60 0
54 55 0
58 61 0
58 62 0
61 62 0
