51 97
1
1
1
1
1
1
1
1
1
1
1
1
1
1
1
1
2
1
1
1
1
1
1
1
1
1
1
1
1
2
1
1
1
1
1
1
4
3
3
3
3
3
3
3
3
3
3
3
3
3
3
0 1 4
0 37 8
1 2 2
1 3 6
2 3 4
2 38 8
3 4 4
3 5 6
4 5 2
4 6 2
4 7 6
5 8 3
5 9 2
6 11 6
6 12 2
6 7 4
7 16 2
7 16 4
8 9 5
8 18 4
8 17 2
9 10 3
10 19 3
10 21 2
11 40 8
11 12 4
12 13 4
13 14 3
14 15 3
15 39 8
16 16 6
17 18 2
18 41 8
19 20 5
19 21 5
20 21 3
20 22 2
21 22 5
22 42 8
23 24 2
23 25 5
23 43 8
24 25 3
24 47 8
24 44 8
25 26 2
25 28 3
26 27 3
26 28 5
27 50 8
27 42 8
28 48 8
28 45 8
29 36 8
29 46 8
29 30 5
29 31 3
30 31 3
31 46 8
31 36 8
32 37 8
32 38 8
32 39 8
32 40 8
32 41 8
32 43 8
32 44 8
32 47 8
33 48 8
33 49 8
33 45 8
34 49 8
34 35 4
34 46 8
35 50 8
36 46 0
37 38 0
37 39 0
37 40 0
37 41 0
37 47 0
38 39 0
38 40 0
38 41 0
38 47 0
39 40 0
39 41 0
39 47 0
40 41 0
40 47 0
41 47 0
42 50 0
43 44 0
44 47 0
45 48 0
46 49 0
48 49 0
