68 117
1
1
1
1
1
1
1
1
1
1
1
1
1
1
1
1
1
1
1
1
1
1
1
1
1
1
1
1
1
2
1
1
1
1
1
1
1
1
1
2
1
1
4
3
3
3
3
3
3
3
3
3
3
3
3
3
3
3
3
3
3
3
3
3
3
3
3
3
0 1 5
0 43 8
1 2 3
1 3 6
1 42 8
2 42 8
2 3 3
2 44 8
3 42 8
4 48 8
4 47 8
5 49 8
5 53 8
5 6 3
6 56 8
6 50 8
7 48 8
7 51 8
7 52 8
7 47 8
8 43 8
8 44 8
8 45 8
8 46 8
9 64 8
9 49 8
9 53 8
10 11 3
10 54 8
10 14 5
11 12 5
11 14 2
12 13 3
13 56 8
14 16 3
14 15 2
15 16 5
15 57 8
16 66 8
16 55 8
17 65 8
17 18 3
17 58 8
18 19 2
18 20 5
19 52 8
19 51 8
19 20 3
19 59 8
20 21 2
20 22 6
21 60 8
21 67 8
21 22 4
22 61 8
23 24 3
23 62 8
24 63 8
25 64 8
25 26 2
25 27 3
25 58 8
26 27 5
26 29 3
26 31 5
27 28 4
28 32 3
28 33 5
29 30 4
29 31 2
30 65 8
31 32 5
32 33 2
33 50 8
34 66 8
34 35 2
34 36 3
34 54 8
35 36 5
35 38 5
35 39 3
36 37 4
37 38 5
38 39 2
39 40 4
40 57 8
40 55 8
41 67 8
41 59 8
41 60 8
41 61 8
41 62 8
41 63 8
44 45 0
44 46 0
45 46 0
47 48 0
47 51 0
48 51 0
49 53 0
50 56 0
51 52 0
51 59 0
52 59 0
53 64 0
54 66 0
55 57 0
55 66 0
58 64 0
58 65 0
59 60 0
59 61 0
60 67 0
60 61 0
62 67 0
62 63 0
63 67 0
