38 73
1
1
1
1
1
1
1
1
1
1
1
1
1
1
1
1
1
1
1
1
1
1
1
1
1
1
4
3
3
3
3
3
3
3
3
3
3
3
0 1 3
0 2 5
0 27 8
1 33 8
1 2 2
1 3 4
1 4 2
1 35 8
2 5 3
2 6 6
3 35 8
3 4 2
3 4 5
3 33 8
4 35 8
4 33 8
5 8 4
5 9 2
5 6 3
6 7 5
7 30 8
8 34 8
8 36 8
8 37 8
8 9 2
8 28 8
9 29 8
10 27 8
10 26 8
10 11 4
10 31 8
11 32 8
11 26 8
11 30 8
12 32 8
12 28 8
12 29 8
12 31 8
13 33 8
13 14 3
13 15 6
14 35 8
14 15 3
15 16 4
15 17 2
16 17 6
16 36 8
17 18 5
18 19 4
18 20 2
19 20 6
19 21 2
19 22 5
20 37 8
21 34 8
21 22 3
22 25 3
22 23 3
23 24 5
23 25 6
24 25 3
27 31 0
28 34 0
28 36 0
28 37 0
28 29 0
28 31 0
29 31 0
30 32 0
33 35 0
34 36 0
34 37 0
36 37 0
