37 70
1
1
1
1
1
1
1
1
1
1
1
1
1
1
1
1
1
1
1
1
1
1
4
3
3
3
3
3
3
3
3
3
3
3
3
3
3
0 24 8
0 25 8
0 26 8
0 27 8
0 23 8
1 24 8
1 2 3
1 4 6
1 23 8
2 3 3
2 4 3
2 23 8
3 5 5
3 6 2
4 28 8
4 23 8
5 8 2
5 6 3
5 7 4
6 27 8
7 8 2
7 25 8
8 26 8
9 29 8
9 30 8
10 11 4
10 12 6
10 29 8
10 31 8
11 33 8
11 12 2
12 32 8
12 35 8
12 34 8
13 34 8
13 14 2
13 15 5
14 32 8
14 36 8
14 15 3
15 22 8
15 35 8
16 17 2
16 18 4
16 28 8
16 30 8
17 18 2
17 19 4
17 20 2
18 33 8
18 31 8
19 20 3
19 20 6
19 21 3
20 21 6
21 36 8
22 35 0
24 26 0
24 27 0
24 25 0
25 26 0
25 27 0
26 27 0
28 30 0
29 31 0
31 33 0
32 36 0
32 34 0
32 35 0
34 35 0
