36 70
1
1
1
1
1
1
1
1
1
1
1
1
1
1
1
1
1
2
1
4
3
3
3
3
3
3
3
3
3
3
3
3
3
3
3
3
0 20 8
0 21 8
1 2 2
1 3 5
1 22 8
1 25 8
1 26 8
1 27 8
1 28 8
1 29 8
1 30 8
2 3 3
2 23 8
2 25 8
2 26 8
2 27 8
3 24 8
3 25 8
3 26 8
3 27 8
4 25 8
4 5 4
4 6 6
5 27 8
5 6 2
5 23 8
6 26 8
6 19 8
7 8 2
7 9 4
7 28 8
8 9 2
8 11 3
8 12 6
9 10 3
10 22 8
11 12 3
11 13 6
11 14 2
12 30 8
13 29 8
13 14 4
14 20 8
14 21 8
15 32 8
15 31 8
16 24 8
16 34 8
16 31 8
17 32 8
17 33 8
17 35 8
18 33 8
18 34 8
18 35 8
19 26 0
20 21 0
22 28 0
22 29 0
22 30 0
23 27 0
25 26 0
25 27 0
26 27 0
28 30 0
28 29 0
29 30 0
31 34 0
32 35 0
33 35 0
