46 78
1
1
1
1
1
1
1
1
1
1
1
1
2
1
1
1
1
1
1
1
1
1
1
1
1
2
1
1
2
4
3
3
3
3
3
3
3
3
3
3
3
3
3
3
3
3
0 1 3
0 29 8
0 30 8
0 41 8
1 36 8
1 29 8
1 31 8
2 3 3
2 30 8
3 4 3
3 5 6
4 5 3
4 6 5
4 7 2
5 8 3
5 9 5
6 32 8
6 40 8
6 7 3
7 33 8
8 9 2
8 10 2
8 11 5
9 12 2
9 14 3
10 35 8
10 11 3
11 37 8
12 13 5
12 14 5
13 36 8
14 34 8
15 38 8
15 39 8
16 40 8
16 32 8
16 38 8
17 41 8
17 18 4
18 34 8
18 37 8
18 31 8
19 33 8
19 35 8
19 39 8
20 42 8
20 21 3
20 22 6
21 43 8
21 22 3
22 24 4
22 23 2
23 24 2
23 45 8
24 44 8
25 26 4
25 43 8
25 44 8
25 42 8
25 45 8
26 27 2
26 28 3
27 28 5
27 28 4
30 41 0
31 34 0
31 36 0
31 37 0
32 40 0
33 35 0
34 37 0
38 40 0
42 43 0
42 44 0
42 45 0
43 44 0
43 45 0
44 45 0
