79 141
1
1
1
1
1
1
1
1
1
1
1
1
1
1
1
1
1
1
1
1
1
1
1
1
1
2
1
1
1
1
1
1
1
1
1
1
1
1
1
1
1
1
2
1
1
1
1
4
3
3
3
3
3
3
3
3
3
3
3
3
3
3
3
3
3
3
3
3
3
3
3
3
3
3
3
3
3
3
3
0 48 8
0 49 8
1 2 2
1 3 6
1 50 8
1 47 8
2 3 4
2 5 6
2 6 3
3 4 4
4 51 8
5 6 4
5 6 3
7 8 3
7 9 5
7 52 8
8 9 2
8 66 8
8 53 8
9 10 2
9 12 3
10 11 3
10 12 5
11 60 8
11 78 8
11 55 8
12 58 8
12 54 8
13 56 8
13 57 8
14 16 6
14 58 8
14 69 8
14 15 2
15 16 4
15 17 3
15 18 6
15 69 8
16 61 8
16 69 8
17 18 3
17 60 8
18 59 8
19 62 8
19 63 8
20 53 8
20 52 8
20 21 3
20 23 5
21 22 4
21 23 2
22 24 6
22 25 2
23 65 8
24 64 8
24 25 4
25 66 8
26 64 8
26 67 8
26 27 4
27 72 8
27 76 8
27 68 8
28 48 8
28 49 8
28 29 2
28 30 3
28 69 8
29 32 5
29 33 2
29 61 8
29 30 5
30 31 4
31 32 3
32 33 3
32 61 8
33 59 8
33 61 8
34 56 8
34 57 8
34 35 5
34 36 3
34 70 8
35 36 2
35 36 6
35 37 2
36 37 4
37 38 5
37 39 2
38 71 8
38 39 3
39 72 8
40 41 3
40 73 8
41 74 8
42 51 8
42 75 8
42 77 8
43 73 8
43 74 8
43 62 8
43 63 8
44 76 8
44 67 8
44 68 8
44 70 8
44 71 8
45 50 8
45 75 8
45 77 8
46 65 8
46 78 8
46 54 8
46 55 8
47 50 0
48 49 0
48 69 0
49 69 0
50 77 0
52 53 0
53 66 0
54 58 0
54 55 0
55 78 0
55 60 0
56 57 0
56 70 0
57 70 0
60 78 0
62 63 0
64 67 0
65 78 0
67 68 0
68 72 0
68 76 0
70 71 0
70 76 0
71 76 0
72 76 0
73 74 0
75 77 0
