52 100
1
1
1
1
1
1
1
1
1
2
2
1
1
1
1
1
1
1
1
1
1
1
1
1
1
1
1
1
1
1
1
1
1
1
1
1
4
3
3
3
3
3
3
3
3
3
3
3
3
3
3
3
0 1 3
0 37 8
0 6 5
1 2 3
1 6 2
2 3 5
3 4 3
4 5 3
5 46 8
5 39 8
6 8 3
6 7 3
7 8 6
7 9 6
7 10 4
8 11 2
8 12 3
9 10 3
9 10 2
11 40 8
11 12 5
12 38 8
12 48 8
12 49 8
12 50 8
13 16 5
13 41 8
13 14 3
14 16 2
14 15 4
15 42 8
16 43 8
16 44 8
16 45 8
16 17 3
16 18 3
16 47 8
17 43 8
17 44 8
17 45 8
17 47 8
17 18 6
17 18 5
18 43 8
18 44 8
18 45 8
18 47 8
19 43 8
19 20 3
19 21 5
20 21 2
20 22 2
20 23 3
21 44 8
22 45 8
22 23 5
23 24 3
23 25 6
24 25 3
24 47 8
25 26 4
26 27 4
26 28 2
27 28 6
27 46 8
28 39 8
29 38 8
29 37 8
29 30 2
29 31 5
30 40 8
30 49 8
30 31 3
31 32 5
32 33 4
32 34 2
33 48 8
33 34 6
33 36 8
34 50 8
35 41 8
35 42 8
35 51 8
36 48 0
37 38 0
38 48 0
38 49 0
38 50 0
39 46 0
40 49 0
41 51 0
43 44 0
43 45 0
43 47 0
44 45 0
44 47 0
45 47 0
48 49 0
48 50 0
49 50 0
