39 91
1
1
1
1
1
1
1
1
1
1
1
1
1
1
1
1
1
1
1
1
1
1
1
1
1
2
2
1
1
4
3
3
3
3
3
3
3
3
3
0 1 4
0 4 6
0 30 8
1 2 4
1 4 2
2 3 5
3 5 4
3 6 2
4 8 2
4 7 2
5 9 3
5 10 6
5 6 2
6 10 2
6 11 6
7 8 4
7 13 4
7 14 6
8 15 4
8 13 2
9 10 3
9 31 8
10 11 4
11 12 3
12 16 5
12 17 3
13 15 6
13 14 2
14 18 5
14 15 3
15 18 2
16 17 2
16 33 8
17 20 2
17 19 4
18 34 8
19 32 8
19 20 2
20 35 8
21 24 3
21 36 8
21 22 2
22 24 5
22 23 4
23 32 8
23 33 8
23 34 8
23 35 8
23 37 8
23 38 8
23 30 8
23 31 8
24 25 2
24 27 4
25 26 4
25 27 6
25 29 8
26 27 3
26 29 8
28 36 8
28 37 8
28 38 8
30 32 0
30 33 0
30 34 0
30 35 0
30 37 0
30 38 0
30 31 0
31 32 0
31 33 0
31 34 0
31 35 0
31 37 0
31 38 0
32 33 0
32 34 0
32 35 0
32 37 0
32 38 0
33 34 0
33 35 0
33 37 0
33 38 0
34 35 0
34 37 0
34 38 0
35 37 0
35 38 0
36 37 0
37 38 0
