58 88
1
1
1
1
1
1
1
1
1
1
1
1
2
2
1
1
1
1
2
1
1
1
1
1
1
1
1
1
1
1
1
1
1
1
2
1
1
1
1
4
3
3
3
3
3
3
3
3
3
3
3
3
3
3
3
3
3
3
0 40 8
0 1 3
1 41 8
2 42 8
2 3 4
3 4 3
3 6 2
4 5 4
4 6 5
5 56 8
5 44 8
6 43 8
6 50 8
7 8 4
7 45 8
8 9 3
8 10 5
9 10 2
9 11 6
9 12 3
10 13 4
10 15 2
11 12 3
11 12 3
13 14 3
13 15 6
14 15 3
16 40 8
16 17 3
16 47 8
17 18 4
18 46 8
18 55 8
19 48 8
19 49 8
19 47 8
19 41 8
20 48 8
20 49 8
20 39 8
21 50 8
21 22 4
22 25 6
22 23 3
23 24 4
23 25 3
24 43 8
25 51 8
25 53 8
26 27 4
26 52 8
27 28 2
27 29 6
28 29 4
28 30 4
28 31 2
29 54 8
30 53 8
30 31 2
31 32 3
32 51 8
33 52 8
33 34 2
33 36 4
33 45 8
33 54 8
34 35 3
34 36 2
34 45 8
35 36 3
36 45 8
37 57 8
37 46 8
37 55 8
38 56 8
38 42 8
38 44 8
39 49 0
40 47 0
41 47 0
42 56 0
43 50 0
44 56 0
46 55 0
48 49 0
51 53 0
52 54 0
55 57 0
