42 85
1
1
1
1
1
1
1
1
1
1
1
1
1
1
1
1
1
1
1
2
1
1
1
1
4
3
3
3
3
3
3
3
3
3
3
3
3
3
3
3
3
3
0 25 8
0 26 8
1 27 8
1 33 8
1 2 2
1 3 6
2 26 8
2 3 4
3 4 2
3 5 3
4 8 2
4 9 4
4 10 5
4 5 5
5 6 3
6 24 8
6 7 3
7 24 8
7 28 8
8 9 2
8 9 1
8 10 3
8 10 5
8 11 3
9 10 1
9 10 6
9 11 4
10 11 2
11 31 8
12 32 8
12 33 8
12 25 8
12 27 8
12 28 8
12 29 8
12 30 8
12 31 8
13 34 8
13 14 3
13 15 6
14 41 8
14 35 8
14 15 3
15 36 8
15 39 8
16 17 2
16 18 3
16 37 8
17 18 5
17 38 8
18 19 2
18 20 3
19 20 5
19 20 5
21 40 8
21 36 8
21 39 8
22 41 8
22 34 8
22 35 8
23 40 8
23 37 8
23 38 8
25 33 0
27 32 0
27 33 0
27 28 0
27 29 0
27 30 0
27 31 0
28 32 0
28 29 0
28 30 0
28 31 0
29 32 0
29 30 0
29 31 0
30 32 0
30 31 0
31 32 0
34 41 0
35 41 0
36 40 0
36 39 0
37 38 0
