32 60
1
1
1
2
1
1
1
1
1
1
1
1
1
1
1
1
1
1
1
4
3
3
3
3
3
3
3
3
3
3
3
3
0 1 3
0 20 8
1 2 4
1 19 8
2 27 8
2 19 8
2 21 8
3 28 8
3 29 8
3 22 8
3 23 8
4 24 8
4 20 8
4 5 2
4 6 5
5 20 8
5 6 3
5 25 8
6 7 2
6 8 4
6 20 8
6 21 8
7 8 2
7 21 8
7 26 8
7 30 8
7 31 8
8 9 5
8 21 8
9 27 8
10 28 8
10 11 2
10 12 4
11 12 2
11 29 8
12 13 5
13 14 3
14 15 3
15 16 3
16 17 2
16 18 4
16 26 8
17 18 2
17 26 8
17 31 8
18 26 8
18 30 8
21 27 0
22 24 0
22 25 0
22 23 0
23 24 0
23 25 0
23 28 0
23 29 0
24 25 0
26 30 0
26 31 0
28 29 0
30 31 0
