82 137
1
1
1
1
1
1
1
1
1
1
1
1
1
1
1
1
2
1
1
1
2
1
1
1
1
1
1
1
1
1
1
1
1
1
1
1
1
1
1
1
1
1
1
1
4
3
3
3
3
3
3
3
3
3
3
3
3
3
3
3
3
3
3
3
3
3
3
3
3
3
3
3
3
3
3
3
3
3
3
3
3
3
0 1 7
0 45 8
0 47 8
1 2 4
1 47 8
2 46 8
3 48 8
3 49 8
4 50 8
4 44 8
4 5 3
4 6 5
4 55 8
5 51 8
5 6 2
6 52 8
7 53 8
7 54 8
8 9 3
8 10 6
8 55 8
9 10 3
9 45 8
9 46 8
9 47 8
9 57 8
10 50 8
10 56 8
11 58 8
11 12 2
11 13 3
12 16 3
12 13 5
12 15 2
13 14 3
14 16 3
14 17 5
15 16 5
15 60 8
15 81 8
16 17 2
17 59 8
18 48 8
18 49 8
18 58 8
18 19 4
18 61 8
19 72 8
19 62 8
20 63 8
20 21 3
20 54 8
20 53 8
21 64 8
21 67 8
22 63 8
22 23 3
23 64 8
23 65 8
24 25 3
24 66 8
25 67 8
26 27 4
26 68 8
27 28 4
27 29 6
28 29 2
28 70 8
29 69 8
30 33 4
30 75 8
30 71 8
30 31 2
31 32 3
31 33 6
32 61 8
32 62 8
33 72 8
34 73 8
34 66 8
34 35 4
34 36 6
35 36 2
35 74 8
36 75 8
37 57 8
37 76 8
37 38 3
38 77 8
39 79 8
39 76 8
39 69 8
39 77 8
40 80 8
40 78 8
41 80 8
41 65 8
42 59 8
42 70 8
43 81 8
43 60 8
44 50 0
44 55 0
45 57 0
45 46 0
45 47 0
46 57 0
46 47 0
47 57 0
48 49 0
48 58 0
48 61 0
49 58 0
49 61 0
50 56 0
50 55 0
51 56 0
51 52 0
52 56 0
53 54 0
53 63 0
54 63 0
57 76 0
58 61 0
60 81 0
61 62 0
62 72 0
64 65 0
64 67 0
66 73 0
68 79 0
69 77 0
71 73 0
71 74 0
71 75 0
73 74 0
76 79 0
