47 85
1
1
2
1
1
1
1
1
1
1
1
1
1
1
1
1
1
1
1
1
1
1
1
1
1
1
1
4
3
3
3
3
3
3
3
3
3
3
3
3
3
3
3
3
3
3
3
0 1 3
0 28 8
1 2 3
1 27 8
2 3 5
2 4 3
2 43 8
2 44 8
2 27 8
3 44 8
3 43 8
3 4 2
3 30 8
4 5 2
4 6 5
4 42 8
4 43 8
4 44 8
5 6 3
5 40 8
5 41 8
5 42 8
5 29 8
6 42 8
6 7 5
7 8 2
7 9 3
8 9 5
8 31 8
9 32 8
10 33 8
10 11 2
10 12 5
11 12 3
11 34 8
12 35 8
12 46 8
13 33 8
13 39 8
13 36 8
13 14 3
13 15 5
14 16 2
14 17 4
14 15 2
15 34 8
16 17 2
16 37 8
17 38 8
17 45 8
18 19 3
18 36 8
18 21 6
19 20 5
19 21 3
20 39 8
21 37 8
22 40 8
22 41 8
22 28 8
23 42 8
23 29 8
24 43 8
24 44 8
24 30 8
25 45 8
25 38 8
26 32 8
26 35 8
26 46 8
26 31 8
28 40 0
29 40 0
29 41 0
30 44 0
31 32 0
31 46 0
32 46 0
33 36 0
33 39 0
35 46 0
36 39 0
38 45 0
40 41 0
43 44 0
