93 158
1
1
1
1
1
1
1
1
1
1
1
1
1
2
1
1
1
1
1
2
1
1
1
1
1
1
1
1
1
1
1
1
1
1
1
1
1
1
1
1
1
1
1
2
1
1
2
1
1
1
1
1
1
4
3
3
3
3
3
3
3
3
3
3
3
3
3
3
3
3
3
3
3
3
3
3
3
3
3
3
3
3
3
3
3
3
3
3
3
3
3
3
3
0 64 8
0 1 4
0 66 8
0 54 8
0 65 8
1 2 2
1 3 5
2 3 3
2 55 8
3 4 3
3 5 2
4 5 5
4 6 3
4 7 5
5 56 8
6 57 8
6 7 2
7 58 8
7 78 8
8 9 3
8 10 6
8 59 8
9 10 3
9 62 8
10 11 3
11 12 5
12 16 2
12 13 2
13 16 4
13 14 3
14 15 5
15 17 3
15 18 2
16 63 8
17 18 5
17 60 8
18 19 4
19 61 8
20 64 8
20 70 8
20 54 8
21 65 8
21 66 8
22 67 8
22 23 3
23 24 6
23 25 2
24 25 4
24 68 8
25 26 4
26 69 8
26 85 8
27 70 8
27 55 8
28 72 8
28 80 8
28 71 8
29 89 8
29 74 8
29 59 8
29 73 8
30 33 6
30 75 8
30 31 4
31 32 4
31 33 2
32 77 8
33 79 8
33 76 8
34 56 8
34 57 8
34 58 8
34 53 8
34 78 8
35 36 3
35 79 8
36 76 8
37 72 8
37 38 3
37 71 8
38 80 8
39 40 2
39 41 5
39 81 8
40 41 3
40 82 8
41 42 4
42 91 8
42 83 8
43 84 8
43 44 5
44 85 8
45 88 8
45 86 8
45 46 3
46 92 8
46 87 8
47 84 8
47 67 8
47 68 8
47 69 8
48 88 8
48 75 8
48 77 8
48 86 8
49 89 8
49 90 8
49 74 8
49 73 8
50 90 8
50 62 8
51 81 8
51 82 8
51 83 8
51 91 8
51 60 8
51 61 8
51 63 8
52 92 8
52 87 8
53 78 0
54 64 0
54 65 0
54 66 0
56 57 0
56 58 0
57 58 0
58 78 0
59 73 0
60 91 0
60 61 0
60 63 0
61 91 0
61 63 0
63 91 0
64 65 0
64 66 0
64 70 0
65 66 0
67 68 0
67 69 0
68 69 0
69 85 0
71 72 0
72 80 0
73 74 0
74 89 0
75 88 0
75 77 0
76 79 0
77 88 0
81 82 0
81 83 0
82 83 0
83 91 0
86 88 0
87 92 0
89 90 0
