48 71
1
1
1
1
1
1
1
1
1
1
1
1
1
2
1
1
2
1
1
1
1
1
1
1
1
1
1
1
1
1
1
4
3
3
3
3
3
3
3
3
3
3
3
3
3
3
3
3
0 32 8
0 1 2
0 3 4
1 2 4
1 3 2
2 34 8
3 4 3
4 5 3
5 33 8
5 47 8
6 43 8
6 35 8
6 7 5
7 36 8
8 9 3
8 35 8
8 31 8
9 36 8
10 11 4
10 37 8
10 14 6
11 12 5
11 14 2
12 13 5
13 39 8
14 38 8
15 16 4
15 32 8
15 40 8
16 17 2
16 18 6
17 41 8
17 18 4
18 19 3
18 21 5
19 20 5
19 21 2
20 42 8
21 34 8
22 40 8
22 41 8
22 42 8
22 23 3
23 24 3
24 39 8
24 46 8
25 26 4
25 43 8
25 28 6
26 27 4
26 28 2
27 44 8
28 45 8
29 38 8
29 37 8
29 46 8
30 33 8
30 44 8
30 45 8
30 47 8
31 35 0
32 40 0
33 44 0
33 47 0
35 43 0
37 38 0
39 46 0
40 41 0
40 42 0
41 42 0
45 47 0
