79 129
1
1
1
1
1
1
1
1
1
1
1
1
2
1
1
1
1
1
1
1
1
1
1
2
1
1
1
1
1
1
1
1
1
1
1
1
1
1
1
1
1
4
3
3
3
3
3
3
3
3
3
3
3
3
3
3
3
3
3
3
3
3
3
3
3
3
3
3
3
3
3
3
3
3
3
3
3
3
3
0 49 8
0 50 8
0 43 8
0 42 8
1 43 8
1 2 4
1 3 6
1 42 8
2 3 2
2 44 8
3 45 8
3 69 8
4 5 2
4 46 8
4 7 3
5 6 3
5 7 5
6 48 8
7 8 3
8 67 8
8 47 8
9 49 8
9 50 8
10 51 8
10 11 4
11 52 8
12 13 3
12 46 8
12 53 8
13 14 4
13 15 6
14 54 8
14 15 2
15 48 8
16 17 2
16 18 5
16 55 8
17 57 8
17 18 3
18 58 8
18 56 8
19 58 8
19 20 4
19 55 8
20 56 8
20 57 8
20 44 8
21 59 8
21 22 3
22 23 3
23 60 8
24 64 8
24 25 4
24 61 8
24 63 8
25 62 8
26 27 4
26 63 8
27 64 8
28 65 8
28 29 2
29 66 8
30 67 8
30 31 3
31 68 8
31 78 8
31 47 8
32 41 8
32 45 8
32 69 8
33 61 8
33 70 8
33 77 8
33 62 8
33 71 8
34 72 8
34 73 8
34 74 8
35 74 8
35 36 3
36 52 8
37 72 8
37 73 8
37 75 8
37 76 8
38 71 8
38 70 8
38 53 8
38 54 8
38 77 8
39 66 8
39 59 8
39 60 8
40 68 8
40 78 8
41 69 0
42 43 0
43 50 0
43 49 0
44 56 0
44 57 0
45 69 0
46 53 0
47 67 0
47 68 0
47 78 0
49 50 0
53 77 0
53 54 0
54 77 0
55 58 0
56 57 0
56 58 0
59 66 0
61 64 0
61 70 0
61 63 0
62 77 0
62 71 0
63 64 0
65 75 0
65 76 0
68 78 0
70 71 0
71 77 0
72 74 0
72 75 0
73 76 0
75 76 0
