27 61
1
1
1
1
1
2
1
2
1
1
1
1
1
1
1
1
1
4
3
3
3
3
3
3
3
3
3
0 1 2
0 18 8
0 17 8
1 17 8
1 26 8
1 19 8
2 3 3
2 20 8
3 4 3
4 8 3
4 5 2
5 8 5
5 6 4
6 7 4
7 9 4
7 10 2
8 25 8
9 10 6
9 12 2
9 13 5
10 11 4
11 14 4
11 15 2
12 13 3
12 23 8
13 22 8
14 21 8
14 15 6
15 24 8
16 18 8
16 19 8
16 20 8
16 21 8
16 22 8
16 23 8
16 24 8
16 25 8
16 26 8
18 19 0
19 26 0
20 21 0
20 22 0
20 23 0
20 24 0
20 25 0
20 26 0
21 22 0
21 23 0
21 24 0
21 25 0
21 26 0
22 23 0
22 24 0
22 25 0
22 26 0
23 24 0
23 25 0
23 26 0
24 25 0
24 26 0
25 26 0
