58 122
1
1
1
1
1
1
2
1
1
1
1
1
2
1
1
2
1
1
1
1
1
1
1
1
1
1
1
1
1
1
1
1
1
1
1
1
1
1
1
4
3
3
3
3
3
3
3
3
3
3
3
3
3
3
3
3
3
3
0 40 8
0 1 5
1 2 2
1 3 4
1 39 8
2 3 2
2 41 8
2 39 8
3 4 3
3 39 8
4 5 5
4 7 3
5 6 5
5 7 2
6 42 8
7 43 8
8 44 8
8 45 8
8 46 8
8 48 8
8 49 8
8 50 8
8 51 8
8 52 8
9 10 3
9 11 6
9 46 8
10 48 8
10 11 3
11 12 3
11 14 5
12 13 4
12 14 2
13 16 6
13 18 4
14 15 3
15 19 3
15 20 3
16 17 3
16 18 2
17 21 3
17 22 5
18 22 6
18 23 3
19 47 8
19 20 6
20 24 2
20 25 3
21 50 8
21 22 2
22 23 3
23 27 2
23 26 6
24 25 5
24 54 8
25 53 8
26 49 8
26 27 4
27 28 4
28 29 3
29 32 5
29 44 8
29 45 8
29 30 2
30 32 3
30 45 8
30 44 8
30 31 4
31 51 8
32 52 8
32 44 8
32 45 8
33 34 3
33 55 8
34 40 8
34 41 8
34 42 8
34 43 8
34 54 8
34 56 8
35 57 8
35 55 8
36 57 8
36 37 4
36 38 6
36 47 8
37 53 8
37 38 2
38 56 8
40 41 0
40 42 0
40 43 0
40 54 0
40 56 0
41 42 0
41 43 0
41 54 0
41 56 0
42 43 0
42 54 0
42 56 0
43 54 0
43 56 0
44 45 0
44 51 0
45 46 0
45 48 0
45 49 0
45 50 0
45 52 0
46 48 0
46 49 0
46 50 0
46 52 0
47 57 0
48 49 0
48 50 0
48 52 0
49 50 0
49 52 0
50 52 0
54 56 0
