56 103
1
1
1
1
2
1
1
1
1
1
1
1
1
1
1
1
1
1
1
1
1
1
1
1
1
1
1
1
1
1
1
1
4
3
3
3
3
3
3
3
3
3
3
3
3
3
3
3
3
3
3
3
3
3
3
3
0 1 2
0 3 4
0 33 8
1 2 3
1 3 2
2 4 6
2 5 3
3 6 3
3 7 3
4 34 8
4 5 3
5 36 8
6 8 3
6 9 3
6 7 6
7 8 4
8 9 6
9 35 8
10 50 8
10 11 3
10 12 6
10 37 8
11 38 8
11 12 3
11 49 8
11 50 8
11 51 8
12 50 8
12 39 8
13 40 8
13 41 8
14 16 4
14 42 8
14 15 2
15 16 2
15 18 4
15 19 6
16 17 4
17 20 2
17 21 5
18 55 8
18 19 2
18 46 8
19 43 8
20 21 3
20 45 8
21 44 8
22 24 6
22 47 8
22 23 2
23 24 4
23 48 8
23 52 8
23 53 8
24 49 8
25 32 8
25 50 8
25 37 8
25 39 8
26 51 8
26 38 8
26 47 8
27 48 8
27 52 8
27 28 3
27 29 6
28 48 8
28 44 8
28 29 3
29 48 8
29 53 8
30 40 8
30 33 8
30 54 8
30 41 8
31 35 8
31 42 8
31 43 8
31 45 8
31 46 8
31 55 8
32 39 0
33 54 0
34 36 0
34 54 0
35 55 0
36 54 0
37 50 0
38 49 0
38 51 0
40 41 0
42 43 0
42 45 0
42 46 0
43 45 0
43 46 0
45 46 0
46 55 0
47 51 0
48 52 0
48 53 0
49 51 0
52 53 0
