63 113
1
1
1
1
1
1
1
1
1
1
1
1
1
1
1
1
1
1
1
1
1
1
1
1
1
1
1
1
1
2
1
1
1
1
1
1
1
1
4
3
3
3
3
3
3
3
3
3
3
3
3
3
3
3
3
3
3
3
3
3
3
3
3
0 1 5
0 39 8
1 2 3
1 38 8
2 3 2
2 4 6
2 38 8
3 40 8
3 4 4
4 5 4
4 6 6
5 8 4
5 6 2
5 7 6
6 43 8
7 8 2
7 42 8
8 41 8
8 52 8
8 54 8
8 61 8
9 10 3
9 44 8
10 60 8
10 45 8
11 55 8
11 46 8
11 47 8
12 48 8
12 39 8
13 49 8
13 14 3
13 15 6
14 16 3
14 17 5
14 15 3
15 18 2
15 19 4
16 17 2
16 50 8
17 21 3
17 22 6
18 19 2
18 54 8
19 20 4
20 25 2
20 23 4
21 51 8
21 22 3
22 53 8
23 24 4
23 25 6
24 25 3
24 26 6
25 26 3
26 52 8
27 28 3
27 55 8
28 29 4
29 46 8
29 47 8
30 32 2
30 56 8
30 59 8
30 31 3
31 32 5
31 57 8
31 58 8
32 33 3
33 34 4
33 35 6
33 44 8
34 35 2
34 60 8
34 44 8
35 44 8
35 45 8
36 40 8
36 41 8
36 42 8
36 43 8
36 48 8
36 61 8
37 49 8
37 50 8
37 51 8
37 53 8
37 62 8
40 42 0
40 43 0
40 61 0
41 48 0
41 52 0
41 54 0
41 61 0
42 43 0
42 61 0
43 61 0
45 60 0
46 47 0
47 55 0
49 50 0
49 51 0
49 53 0
50 51 0
50 53 0
51 53 0
52 61 0
52 54 0
54 61 0
56 59 0
57 58 0
57 59 0
