56 96
1
1
1
1
2
1
1
1
1
1
1
1
1
1
1
1
1
1
1
1
1
1
1
1
1
1
1
1
1
4
3
3
3
3
3
3
3
3
3
3
3
3
3
3
3
3
3
3
3
3
3
3
3
3
3
3
0 1 2
0 3 3
0 30 8
1 2 4
1 3 5
2 32 8
2 51 8
3 42 8
3 31 8
4 33 8
4 5 3
4 29 8
5 34 8
5 54 8
5 55 8
6 40 8
6 33 8
6 35 8
6 36 8
7 8 3
7 10 5
7 37 8
8 9 3
8 10 2
9 52 8
9 38 8
10 41 8
10 39 8
11 40 8
11 35 8
11 36 8
12 41 8
12 13 3
13 39 8
14 42 8
14 15 3
15 16 4
16 43 8
17 44 8
17 45 8
18 19 3
18 20 6
18 46 8
18 30 8
19 20 3
19 47 8
20 21 3
21 48 8
21 53 8
22 49 8
22 23 3
23 50 8
24 34 8
24 44 8
24 45 8
25 32 8
25 51 8
25 31 8
26 43 8
26 52 8
26 37 8
26 38 8
27 46 8
27 47 8
27 48 8
27 49 8
27 50 8
27 53 8
28 54 8
28 55 8
29 33 0
30 46 0
31 32 0
31 42 0
32 51 0
33 40 0
33 35 0
34 54 0
34 55 0
35 40 0
35 36 0
37 43 0
37 52 0
38 52 0
39 41 0
43 52 0
44 45 0
46 50 0
46 49 0
46 53 0
47 48 0
48 53 0
49 50 0
49 53 0
50 53 0
54 55 0
