39 65
1
1
1
1
1
1
1
1
1
1
1
1
1
1
1
2
1
1
1
1
1
1
1
1
1
1
4
3
3
3
3
3
3
3
3
3
3
3
3
0 1 3
0 2 6
0 27 8
0 37 8
1 2 3
1 3 4
1 4 2
2 29 8
3 4 2
3 5 6
3 6 4
4 28 8
5 6 5
5 6 2
7 8 3
7 9 5
7 30 8
8 32 8
8 9 2
9 31 8
10 33 8
10 34 8
11 33 8
11 34 8
11 12 3
11 13 6
12 35 8
12 13 3
13 14 4
14 16 4
14 15 2
15 16 2
15 16 6
15 17 5
16 17 3
17 28 8
18 32 8
18 19 4
18 20 6
18 30 8
18 31 8
19 36 8
19 20 2
19 38 8
20 35 8
21 27 8
21 29 8
21 22 4
21 23 2
22 24 2
22 23 4
22 23 6
23 24 6
24 26 8
24 37 8
25 36 8
25 38 8
26 37 0
27 37 0
27 29 0
30 32 0
30 31 0
31 32 0
33 34 0
36 38 0
