34 60
1
1
1
1
1
1
1
1
1
1
1
1
1
1
1
1
1
1
1
1
1
1
1
4
3
3
3
3
3
3
3
3
3
3
0 24 8
0 1 2
0 2 4
1 2 2
1 5 6
1 6 3
2 3 4
3 4 3
4 8 3
4 9 3
5 10 5
5 11 3
5 6 3
6 7 3
7 28 8
8 9 6
8 13 6
8 14 4
9 29 8
10 27 8
10 11 2
11 12 5
12 16 2
12 15 2
13 14 2
13 14 5
15 16 4
15 25 8
15 30 8
16 26 8
17 24 8
17 25 8
17 26 8
17 27 8
17 28 8
17 30 8
18 19 2
18 21 4
18 31 8
19 20 5
19 21 2
20 33 8
21 32 8
21 23 8
22 32 8
22 33 8
22 29 8
22 31 8
23 32 0
24 26 0
24 27 0
24 30 0
25 28 0
25 30 0
26 27 0
26 30 0
27 30 0
31 32 0
31 33 0
32 33 0
