68 117
1
1
1
1
1
1
1
1
1
1
1
1
1
1
1
1
1
1
1
1
1
1
2
1
1
1
1
1
1
1
1
1
1
1
1
1
1
1
1
4
3
3
3
3
3
3
3
3
3
3
3
3
3
3
3
3
3
3
3
3
3
3
3
3
3
3
3
3
0 40 8
0 1 2
0 2 5
0 45 8
0 39 8
1 41 8
1 2 3
1 59 8
2 42 8
3 43 8
3 44 8
4 40 8
4 5 3
4 6 6
4 45 8
5 6 3
5 40 8
5 43 8
5 44 8
5 46 8
6 40 8
6 41 8
6 42 8
7 48 8
7 47 8
8 49 8
8 50 8
9 51 8
9 10 4
9 11 6
10 11 2
10 53 8
11 52 8
12 49 8
12 50 8
12 13 2
12 14 5
13 14 3
13 55 8
14 54 8
15 16 3
15 48 8
15 56 8
15 47 8
16 57 8
16 60 8
17 18 4
17 19 6
17 46 8
18 58 8
18 19 2
18 61 8
18 62 8
19 59 8
20 60 8
20 21 4
21 22 3
21 23 3
22 24 6
22 23 4
22 23 6
23 24 2
24 57 8
25 26 3
25 27 5
25 61 8
26 27 2
26 62 8
27 28 4
27 29 6
28 65 8
28 52 8
28 29 2
29 58 8
29 66 8
30 32 6
30 63 8
30 31 2
31 32 4
31 64 8
32 55 8
33 64 8
33 34 3
33 63 8
34 56 8
35 67 8
35 51 8
35 36 2
35 37 4
35 54 8
36 65 8
36 37 6
37 66 8
38 67 8
38 53 8
39 40 0
39 45 0
40 45 0
41 42 0
41 59 0
43 44 0
43 46 0
44 46 0
47 48 0
47 56 0
48 56 0
49 50 0
51 67 0
51 54 0
52 65 0
54 67 0
57 60 0
58 66 0
58 61 0
58 62 0
61 62 0
63 64 0
