50 97
1
2
1
1
1
1
2
1
1
1
2
1
1
1
1
1
1
1
1
1
1
1
1
1
1
1
1
1
1
4
3
3
3
3
3
3
3
3
3
3
3
3
3
3
3
3
3
3
3
3
0 1 6
0 30 8
1 2 3
1 4 5
1 29 8
2 3 3
2 4 2
2 29 8
3 31 8
4 32 8
4 29 8
5 33 8
5 6 3
6 34 8
7 48 8
7 49 8
7 35 8
7 36 8
8 40 8
8 37 8
8 38 8
8 39 8
9 10 2
9 12 2
9 39 8
10 11 3
10 12 4
11 12 3
11 13 6
11 38 8
12 13 3
12 38 8
13 32 8
13 38 8
13 30 8
13 31 8
14 37 8
14 15 3
15 40 8
16 17 2
16 18 3
16 41 8
17 18 5
17 19 4
17 20 6
18 21 3
18 22 5
18 33 8
19 20 2
19 44 8
20 42 8
21 33 8
21 43 8
21 22 2
22 33 8
22 34 8
23 24 3
23 25 5
23 45 8
23 47 8
24 25 2
24 46 8
25 41 8
25 42 8
25 43 8
25 44 8
26 35 8
26 27 2
26 27 1
26 28 3
26 47 8
26 36 8
27 36 8
27 35 8
27 28 5
27 47 8
28 45 8
28 46 8
30 32 0
30 31 0
31 32 0
35 36 0
35 47 0
35 48 0
35 49 0
36 47 0
37 40 0
38 39 0
41 42 0
41 43 0
41 44 0
42 43 0
42 44 0
43 44 0
45 46 0
45 47 0
48 49 0
