40 72
1
1
1
1
1
1
1
2
1
1
1
1
1
1
1
1
1
1
1
1
1
1
1
1
4
3
3
3
3
3
3
3
3
3
3
3
3
3
3
3
0 1 4
0 25 8
1 26 8
2 25 8
2 27 8
3 28 8
3 26 8
3 36 8
3 31 8
4 29 8
4 30 8
4 37 8
5 32 8
5 27 8
5 28 8
5 31 8
6 32 8
6 33 8
6 34 8
6 35 8
6 38 8
6 39 8
7 8 2
7 33 8
7 10 6
8 9 3
8 10 4
9 11 6
9 12 3
10 13 3
10 14 3
11 12 3
11 36 8
12 16 2
12 15 6
13 14 6
13 39 8
14 19 3
14 20 3
15 16 4
15 29 8
15 30 8
16 17 4
17 18 4
18 37 8
19 20 6
19 21 2
19 23 5
20 38 8
21 22 3
21 23 3
22 34 8
23 24 8
23 35 8
24 35 0
26 36 0
27 32 0
27 31 0
28 31 0
29 30 0
30 37 0
31 32 0
33 34 0
33 35 0
33 38 0
33 39 0
34 35 0
34 38 0
34 39 0
35 38 0
35 39 0
38 39 0
