79 127
1
1
1
1
1
1
1
1
1
1
1
1
1
1
1
1
1
1
1
1
1
1
1
1
1
1
1
1
1
1
1
1
1
1
1
1
1
1
1
1
1
1
1
1
1
1
1
2
1
1
1
4
3
3
3
3
3
3
3
3
3
3
3
3
3
3
3
3
3
3
3
3
3
3
3
3
3
3
3
0 1 4
0 52 8
0 57 8
1 2 2
1 3 6
2 3 4
2 53 8
3 51 8
3 4 2
3 5 4
4 51 8
4 5 2
4 6 2
4 7 5
5 51 8
5 54 8
6 56 8
6 7 3
7 55 8
8 57 8
8 52 8
8 53 8
9 10 2
9 11 4
9 58 8
10 11 2
10 59 8
11 12 3
12 60 8
13 61 8
13 14 2
13 15 4
14 62 8
14 15 2
15 16 3
15 17 3
16 64 8
16 17 6
17 63 8
18 65 8
18 19 3
19 20 3
20 21 6
20 23 2
21 22 3
21 23 4
22 24 4
22 23 6
23 24 2
24 25 4
25 26 3
25 27 6
26 66 8
26 27 3
27 67 8
28 68 8
28 29 4
29 69 8
29 78 8
30 33 4
30 70 8
30 31 6
31 32 6
31 33 2
32 33 4
32 34 2
33 34 2
34 71 8
35 72 8
35 75 8
35 36 2
36 73 8
36 77 8
37 40 6
37 58 8
37 59 8
37 38 4
38 40 2
38 39 5
39 74 8
39 76 8
40 60 8
41 42 3
41 71 8
42 43 3
43 75 8
44 74 8
44 45 2
44 46 4
45 65 8
45 46 2
46 76 8
47 64 8
47 66 8
47 67 8
47 61 8
47 62 8
47 63 8
48 72 8
48 73 8
48 77 8
49 68 8
49 69 8
49 70 8
50 56 8
50 54 8
50 78 8
50 55 8
52 57 0
52 53 0
54 56 0
54 55 0
55 56 0
58 59 0
61 64 0
61 62 0
61 63 0
62 64 0
62 63 0
63 64 0
66 67 0
68 69 0
69 78 0
72 73 0
72 75 0
73 77 0
74 76 0
