52 102
1
1
1
1
1
1
1
1
2
1
1
1
1
1
1
1
2
1
1
1
1
1
1
1
1
1
1
1
1
1
1
1
1
4
3
3
3
3
3
3
3
3
3
3
3
3
3
3
3
3
3
3
0 1 2
0 34 8
0 43 8
1 2 4
2 3 2
2 4 2
3 35 8
3 4 4
4 5 2
4 6 3
5 8 3
5 6 5
5 7 5
6 9 2
6 10 3
7 8 2
7 8 3
9 10 5
9 36 8
10 37 8
10 47 8
11 33 8
11 38 8
11 39 8
12 40 8
12 41 8
13 16 4
13 42 8
13 46 8
13 14 6
14 16 2
14 46 8
14 15 3
15 16 5
16 46 8
17 43 8
17 34 8
17 35 8
18 19 3
18 39 8
18 44 8
18 50 8
18 51 8
18 21 5
19 51 8
19 50 8
19 20 5
19 21 2
20 48 8
20 49 8
20 45 8
21 38 8
21 42 8
21 50 8
21 46 8
21 51 8
22 36 8
22 40 8
22 41 8
22 47 8
22 23 2
22 25 2
23 24 3
23 25 4
23 41 8
23 40 8
24 44 8
24 45 8
25 37 8
25 40 8
25 41 8
25 26 2
25 27 4
26 27 2
26 28 4
26 29 2
26 37 8
27 48 8
27 37 8
28 29 6
28 30 3
28 31 3
29 49 8
30 50 8
30 31 6
31 32 4
32 51 8
33 38 0
34 43 0
35 43 0
36 47 0
37 47 0
38 42 0
38 46 0
39 44 0
40 41 0
42 46 0
44 45 0
45 48 0
45 49 0
48 49 0
50 51 0
