34 79
1
1
1
1
1
1
1
1
1
1
1
1
1
1
2
1
1
1
1
1
1
1
4
3
3
3
3
3
3
3
3
3
3
3
0 1 3
0 2 5
0 22 8
0 23 8
1 2 2
1 3 3
1 4 6
1 22 8
2 22 8
2 5 2
2 6 4
3 8 2
3 4 3
3 7 6
4 25 8
5 27 8
5 6 2
6 29 8
7 8 4
7 9 4
7 10 2
8 28 8
9 24 8
9 10 2
10 26 8
11 12 3
11 13 5
11 30 8
12 32 8
12 33 8
12 13 2
12 31 8
13 16 5
13 14 3
14 16 2
14 15 3
15 16 2
15 17 5
16 17 3
17 23 8
17 24 8
17 25 8
17 26 8
17 27 8
17 28 8
17 29 8
18 32 8
18 19 2
18 21 4
19 20 3
19 21 2
20 33 8
21 30 8
21 31 8
23 24 0
23 25 0
23 26 0
23 27 0
23 28 0
23 29 0
24 25 0
24 26 0
24 27 0
24 28 0
24 29 0
25 26 0
25 27 0
25 28 0
25 29 0
26 27 0
26 28 0
26 29 0
27 28 0
27 29 0
28 29 0
30 31 0
31 32 0
31 33 0
32 33 0
