46 94
1
1
1
1
1
1
2
1
1
1
1
2
1
1
1
1
1
1
1
1
1
1
1
1
1
1
1
4
3
3
3
3
3
3
3
3
3
3
3
3
3
3
3
3
3
3
0 40 8
0 1 2
0 2 3
0 28 8
1 2 5
1 3 2
1 4 3
2 5 4
2 7 2
3 8 2
3 4 5
3 9 6
4 29 8
5 6 5
5 7 6
6 27 8
6 7 3
7 27 8
8 9 4
8 30 8
9 41 8
9 10 2
9 11 2
9 45 8
9 42 8
10 42 8
10 11 4
10 11 4
10 45 8
10 41 8
11 45 8
11 42 8
11 41 8
12 30 8
12 13 2
12 14 5
12 31 8
13 32 8
13 30 8
13 14 3
14 33 8
14 30 8
15 16 5
15 34 8
16 35 8
17 18 3
17 19 5
17 36 8
17 31 8
18 32 8
18 43 8
18 44 8
18 19 2
18 20 2
18 21 4
19 37 8
20 32 8
20 38 8
20 43 8
20 44 8
20 21 2
21 32 8
21 39 8
21 43 8
21 44 8
22 40 8
22 28 8
23 34 8
23 35 8
23 36 8
23 37 8
23 38 8
24 41 8
24 42 8
24 29 8
25 43 8
25 44 8
25 39 8
26 33 8
26 45 8
28 40 0
29 41 0
31 36 0
32 43 0
32 44 0
34 35 0
34 36 0
35 36 0
37 38 0
39 43 0
41 42 0
41 45 0
42 45 0
43 44 0
