46 79
1
1
1
1
1
1
1
1
1
1
1
1
1
1
1
1
1
1
1
2
1
1
1
1
1
1
1
1
4
3
3
3
3
3
3
3
3
3
3
3
3
3
3
3
3
3
0 29 8
0 30 8
1 40 8
1 33 8
1 32 8
2 28 8
2 34 8
2 3 3
2 4 6
3 36 8
3 4 3
4 35 8
5 8 6
5 6 3
5 31 8
6 8 3
6 7 4
7 10 6
7 11 2
8 9 2
9 38 8
10 11 4
10 37 8
11 41 8
11 39 8
11 42 8
12 40 8
12 13 2
12 15 6
13 14 4
13 15 4
14 32 8
14 33 8
15 16 4
16 17 2
16 18 4
17 18 6
17 42 8
18 19 5
19 20 4
19 21 2
20 41 8
20 21 6
20 30 8
20 29 8
21 37 8
21 39 8
22 24 6
22 43 8
22 23 3
23 24 3
23 38 8
24 25 2
24 26 4
25 26 6
25 44 8
26 35 8
26 36 8
26 45 8
27 34 8
27 43 8
27 44 8
27 45 8
28 34 0
29 41 0
29 30 0
30 41 0
32 33 0
33 40 0
34 44 0
34 45 0
35 36 0
35 45 0
36 45 0
37 39 0
39 41 0
39 42 0
41 42 0
44 45 0
