70 113
1
1
1
1
1
1
1
1
1
2
1
1
1
1
1
1
1
1
1
1
1
1
1
1
1
1
1
1
1
1
1
1
1
1
4
3
3
3
3
3
3
3
3
3
3
3
3
3
3
3
3
3
3
3
3
3
3
3
3
3
3
3
3
3
3
3
3
3
3
3
0 1 2
0 2 4
0 35 8
1 2 6
1 36 8
2 3 3
2 4 2
3 4 5
3 5 2
3 7 6
4 57 8
4 37 8
4 63 8
5 6 3
5 7 4
6 38 8
7 39 8
8 40 8
8 9 3
8 42 8
9 41 8
9 43 8
10 35 8
10 42 8
10 11 3
11 43 8
12 44 8
12 13 3
12 15 6
13 14 5
13 15 3
14 46 8
15 45 8
16 17 3
16 47 8
17 48 8
18 36 8
18 19 2
18 20 4
18 49 8
19 20 2
19 50 8
20 21 4
21 64 8
21 51 8
22 34 8
22 52 8
22 53 8
23 24 3
23 40 8
23 54 8
23 56 8
24 55 8
24 60 8
25 56 8
25 54 8
26 57 8
26 58 8
26 52 8
26 53 8
27 47 8
27 60 8
27 55 8
28 48 8
28 65 8
28 62 8
29 58 8
29 39 8
29 37 8
29 63 8
30 64 8
30 49 8
30 50 8
30 51 8
31 65 8
31 46 8
32 66 8
32 67 8
33 59 8
33 68 8
33 69 8
34 53 0
35 42 0
36 49 0
37 57 0
37 39 0
37 63 0
40 56 0
40 42 0
40 54 0
41 67 0
41 66 0
41 43 0
44 45 0
44 61 0
45 61 0
47 60 0
49 64 0
49 50 0
50 64 0
51 64 0
52 57 0
52 53 0
53 57 0
54 56 0
55 60 0
57 63 0
58 63 0
59 68 0
61 62 0
62 65 0
66 67 0
68 69 0
