57 97
1
1
1
1
1
1
1
1
1
1
2
1
1
1
1
1
1
1
1
1
1
1
1
1
1
1
1
1
1
1
1
1
1
1
1
1
1
2
4
3
3
3
3
3
3
3
3
3
3
3
3
3
3
3
3
3
3
0 1 3
0 42 8
0 3 5
0 39 8
1 2 3
1 3 2
2 40 8
3 4 5
4 41 8
5 39 8
5 6 2
5 7 4
6 42 8
6 7 2
7 41 8
7 38 8
8 43 8
8 44 8
8 45 8
8 46 8
8 47 8
8 50 8
8 51 8
9 10 3
9 12 5
9 45 8
10 11 4
10 12 2
11 14 6
11 15 2
12 13 4
13 16 4
13 17 2
14 46 8
14 15 4
15 18 7
15 50 8
16 17 6
16 43 8
16 44 8
17 19 4
17 20 2
18 50 8
18 22 4
19 20 6
19 47 8
20 21 5
21 24 2
21 23 4
22 51 8
23 24 6
23 48 8
24 56 8
24 49 8
25 40 8
25 26 3
26 27 3
27 52 8
27 54 8
28 55 8
28 29 2
28 30 4
28 53 8
29 54 8
29 30 2
30 52 8
31 32 3
31 55 8
32 33 3
32 35 6
33 34 4
33 35 3
34 36 2
34 37 5
35 53 8
36 56 8
36 37 3
37 48 8
37 49 8
38 41 0
39 42 0
43 44 0
43 47 0
44 45 0
44 46 0
44 50 0
44 51 0
45 46 0
45 50 0
45 51 0
46 50 0
46 51 0
48 49 0
49 56 0
50 51 0
52 54 0
53 55 0
