43 80
1
1
1
1
1
2
1
1
1
1
1
1
1
2
1
1
1
1
1
1
1
1
1
1
1
1
4
3
3
3
3
3
3
3
3
3
3
3
3
3
3
3
3
0 32 8
0 1 3
0 2 5
0 33 8
0 34 8
0 27 8
1 2 2
1 29 8
2 3 4
3 4 5
4 5 4
5 6 3
5 7 2
6 28 8
6 7 5
7 8 3
8 9 3
8 10 6
9 10 3
9 31 8
10 42 8
10 30 8
11 32 8
11 27 8
11 12 3
11 13 2
12 27 8
12 33 8
12 13 5
13 27 8
13 14 3
13 15 6
14 34 8
14 15 3
15 29 8
16 17 2
16 18 6
16 35 8
16 26 8
17 18 4
17 36 8
18 37 8
19 20 4
19 21 2
19 38 8
20 40 8
20 21 6
21 41 8
21 39 8
22 24 6
22 41 8
22 23 2
23 24 4
23 38 8
23 39 8
24 35 8
24 36 8
24 37 8
25 40 8
25 42 8
25 28 8
25 30 8
25 31 8
26 35 0
27 32 0
27 33 0
27 34 0
28 30 0
28 31 0
30 42 0
30 31 0
32 33 0
32 34 0
33 34 0
35 36 0
35 37 0
36 37 0
38 39 0
39 41 0
40 42 0
