56 87
1
1
1
1
1
1
1
1
1
1
2
1
2
1
1
1
1
1
1
1
1
1
1
1
1
2
1
1
1
2
1
4
3
3
3
3
3
3
3
3
3
3
3
3
3
3
3
3
3
3
3
3
3
3
3
3
0 32 8
0 1 4
1 33 8
1 44 8
2 34 8
2 3 4
3 35 8
4 36 8
4 5 4
4 6 6
5 40 8
5 38 8
5 6 2
6 37 8
7 8 4
7 9 6
7 36 8
8 9 2
8 38 8
9 40 8
10 41 8
10 11 3
10 12 6
11 12 3
11 13 3
11 14 6
12 14 2
12 15 6
13 43 8
13 14 3
14 15 4
15 42 8
16 33 8
16 44 8
16 31 8
17 34 8
17 35 8
17 47 8
18 19 2
18 20 6
18 45 8
19 20 4
19 46 8
20 47 8
21 48 8
21 22 2
21 23 6
22 49 8
22 23 4
23 41 8
23 43 8
24 50 8
24 51 8
24 54 8
25 42 8
25 45 8
25 46 8
26 32 8
26 52 8
26 53 8
26 55 8
27 28 3
27 54 8
28 51 8
28 50 8
29 39 8
29 52 8
29 53 8
29 55 8
30 48 8
30 49 8
30 37 8
31 44 0
32 52 0
32 55 0
33 44 0
34 47 0
38 40 0
39 52 0
39 53 0
41 43 0
45 46 0
48 49 0
50 51 0
50 54 0
52 53 0
52 55 0
