84 161
1
1
1
1
1
1
1
1
1
1
1
1
1
1
1
1
1
1
1
1
1
1
1
1
1
1
1
2
1
1
1
1
1
1
1
1
1
1
1
1
1
1
1
1
1
1
1
1
1
1
1
1
1
1
1
1
4
3
3
3
3
3
3
3
3
3
3
3
3
3
3
3
3
3
3
3
3
3
3
3
3
3
3
3
0 1 4
0 57 8
1 65 8
1 58 8
1 66 8
2 57 8
2 3 2
2 4 5
3 75 8
3 4 3
3 58 8
4 5 2
4 6 3
5 8 6
5 6 5
5 7 3
6 59 8
6 63 8
7 8 3
7 83 8
7 62 8
8 9 3
8 10 3
9 10 6
9 11 3
9 12 3
10 12 3
10 13 5
11 12 6
11 61 8
12 13 2
13 64 8
13 60 8
14 16 6
14 56 8
14 63 8
14 15 4
15 16 2
15 59 8
16 64 8
17 65 8
17 66 8
17 76 8
17 77 8
18 67 8
18 19 2
18 20 4
19 20 2
19 69 8
20 21 2
20 22 4
21 72 8
21 22 2
22 23 4
23 24 2
23 25 3
24 25 5
24 71 8
25 26 4
26 27 2
26 29 4
27 28 4
27 29 6
28 29 4
28 30 6
29 30 2
30 31 3
31 32 3
32 33 2
32 35 2
33 34 3
33 35 4
34 36 4
34 37 2
35 73 8
36 68 8
36 37 6
36 80 8
36 81 8
36 82 8
37 78 8
37 70 8
38 40 6
38 74 8
38 39 4
39 40 2
39 70 8
40 41 5
41 42 4
41 43 2
42 43 6
42 78 8
43 44 4
44 45 3
44 46 2
45 77 8
45 46 5
46 47 4
47 48 3
47 49 3
48 49 6
48 76 8
49 50 4
50 51 4
50 52 2
51 75 8
51 52 6
52 79 8
53 67 8
53 69 8
53 71 8
53 72 8
53 73 8
53 80 8
53 81 8
54 74 8
54 68 8
54 82 8
55 83 8
55 60 8
55 61 8
55 62 8
55 79 8
56 63 0
58 65 0
58 66 0
58 75 0
59 63 0
60 64 0
60 62 0
60 61 0
61 62 0
62 83 0
65 66 0
66 76 0
66 77 0
67 69 0
67 71 0
67 72 0
67 73 0
67 81 0
68 80 0
68 81 0
68 82 0
69 71 0
69 72 0
69 73 0
69 81 0
70 78 0
71 72 0
71 73 0
71 81 0
72 73 0
72 81 0
73 81 0
74 82 0
76 77 0
79 83 0
80 81 0
80 82 0
81 82 0
