53 91
2
1
1
1
1
1
1
1
1
1
1
1
1
1
1
1
1
1
1
1
2
1
1
1
1
1
1
1
1
1
1
1
1
1
1
1
2
2
1
1
1
1
4
3
3
3
3
3
3
3
3
3
3
0 1 3
0 43 8
1 2 3
1 3 6
2 3 3
2 45 8
3 4 3
4 5 4
4 6 2
5 9 4
5 6 6
5 7 6
6 44 8
7 8 4
7 9 2
7 42 8
8 9 4
8 42 8
10 11 3
10 46 8
11 12 4
11 14 2
12 13 5
12 14 2
13 14 5
15 16 2
15 17 4
15 47 8
16 17 2
16 18 4
16 19 6
17 19 2
17 20 3
18 19 2
18 20 2
18 21 4
19 20 5
20 21 6
21 25 4
21 22 2
22 25 2
22 23 2
23 24 4
24 26 6
24 27 4
25 30 4
25 28 2
26 32 5
26 27 2
26 27 2
27 32 3
28 29 5
28 30 2
29 34 2
29 31 4
30 31 3
31 34 6
32 33 4
33 35 2
33 37 5
33 37 6
34 45 8
34 43 8
34 44 8
35 36 4
35 37 3
35 37 4
36 48 8
37 37 1
38 40 4
38 50 8
38 39 2
39 40 2
39 51 8
39 52 8
40 48 8
40 49 8
40 47 8
41 50 8
41 51 8
41 52 8
41 46 8
43 44 0
43 45 0
44 45 0
46 52 0
47 48 0
47 49 0
48 49 0
50 51 0
51 52 0
