57 92
1
1
1
1
1
1
1
1
1
1
1
1
1
1
1
1
1
1
1
1
1
1
1
1
1
2
1
1
1
2
1
1
1
1
2
1
1
4
3
3
3
3
3
3
3
3
3
3
3
3
3
3
3
3
3
3
3
0 1 2
0 3 3
0 38 8
1 2 5
1 3 5
2 39 8
3 4 4
3 7 6
4 5 4
4 7 2
5 6 4
6 40 8
6 56 8
7 41 8
7 37 8
8 49 8
8 42 8
8 43 8
9 42 8
9 44 8
10 11 5
10 45 8
11 12 2
11 13 4
12 13 2
12 46 8
13 16 6
13 14 3
14 16 3
14 15 4
15 47 8
16 48 8
17 18 3
17 43 8
17 44 8
18 51 8
18 49 8
19 45 8
19 46 8
19 47 8
19 48 8
19 20 4
19 22 2
20 21 4
20 22 6
21 22 2
21 23 5
22 23 3
23 50 8
24 25 2
24 26 4
24 51 8
24 38 8
25 26 2
25 26 4
25 38 8
26 38 8
27 52 8
27 28 2
27 29 2
28 29 4
28 29 4
30 32 6
30 53 8
30 31 2
31 32 4
31 54 8
32 55 8
33 52 8
33 53 8
33 55 8
34 35 3
34 54 8
35 50 8
36 56 8
36 41 8
36 40 8
36 39 8
37 41 0
39 40 0
40 56 0
41 56 0
43 49 0
43 44 0
45 48 0
45 46 0
45 47 0
46 48 0
46 47 0
47 48 0
49 51 0
53 55 0
