65 113
1
1
1
1
1
1
1
1
1
2
2
2
1
1
1
1
1
1
1
1
1
1
1
1
1
1
1
1
1
1
1
1
1
1
1
1
1
1
1
1
1
1
1
1
1
4
3
3
3
3
3
3
3
3
3
3
3
3
3
3
3
3
3
3
3
0 1 2
0 2 5
0 46 8
1 2 3
1 47 8
2 3 3
2 5 5
3 4 3
3 5 2
4 8 3
4 7 6
5 6 3
6 9 2
6 10 3
7 8 3
7 11 5
7 12 3
8 48 8
8 64 8
9 10 4
9 10 5
9 45 8
10 45 8
11 12 2
11 12 4
13 16 4
13 46 8
13 14 2
13 47 8
14 16 2
14 47 8
14 15 5
15 16 4
16 47 8
17 49 8
17 50 8
17 54 8
18 49 8
18 50 8
18 19 2
18 20 5
18 51 8
19 49 8
19 20 3
19 50 8
19 52 8
20 49 8
20 50 8
20 21 3
20 23 2
21 22 3
21 23 5
22 25 5
22 26 2
23 24 4
24 28 4
24 29 2
25 57 8
25 26 3
26 27 5
27 58 8
28 29 6
28 54 8
29 30 4
30 32 3
30 31 2
31 32 5
31 55 8
32 33 4
33 34 3
33 35 2
34 35 5
34 53 8
35 56 8
35 63 8
36 59 8
36 60 8
37 51 8
37 52 8
37 57 8
37 58 8
37 59 8
37 60 8
38 61 8
38 39 3
39 62 8
40 41 2
40 43 4
40 63 8
41 42 5
41 43 2
42 56 8
42 53 8
42 55 8
43 61 8
44 64 8
44 48 8
44 62 8
48 64 0
49 50 0
49 54 0
51 57 0
51 52 0
51 58 0
52 58 0
52 57 0
53 56 0
53 55 0
55 56 0
56 63 0
57 58 0
59 60 0
62 64 0
