59 100
1
1
2
1
1
1
1
1
1
1
1
1
1
1
1
1
1
1
1
1
1
1
1
1
1
1
1
1
1
1
4
3
3
3
3
3
3
3
3
3
3
3
3
3
3
3
3
3
3
3
3
3
3
3
3
3
3
3
3
0 1 3
0 31 8
1 32 8
2 33 8
2 3 3
2 30 8
3 30 8
3 34 8
3 54 8
3 55 8
4 33 8
4 5 5
5 35 8
6 58 8
6 36 8
6 37 8
7 38 8
7 39 8
8 36 8
8 40 8
8 9 3
8 10 5
8 46 8
8 52 8
8 53 8
9 41 8
9 10 2
9 52 8
9 53 8
9 56 8
9 57 8
10 42 8
10 52 8
10 53 8
11 32 8
11 38 8
11 39 8
12 43 8
12 44 8
13 49 8
13 45 8
13 31 8
14 16 6
14 40 8
14 15 3
15 16 3
15 46 8
16 41 8
17 48 8
17 43 8
17 44 8
17 47 8
18 49 8
18 45 8
19 51 8
19 35 8
19 20 2
19 21 3
20 21 5
20 22 2
20 23 3
21 34 8
22 24 4
22 23 2
22 23 5
23 24 6
24 50 8
25 48 8
25 51 8
25 47 8
26 52 8
26 53 8
27 50 8
27 54 8
27 55 8
28 56 8
28 57 8
28 42 8
29 58 8
29 37 8
34 54 0
34 55 0
35 51 0
36 40 0
36 46 0
37 58 0
38 39 0
40 46 0
41 56 0
41 57 0
42 57 0
43 48 0
43 44 0
44 48 0
45 49 0
47 48 0
50 55 0
52 53 0
54 55 0
56 57 0
