43 79
1
2
1
1
1
1
1
1
1
1
1
1
1
1
1
1
1
1
1
1
1
1
1
1
2
4
3
3
3
3
3
3
3
3
3
3
3
3
3
3
3
3
3
0 32 8
0 1 4
0 26 8
1 2 2
1 3 3
2 27 8
2 3 5
3 4 2
3 5 4
4 28 8
4 5 2
5 35 8
5 29 8
5 37 8
6 30 8
6 31 8
7 8 3
7 9 5
7 26 8
7 32 8
8 9 2
8 26 8
8 33 8
9 26 8
9 34 8
10 35 8
10 11 2
10 12 4
10 30 8
11 30 8
11 12 2
11 13 3
11 14 5
12 36 8
12 30 8
13 16 3
13 14 2
13 15 5
14 38 8
15 16 2
15 37 8
16 29 8
17 25 8
17 18 2
17 19 5
17 39 8
18 40 8
18 42 8
18 19 3
18 38 8
19 41 8
20 42 8
20 21 4
20 23 6
21 22 4
21 23 2
22 36 8
22 31 8
23 40 8
23 41 8
23 39 8
24 33 8
24 34 8
24 27 8
24 28 8
25 39 0
26 32 0
27 28 0
29 35 0
29 37 0
31 36 0
33 34 0
35 37 0
38 40 0
38 42 0
39 40 0
39 41 0
40 41 0
40 42 0
