70 124
1
1
1
1
1
1
1
1
2
1
1
1
1
1
1
1
1
1
1
1
1
1
1
1
1
1
1
1
1
1
1
1
1
1
1
1
1
1
1
1
1
2
1
1
1
1
1
4
3
3
3
3
3
3
3
3
3
3
3
3
3
3
3
3
3
3
3
3
3
3
0 48 8
0 1 4
0 50 8
1 2 4
2 49 8
3 48 8
3 50 8
3 4 3
3 5 6
4 68 8
4 5 3
4 48 8
4 53 8
4 69 8
5 48 8
5 6 3
5 7 3
6 8 3
6 9 3
6 7 6
7 51 8
8 9 6
8 52 8
8 47 8
9 54 8
10 11 2
10 12 4
10 55 8
11 12 2
11 12 2
11 13 3
12 13 5
13 17 6
13 14 4
14 17 2
14 15 3
15 16 2
16 19 5
16 20 2
17 18 3
18 24 2
18 27 3
19 56 8
19 20 3
19 60 8
20 21 3
21 22 2
22 23 4
23 57 8
24 25 3
24 27 5
25 26 3
26 59 8
27 58 8
28 56 8
28 57 8
28 60 8
28 55 8
29 61 8
29 30 4
30 62 8
31 32 3
31 33 5
31 63 8
32 64 8
32 33 2
33 34 3
34 35 3
34 36 5
34 37 7
35 65 8
35 36 2
35 37 4
36 37 1
36 37 2
36 38 2
37 38 3
38 66 8
39 40 4
39 58 8
39 59 8
40 41 3
40 43 2
41 42 3
41 43 5
42 43 3
42 44 6
43 44 3
44 61 8
44 62 8
45 49 8
45 53 8
46 68 8
46 51 8
46 52 8
46 69 8
46 54 8
47 52 0
48 50 0
51 68 0
51 52 0
51 54 0
52 68 0
52 54 0
53 68 0
53 69 0
54 68 0
55 57 0
55 60 0
56 60 0
57 60 0
58 59 0
61 62 0
63 64 0
63 65 0
63 66 0
63 67 0
64 65 0
64 66 0
64 67 0
65 67 0
65 66 0
66 67 0
68 69 0
