67 141
1
1
1
1
1
1
1
1
1
1
1
1
1
1
1
1
1
1
1
1
1
1
1
1
1
1
1
1
1
2
1
1
2
1
2
1
1
1
1
1
1
1
1
1
1
1
1
1
1
1
1
4
3
3
3
3
3
3
3
3
3
3
3
3
3
3
3
0 1 2
0 1 7
0 2 4
0 52 8
1 2 6
1 52 8
2 3 3
2 4 3
3 4 6
3 6 3
3 63 8
4 5 5
5 51 8
5 54 8
6 9 6
6 63 8
6 7 3
7 8 5
7 9 3
8 53 8
9 10 2
9 11 3
10 11 5
10 11 3
10 12 3
11 12 6
12 55 8
13 56 8
13 14 3
13 15 6
14 16 3
14 17 6
14 15 3
15 65 8
15 61 8
16 17 3
16 18 2
16 19 4
17 62 8
18 19 2
18 20 4
18 21 2
19 59 8
20 58 8
20 21 2
21 22 3
22 24 2
22 23 5
23 24 3
23 26 6
23 27 4
24 25 5
25 28 4
25 29 2
26 31 5
26 27 2
26 30 2
27 32 4
27 30 6
28 33 6
28 35 4
28 29 2
29 36 3
29 37 5
30 32 2
30 31 3
31 32 4
33 34 3
33 35 2
34 38 2
34 39 6
35 40 3
35 37 5
36 40 2
36 37 2
36 39 3
37 40 2
38 41 5
38 42 2
38 39 4
39 40 5
41 57 8
41 42 3
42 43 3
43 60 8
44 45 5
44 47 3
44 52 8
44 53 8
44 54 8
44 55 8
44 63 8
45 52 8
45 53 8
45 46 5
45 47 2
46 48 3
46 47 5
47 48 2
47 52 8
47 53 8
48 64 8
49 65 8
49 50 3
49 56 8
49 57 8
49 58 8
49 59 8
49 60 8
49 62 8
50 64 8
50 66 8
51 54 0
52 53 0
54 63 0
54 55 0
55 63 0
56 65 0
56 57 0
56 58 0
56 59 0
56 60 0
56 62 0
57 65 0
57 58 0
57 59 0
57 60 0
57 62 0
58 65 0
58 59 0
58 60 0
58 62 0
59 65 0
59 60 0
59 62 0
60 65 0
60 62 0
61 65 0
61 66 0
62 65 0
64 66 0
