38 67
1
1
1
1
1
1
1
1
1
2
2
1
1
1
1
1
1
1
1
2
1
1
1
1
1
1
4
3
3
3
3
3
3
3
3
3
3
3
0 1 3
0 2 2
0 27 8
1 2 5
1 28 8
2 3 3
2 4 6
3 4 3
3 29 8
4 5 3
5 9 5
5 9 6
5 6 3
6 9 2
6 9 3
6 7 3
7 8 3
8 10 5
8 12 3
9 9 1
10 11 3
10 12 2
11 12 6
11 13 3
12 13 3
13 35 8
13 30 8
14 32 8
14 26 8
14 15 4
15 16 2
15 17 6
15 26 8
16 17 4
16 33 8
17 34 8
18 35 8
18 19 2
18 21 3
19 20 3
19 21 5
20 21 2
20 22 6
21 22 4
22 23 3
23 27 8
23 30 8
24 32 8
24 36 8
24 37 8
24 28 8
24 29 8
24 31 8
25 33 8
25 34 8
25 36 8
25 37 8
27 30 0
28 36 0
28 29 0
29 36 0
30 35 0
31 32 0
31 37 0
32 37 0
33 34 0
36 37 0
