48 83
1
2
1
1
1
1
1
1
1
2
1
1
1
1
1
1
1
1
1
1
1
1
1
1
1
1
1
1
1
2
1
4
3
3
3
3
3
3
3
3
3
3
3
3
3
3
3
3
0 32 8
0 1 3
1 2 2
1 3 3
2 3 5
2 4 5
2 5 3
3 42 8
3 33 8
4 5 5
4 5 2
6 8 6
6 34 8
6 7 4
7 8 2
7 36 8
7 47 8
8 9 3
9 35 8
9 37 8
9 38 8
9 39 8
10 11 3
10 12 5
10 37 8
11 12 2
11 38 8
12 13 2
12 14 5
13 14 3
13 39 8
14 17 6
14 15 3
15 16 5
15 17 3
16 35 8
17 40 8
17 43 8
18 41 8
18 19 4
18 20 2
19 20 3
19 20 6
19 21 3
20 21 6
21 42 8
21 31 8
22 24 6
22 43 8
22 23 4
23 24 2
23 40 8
24 44 8
25 26 3
25 27 5
25 45 8
26 27 2
26 46 8
27 32 8
27 28 4
27 29 2
28 32 8
28 29 5
28 29 6
29 32 8
30 34 8
30 36 8
30 47 8
31 42 0
33 41 0
33 42 0
34 47 0
35 37 0
35 38 0
35 39 0
36 47 0
37 38 0
37 39 0
38 39 0
40 43 0
44 45 0
44 46 0
45 46 0
