39 71
1
1
1
1
1
2
1
1
1
2
1
1
1
1
1
1
1
1
1
1
1
1
1
1
1
1
4
3
3
3
3
3
3
3
3
3
3
3
3
0 1 4
0 27 8
0 29 8
1 28 8
2 27 8
2 3 2
2 4 6
3 4 4
3 29 8
4 5 3
4 7 6
5 6 3
5 7 3
6 8 5
6 10 3
7 32 8
7 34 8
7 35 8
7 36 8
7 37 8
8 9 4
8 10 2
9 10 4
9 11 2
10 11 2
11 12 4
12 13 5
12 14 2
13 30 8
13 14 3
14 15 3
15 16 6
15 17 3
16 17 3
16 31 8
16 38 8
17 33 8
18 34 8
18 19 2
18 20 6
19 32 8
19 20 4
20 21 2
20 22 3
21 24 6
21 22 5
21 23 3
22 26 8
22 35 8
23 24 3
23 36 8
24 37 8
25 33 8
25 30 8
25 38 8
25 31 8
26 35 0
27 29 0
30 31 0
31 38 0
32 34 0
32 35 0
32 36 0
32 37 0
33 38 0
34 35 0
34 36 0
34 37 0
35 36 0
35 37 0
36 37 0
