79 134
1
1
1
1
1
1
1
1
1
1
1
1
1
1
1
1
1
1
1
1
1
1
2
1
1
1
1
1
2
1
1
2
1
1
1
1
1
1
1
1
1
1
1
1
1
1
4
3
3
3
3
3
3
3
3
3
3
3
3
3
3
3
3
3
3
3
3
3
3
3
3
3
3
3
3
3
3
3
3
0 48 8
0 47 8
1 49 8
1 2 2
1 3 5
2 50 8
2 3 3
2 63 8
3 64 8
3 51 8
4 52 8
4 53 8
4 70 8
5 8 6
5 49 8
5 6 4
6 8 2
6 7 3
7 48 8
7 47 8
8 54 8
9 56 8
9 55 8
10 50 8
10 60 8
10 54 8
11 57 8
11 12 3
11 14 5
11 55 8
12 13 3
12 14 2
13 73 8
13 59 8
13 71 8
14 58 8
14 69 8
15 16 4
15 17 6
15 60 8
16 17 2
16 18 2
16 19 5
17 63 8
18 19 3
18 61 8
19 20 3
20 75 8
20 62 8
21 64 8
21 51 8
21 46 8
22 65 8
22 23 4
23 24 5
23 25 2
24 25 3
24 66 8
24 68 8
25 67 8
25 78 8
26 27 3
26 68 8
26 29 6
27 28 3
27 29 3
28 52 8
28 53 8
28 30 3
28 31 5
28 31 6
29 65 8
29 66 8
30 32 3
30 33 5
30 52 8
30 53 8
30 31 2
30 31 3
31 52 8
31 52 8
31 53 8
31 53 8
31 31 1
32 33 2
32 69 8
33 34 3
34 58 8
35 36 3
35 38 5
35 71 8
36 37 3
36 38 2
37 72 8
37 74 8
38 39 3
39 40 3
39 41 5
40 41 2
40 73 8
41 56 8
41 59 8
41 57 8
42 72 8
42 74 8
43 75 8
43 61 8
43 62 8
44 76 8
44 77 8
45 67 8
45 78 8
46 64 0
47 48 0
50 63 0
51 64 0
52 53 0
53 70 0
54 60 0
55 57 0
56 57 0
56 59 0
57 59 0
58 69 0
59 71 0
59 73 0
61 62 0
62 75 0
65 66 0
66 68 0
67 78 0
71 73 0
72 74 0
76 77 0
