50 91
2
1
1
1
2
1
1
1
1
1
1
2
1
1
1
1
1
1
1
1
2
1
2
1
1
1
1
1
1
4
3
3
3
3
3
3
3
3
3
3
3
3
3
3
3
3
3
3
3
3
0 1 3
0 30 8
1 35 8
1 2 2
1 3 6
1 34 8
2 34 8
2 3 4
2 39 8
2 35 8
2 31 8
3 35 8
3 4 4
3 6 6
3 34 8
4 5 4
4 6 2
5 33 8
6 32 8
7 34 8
7 35 8
8 9 3
8 10 6
8 36 8
9 40 8
9 10 3
9 37 8
10 11 3
11 38 8
12 33 8
12 31 8
12 39 8
13 36 8
13 37 8
13 14 4
13 15 6
14 32 8
14 15 2
15 40 8
15 38 8
16 48 8
16 17 3
16 47 8
16 49 8
16 41 8
17 42 8
18 43 8
18 19 2
18 20 5
18 20 6
19 44 8
19 20 3
19 20 4
19 45 8
19 46 8
20 20 1
21 45 8
21 22 2
21 23 3
22 46 8
22 23 5
23 43 8
23 44 8
24 25 3
24 26 5
24 47 8
25 26 2
25 27 3
25 28 6
26 29 8
26 48 8
27 28 3
27 41 8
28 49 8
29 48 0
31 33 0
31 39 0
34 35 0
36 37 0
37 40 0
38 40 0
41 48 0
41 49 0
41 47 0
43 44 0
44 45 0
44 46 0
45 46 0
47 49 0
47 48 0
48 49 0
