49 86
1
1
1
1
1
1
1
1
1
1
1
1
1
1
1
1
1
1
1
1
1
1
1
1
2
1
1
1
2
1
1
1
4
3
3
3
3
3
3
3
3
3
3
3
3
3
3
3
3
0 1 3
0 37 8
0 38 8
0 33 8
1 2 3
1 3 5
2 34 8
2 3 2
3 4 3
3 5 5
4 35 8
4 5 2
5 36 8
5 46 8
5 47 8
6 8 3
6 37 8
6 7 2
7 8 5
7 10 6
7 11 2
8 9 4
9 10 4
10 11 4
11 12 4
12 38 8
13 40 8
13 33 8
13 39 8
14 40 8
14 34 8
14 35 8
14 39 8
15 16 2
15 17 4
15 41 8
15 32 8
16 32 8
16 17 2
16 43 8
17 32 8
17 42 8
18 41 8
18 42 8
18 19 5
18 44 8
18 43 8
19 45 8
20 21 3
20 46 8
20 23 5
21 22 3
21 23 2
22 36 8
23 24 4
24 25 3
24 26 5
25 26 2
25 47 8
26 27 2
26 29 3
27 28 5
27 29 5
28 29 2
28 30 5
29 30 3
30 48 8
31 48 8
31 44 8
31 45 8
33 40 0
33 38 0
33 37 0
34 35 0
36 46 0
36 47 0
37 38 0
39 40 0
41 42 0
41 43 0
41 44 0
42 43 0
42 44 0
43 44 0
44 45 0
46 47 0
