42 79
1
1
1
1
1
1
1
1
1
1
2
1
1
1
1
1
1
1
1
1
1
1
1
1
1
1
4
3
3
3
3
3
3
3
3
3
3
3
3
3
3
3
0 26 8
0 27 8
0 28 8
1 32 8
1 2 4
1 29 8
2 3 2
2 4 6
3 4 4
3 30 8
4 5 5
5 33 8
5 31 8
6 32 8
6 9 6
6 7 4
7 8 4
7 9 2
8 33 8
9 10 2
9 10 4
10 10 6
11 34 8
11 12 2
11 14 4
12 13 3
12 14 2
13 40 8
13 36 8
13 39 8
14 15 5
15 16 4
16 17 2
16 18 3
17 18 5
17 38 8
18 19 2
18 20 3
19 28 8
19 27 8
19 20 5
19 35 8
20 41 8
20 37 8
21 24 6
21 22 4
21 39 8
22 24 2
22 23 4
23 40 8
23 30 8
23 29 8
23 31 8
24 34 8
24 36 8
25 41 8
25 35 8
25 37 8
25 38 8
26 27 0
27 35 0
27 28 0
28 35 0
29 32 0
29 40 0
29 30 0
29 31 0
30 40 0
30 31 0
31 33 0
31 40 0
34 36 0
35 37 0
35 38 0
36 40 0
36 39 0
37 38 0
37 41 0
39 40 0
