51 77
2
1
2
1
1
1
1
1
1
1
1
2
1
1
1
1
1
2
1
1
1
1
1
1
1
1
1
1
1
1
4
3
3
3
3
3
3
3
3
3
3
3
3
3
3
3
3
3
3
3
3
0 1 5
0 31 8
1 2 3
1 2 3
2 2 6
3 41 8
3 35 8
3 4 5
4 5 4
4 6 6
5 37 8
5 6 2
6 36 8
7 8 2
7 10 4
7 38 8
8 9 4
8 10 2
9 50 8
9 39 8
10 11 3
11 12 3
12 40 8
13 40 8
13 41 8
13 35 8
14 42 8
14 15 5
15 43 8
16 17 3
16 18 2
16 44 8
17 18 5
17 45 8
18 19 2
18 21 3
19 20 5
19 21 5
20 31 8
20 22 2
20 23 2
21 22 3
22 31 8
22 23 4
23 32 8
23 34 8
23 31 8
24 25 3
24 44 8
24 45 8
24 47 8
25 48 8
26 33 8
26 49 8
27 43 8
27 30 8
27 46 8
28 50 8
28 38 8
28 39 8
29 48 8
29 36 8
29 37 8
29 47 8
30 43 0
32 34 0
33 49 0
35 40 0
35 41 0
36 37 0
38 50 0
39 50 0
42 46 0
44 45 0
44 47 0
45 47 0
47 48 0
