54 102
1
1
1
1
1
1
1
1
1
1
1
1
2
1
2
1
1
1
1
1
2
1
2
1
1
1
1
1
1
4
3
3
3
3
3
3
3
3
3
3
3
3
3
3
3
3
3
3
3
3
3
3
3
3
0 1 4
0 2 6
0 30 8
1 32 8
1 2 2
1 52 8
2 39 8
2 31 8
3 33 8
3 4 3
3 5 6
3 36 8
4 34 8
4 5 3
5 35 8
5 53 8
6 33 8
6 36 8
6 37 8
6 38 8
7 34 8
7 37 8
7 38 8
8 9 2
8 39 8
9 31 8
10 40 8
10 11 2
10 12 3
10 12 4
10 47 8
11 41 8
11 12 5
11 12 6
12 12 1
13 43 8
13 14 3
13 15 5
14 45 8
14 15 2
15 49 8
15 44 8
16 40 8
16 17 2
16 19 6
17 18 4
17 19 4
18 48 8
18 46 8
19 47 8
20 48 8
20 50 8
20 46 8
20 21 3
20 21 2
20 22 6
20 22 4
21 48 8
21 50 8
21 46 8
21 22 3
21 22 6
22 48 8
22 50 8
22 46 8
23 24 2
23 25 3
23 49 8
24 25 5
24 44 8
25 50 8
26 41 8
26 42 8
26 51 8
26 29 8
27 32 8
27 52 8
27 30 8
28 43 8
28 35 8
28 45 8
28 53 8
29 41 0
29 42 0
30 52 0
31 39 0
32 52 0
33 36 0
34 38 0
35 53 0
36 37 0
36 38 0
37 38 0
40 47 0
41 42 0
42 51 0
43 53 0
43 45 0
44 49 0
45 53 0
46 48 0
48 50 0
