49 99
1
1
1
1
2
1
1
1
1
1
1
1
1
1
1
1
1
1
1
2
1
1
1
2
1
1
1
1
1
1
1
1
1
1
4
3
3
3
3
3
3
3
3
3
3
3
3
3
3
0 1 3
0 3 5
0 35 8
1 2 4
1 3 2
2 36 8
3 4 2
3 5 3
3 38 8
3 39 8
3 37 8
4 39 8
4 5 3
4 5 5
4 38 8
4 37 8
5 37 8
5 38 8
5 39 8
6 9 4
6 37 8
6 7 2
7 8 4
7 9 2
8 10 2
8 11 2
9 38 8
10 11 4
10 39 8
11 12 4
11 14 6
12 13 4
12 14 2
13 41 8
14 40 8
14 48 8
15 16 2
15 17 6
15 34 8
15 42 8
16 17 4
16 18 6
16 19 2
17 47 8
18 19 4
18 45 8
19 20 5
20 21 3
21 22 4
21 23 2
22 25 5
22 26 2
22 23 2
23 24 4
24 26 4
24 27 2
25 26 3
25 43 8
26 27 2
27 28 5
27 29 2
28 44 8
28 29 3
29 30 4
30 46 8
31 32 4
31 33 6
31 48 8
32 40 8
32 33 2
32 41 8
33 42 8
33 43 8
33 44 8
33 45 8
33 46 8
33 47 8
34 42 0
35 36 0
37 38 0
37 39 0
38 39 0
40 41 0
40 48 0
42 43 0
42 44 0
42 45 0
42 46 0
42 47 0
43 44 0
43 45 0
43 46 0
43 47 0
44 45 0
44 46 0
44 47 0
45 46 0
45 47 0
46 47 0
