45 96
1
1
1
1
1
1
1
1
1
1
1
2
1
1
1
2
1
1
1
1
1
1
1
1
1
1
1
1
1
1
1
1
4
3
3
3
3
3
3
3
3
3
3
3
3
0 1 2
0 2 4
0 3 6
0 33 8
1 2 2
1 2 6
1 3 4
1 4 3
2 3 2
2 4 3
3 5 3
3 7 5
4 34 8
5 6 3
5 7 2
6 43 8
6 39 8
7 8 4
8 9 3
8 10 2
9 10 5
9 37 8
10 11 4
11 12 3
11 13 5
12 35 8
12 13 2
13 16 4
13 14 2
14 16 2
14 15 5
15 16 2
15 17 5
16 17 3
17 18 3
18 19 4
19 20 4
19 21 2
20 36 8
20 21 6
21 22 2
21 23 4
22 38 8
22 23 6
23 32 8
23 40 8
24 25 2
24 27 4
24 41 8
25 26 4
25 27 2
26 42 8
26 44 8
27 28 4
28 33 8
28 29 4
28 30 6
29 33 8
29 43 8
29 30 2
30 33 8
30 34 8
30 35 8
30 36 8
30 37 8
30 38 8
30 39 8
30 40 8
31 41 8
31 42 8
31 44 8
32 40 0
34 35 0
34 36 0
34 37 0
34 38 0
34 39 0
34 40 0
35 36 0
35 37 0
35 38 0
35 39 0
35 40 0
36 37 0
36 38 0
36 39 0
36 40 0
37 38 0
37 39 0
37 40 0
38 39 0
38 40 0
39 40 0
39 43 0
41 42 0
42 44 0
