48 81
1
1
1
1
2
1
1
1
1
1
2
1
2
1
1
1
1
1
1
1
1
1
1
1
1
4
3
3
3
3
3
3
3
3
3
3
3
3
3
3
3
3
3
3
3
3
3
3
0 26 8
0 27 8
0 28 8
0 29 8
0 30 8
0 31 8
1 2 4
1 3 6
1 28 8
2 3 2
2 29 8
3 4 3
4 30 8
5 32 8
5 33 8
6 32 8
6 34 8
6 27 8
7 33 8
7 34 8
7 35 8
7 41 8
8 9 3
8 10 5
8 36 8
8 37 8
9 10 4
9 10 2
9 37 8
10 37 8
11 12 5
11 37 8
12 13 4
12 14 2
13 38 8
13 14 6
14 45 8
14 46 8
14 39 8
15 16 4
15 17 6
15 35 8
16 17 2
16 41 8
17 40 8
18 42 8
18 19 3
18 36 8
19 43 8
20 44 8
20 21 3
21 40 8
22 24 6
22 25 8
22 39 8
22 38 8
22 23 3
23 24 3
23 46 8
24 45 8
25 38 0
25 39 0
26 28 0
26 29 0
26 31 0
27 30 0
27 31 0
28 29 0
30 31 0
32 34 0
33 34 0
35 41 0
36 42 0
38 39 0
39 45 0
39 46 0
42 43 0
42 47 0
43 47 0
44 47 0
45 46 0
