27 60
1
1
1
1
1
1
1
1
1
1
2
1
1
1
1
1
1
1
1
4
3
3
3
3
3
3
3
0 1 3
0 2 3
0 20 8
1 2 6
1 2 2
1 3 3
2 3 5
3 4 2
3 5 6
4 25 8
4 5 4
5 6 4
5 7 2
6 21 8
6 7 6
7 8 4
7 9 2
8 24 8
8 9 6
9 10 2
9 10 4
9 11 6
10 10 2
10 11 4
10 11 2
11 12 3
12 13 4
12 14 2
13 22 8
13 14 6
14 16 4
14 15 2
15 16 6
15 19 8
15 23 8
16 26 8
17 18 4
17 20 8
18 21 8
18 22 8
18 23 8
18 24 8
18 25 8
18 26 8
19 23 0
21 22 0
21 23 0
21 24 0
21 25 0
21 26 0
22 23 0
22 24 0
22 25 0
22 26 0
23 24 0
23 25 0
23 26 0
24 25 0
24 26 0
25 26 0
