48 92
1
1
1
1
1
1
1
1
1
2
1
1
1
2
1
1
1
1
1
1
1
1
1
1
2
1
1
1
1
1
4
3
3
3
3
3
3
3
3
3
3
3
3
3
3
3
3
3
0 32 8
0 1 3
0 2 5
1 2 2
1 31 8
2 3 4
2 4 6
3 4 2
3 6 6
3 7 2
4 5 4
5 9 2
5 11 4
6 33 8
6 7 4
7 8 4
8 38 8
9 10 4
9 11 6
10 12 2
10 13 3
10 13 4
11 39 8
12 13 5
12 13 6
12 14 3
12 15 2
13 13 1
14 36 8
14 15 5
15 16 5
16 17 4
16 18 2
17 18 6
17 34 8
18 19 4
19 20 3
19 21 5
20 35 8
20 21 2
21 37 8
21 30 8
22 34 8
22 35 8
22 36 8
22 37 8
22 39 8
22 40 8
22 41 8
22 42 8
22 43 8
23 41 8
23 42 8
23 43 8
24 25 3
24 44 8
24 46 8
25 26 3
25 27 6
26 27 3
26 45 8
26 47 8
27 38 8
27 33 8
28 44 8
28 46 8
29 45 8
29 47 8
30 37 0
31 32 0
33 38 0
34 35 0
34 36 0
34 37 0
34 40 0
34 41 0
35 36 0
35 37 0
35 40 0
35 41 0
36 37 0
36 40 0
36 41 0
37 40 0
37 41 0
39 42 0
39 43 0
40 41 0
41 42 0
42 43 0
44 46 0
45 47 0
