33 59
1
1
1
1
1
1
1
1
1
1
1
1
1
1
1
1
2
1
1
1
4
3
3
3
3
3
3
3
3
3
3
3
3
0 1 3
0 2 5
0 21 8
1 2 2
1 22 8
2 26 8
2 23 8
3 24 8
3 25 8
3 27 8
3 29 8
4 23 8
4 5 2
4 22 8
4 21 8
5 26 8
6 8 6
6 24 8
6 25 8
6 7 4
7 8 2
7 9 6
7 10 2
8 32 8
8 28 8
8 30 8
8 31 8
9 10 4
9 27 8
10 29 8
11 20 8
11 12 3
11 30 8
12 13 6
12 14 2
13 14 4
13 31 8
14 15 5
15 16 4
16 17 2
16 19 5
17 18 3
17 19 3
18 28 8
19 32 8
20 30 0
21 22 0
21 23 0
22 23 0
23 26 0
24 25 0
24 27 0
25 29 0
28 32 0
28 30 0
28 31 0
30 32 0
30 31 0
31 32 0
