80 129
1
1
1
1
1
1
1
1
1
1
1
1
1
1
1
1
1
1
1
1
1
1
1
1
1
2
1
1
1
1
1
2
1
1
1
1
1
1
1
1
1
2
1
1
1
1
4
3
3
3
3
3
3
3
3
3
3
3
3
3
3
3
3
3
3
3
3
3
3
3
3
3
3
3
3
3
3
3
3
3
0 1 3
0 3 6
0 47 8
1 2 5
1 3 3
2 48 8
3 4 2
3 6 4
4 5 4
4 6 2
5 50 8
6 49 8
6 77 8
7 47 8
7 52 8
7 53 8
7 57 8
7 62 8
7 63 8
8 9 3
8 10 5
8 54 8
9 10 2
9 55 8
10 11 2
10 13 3
11 12 3
11 13 5
12 56 8
12 66 8
13 51 8
14 48 8
14 57 8
14 52 8
14 53 8
15 58 8
15 59 8
16 58 8
16 59 8
16 60 8
16 61 8
17 60 8
17 61 8
17 54 8
18 46 8
18 62 8
18 63 8
19 64 8
19 75 8
19 20 4
20 65 8
20 78 8
21 24 6
21 22 4
21 55 8
22 24 2
22 23 4
23 66 8
24 56 8
25 67 8
25 26 2
25 27 5
26 27 3
26 68 8
27 28 3
27 30 6
28 29 4
28 30 3
29 69 8
29 79 8
30 50 8
31 32 4
31 34 6
31 70 8
32 33 5
32 34 2
33 73 8
33 71 8
34 72 8
35 36 3
35 71 8
36 73 8
36 74 8
37 74 8
37 38 3
38 75 8
39 40 3
39 76 8
40 72 8
40 70 8
41 49 8
41 42 4
42 43 3
43 77 8
44 64 8
44 65 8
44 78 8
45 68 8
45 67 8
45 76 8
45 69 8
45 79 8
46 63 0
47 52 0
48 52 0
48 53 0
49 77 0
52 53 0
53 57 0
53 62 0
53 63 0
54 61 0
56 66 0
57 62 0
57 63 0
58 59 0
60 61 0
62 63 0
64 65 0
64 75 0
65 78 0
67 68 0
67 69 0
68 69 0
69 79 0
70 72 0
71 73 0
73 74 0
76 79 0
