56 95
1
1
1
1
2
1
1
1
1
1
1
1
1
1
1
1
1
1
1
1
1
1
1
1
1
1
1
1
1
1
1
4
3
3
3
3
3
3
3
3
3
3
3
3
3
3
3
3
3
3
3
3
3
3
3
3
0 32 8
0 33 8
1 34 8
1 35 8
1 55 8
2 3 3
2 36 8
3 4 4
4 37 8
5 41 8
5 38 8
5 6 2
6 8 3
6 7 2
7 8 5
7 9 4
7 11 6
8 32 8
8 33 8
8 39 8
9 10 4
9 11 2
10 37 8
11 40 8
12 41 8
12 38 8
12 39 8
13 42 8
13 36 8
13 14 3
14 43 8
15 16 3
15 18 5
15 44 8
16 17 4
16 18 2
17 49 8
17 45 8
18 42 8
18 43 8
19 34 8
19 20 2
19 21 4
19 46 8
20 34 8
20 21 2
20 21 2
20 22 3
21 34 8
21 22 5
22 24 6
22 23 3
23 24 3
23 48 8
23 54 8
24 47 8
25 26 5
25 44 8
25 45 8
26 49 8
27 50 8
27 51 8
27 31 8
28 40 8
28 52 8
28 53 8
29 48 8
29 54 8
29 52 8
29 53 8
29 46 8
30 55 8
30 47 8
31 51 0
32 33 0
32 39 0
33 39 0
35 50 0
35 51 0
35 55 0
36 42 0
38 41 0
38 39 0
40 53 0
42 43 0
44 45 0
45 49 0
46 52 0
46 53 0
46 54 0
48 54 0
50 51 0
52 54 0
52 53 0
53 54 0
