43 87
2
1
1
1
1
1
1
1
1
1
2
1
1
1
1
1
2
1
1
1
1
1
1
1
1
1
4
3
3
3
3
3
3
3
3
3
3
3
3
3
3
3
3
0 33 8
0 27 8
0 28 8
0 29 8
0 30 8
1 2 2
1 4 4
1 29 8
2 3 3
2 4 2
3 30 8
4 5 4
5 6 2
5 7 4
6 32 8
6 7 2
7 31 8
8 32 8
8 33 8
8 42 8
8 27 8
8 28 8
9 10 3
9 12 5
9 34 8
10 11 4
10 12 2
11 13 5
11 14 2
12 36 8
13 35 8
13 14 3
14 37 8
15 34 8
15 36 8
15 38 8
15 39 8
15 40 8
15 41 8
15 16 3
15 17 5
16 38 8
16 39 8
16 40 8
16 41 8
16 17 4
16 17 2
17 38 8
17 39 8
17 40 8
17 41 8
18 26 8
18 19 3
18 20 6
18 38 8
19 20 3
19 21 6
19 22 2
20 41 8
21 40 8
21 22 4
22 23 4
23 24 3
24 39 8
25 42 8
25 35 8
25 37 8
25 31 8
26 38 0
27 32 0
27 33 0
27 29 0
27 30 0
28 33 0
28 42 0
29 30 0
32 33 0
34 36 0
35 42 0
35 37 0
37 42 0
38 39 0
38 40 0
38 41 0
39 40 0
39 41 0
40 41 0
