70 126
1
1
1
1
1
1
1
1
1
1
1
1
1
1
1
1
1
1
1
1
1
1
1
1
1
1
1
1
1
2
1
1
1
1
1
1
1
1
1
1
1
1
1
1
2
1
2
1
2
4
3
3
3
3
3
3
3
3
3
3
3
3
3
3
3
3
3
3
3
3
0 1 2
0 2 3
0 50 8
1 2 5
1 5 3
1 62 8
1 7 6
2 3 3
2 49 8
3 49 8
3 4 5
4 52 8
5 62 8
5 6 5
5 7 3
6 51 8
7 8 2
7 10 3
7 62 8
8 9 4
8 10 5
9 10 3
9 11 6
10 11 3
11 53 8
12 13 4
12 54 8
13 14 3
13 15 3
14 16 4
14 18 2
14 15 6
15 68 8
15 55 8
16 17 3
16 18 2
17 18 5
19 56 8
19 20 4
19 21 6
20 24 5
20 21 2
20 22 3
21 58 8
22 24 2
22 23 5
23 57 8
24 59 8
25 26 5
25 27 2
25 54 8
26 27 3
26 29 6
26 29 3
27 28 4
28 56 8
28 57 8
28 58 8
28 59 8
29 29 3
30 32 5
30 50 8
30 51 8
30 52 8
30 60 8
30 31 2
31 32 3
31 52 8
31 61 8
32 33 3
32 34 6
32 52 8
33 34 3
33 63 8
34 53 8
34 62 8
35 64 8
35 36 3
36 37 2
37 60 8
37 61 8
37 65 8
37 63 8
38 41 2
38 66 8
38 69 8
38 39 2
39 40 3
39 41 4
40 42 3
40 43 3
41 67 8
42 43 6
42 44 5
42 44 3
43 64 8
43 65 8
44 44 2
45 68 8
45 46 3
45 47 5
46 55 8
46 47 2
47 48 2
47 48 4
48 48 6
50 51 0
50 60 0
51 60 0
53 62 0
55 68 0
56 57 0
56 58 0
56 59 0
57 58 0
57 59 0
58 59 0
60 65 0
60 61 0
60 63 0
61 65 0
61 63 0
63 65 0
64 65 0
66 69 0
67 69 0
