79 128
1
1
1
1
1
1
1
1
1
1
1
1
1
1
1
1
1
1
1
1
1
1
1
1
1
1
1
1
1
1
1
1
1
1
1
4
3
3
3
3
3
3
3
3
3
3
3
3
3
3
3
3
3
3
3
3
3
3
3
3
3
3
3
3
3
3
3
3
3
3
3
3
3
3
3
3
3
3
3
0 36 8
0 37 8
0 38 8
0 39 8
1 41 8
1 36 8
1 37 8
1 38 8
2 40 8
2 39 8
3 41 8
3 42 8
3 45 8
3 46 8
4 40 8
4 35 8
4 5 2
4 6 5
5 44 8
5 6 3
6 43 8
7 45 8
7 46 8
8 48 8
8 47 8
9 49 8
9 10 4
10 50 8
11 48 8
11 12 3
12 51 8
12 59 8
13 52 8
13 14 3
14 51 8
14 53 8
15 16 4
15 54 8
16 55 8
16 43 8
16 44 8
17 56 8
17 18 3
17 54 8
18 57 8
18 55 8
19 58 8
19 20 3
20 59 8
21 66 8
21 60 8
21 22 3
22 67 8
22 61 8
23 64 8
23 74 8
23 62 8
23 63 8
24 64 8
24 25 3
25 65 8
26 66 8
26 27 4
27 65 8
27 67 8
28 58 8
28 68 8
28 29 4
29 69 8
30 70 8
30 71 8
31 72 8
31 73 8
31 78 8
31 70 8
32 74 8
32 62 8
32 63 8
33 60 8
33 75 8
33 76 8
33 71 8
34 72 8
34 49 8
34 50 8
34 78 8
34 73 8
35 40 0
36 37 0
36 39 0
37 38 0
38 41 0
42 45 0
42 46 0
43 44 0
43 55 0
44 55 0
45 46 0
49 50 0
49 78 0
50 78 0
51 59 0
51 53 0
52 53 0
54 56 0
55 57 0
56 57 0
56 68 0
56 69 0
57 68 0
57 69 0
58 68 0
60 66 0
60 75 0
61 67 0
61 77 0
62 64 0
62 63 0
63 74 0
65 67 0
68 69 0
70 72 0
71 76 0
72 73 0
73 78 0
75 76 0
75 77 0
76 77 0
