35 61
1
1
1
1
2
1
1
1
1
1
1
1
1
1
1
1
1
1
1
1
4
3
3
3
3
3
3
3
3
3
3
3
3
3
3
0 21 8
0 22 8
1 28 8
1 2 2
1 4 5
1 4 6
1 23 8
2 3 3
2 4 3
2 4 4
2 28 8
3 25 8
4 4 1
4 28 8
4 28 8
5 21 8
5 22 8
5 23 8
6 32 8
6 26 8
6 27 8
6 31 8
7 8 2
7 9 3
7 28 8
7 24 8
8 9 5
8 30 8
9 20 8
9 29 8
10 27 8
10 26 8
10 11 4
10 13 6
11 12 4
11 13 2
12 14 6
12 15 2
13 33 8
13 34 8
14 31 8
14 15 4
15 16 3
16 32 8
17 18 3
17 19 6
17 34 8
18 19 3
18 33 8
19 25 8
20 29 0
21 22 0
24 28 0
24 29 0
24 30 0
26 27 0
27 32 0
27 31 0
29 30 0
31 32 0
33 34 0
