85 141
1
1
1
1
1
1
1
2
1
1
1
1
1
1
1
1
1
1
1
1
1
1
1
1
1
1
1
2
1
1
1
1
1
1
1
1
1
1
1
1
1
1
1
1
1
1
1
1
4
3
3
3
3
3
3
3
3
3
3
3
3
3
3
3
3
3
3
3
3
3
3
3
3
3
3
3
3
3
3
3
3
3
3
3
3
0 1 5
0 49 8
1 2 2
1 3 3
2 50 8
2 3 5
3 4 3
4 51 8
5 52 8
5 53 8
6 8 6
6 54 8
6 7 3
7 8 3
7 55 8
8 48 8
8 9 3
9 56 8
9 59 8
9 48 8
10 52 8
10 11 2
10 12 5
10 53 8
10 54 8
11 12 3
11 58 8
12 57 8
12 84 8
13 56 8
13 59 8
13 55 8
14 17 5
14 60 8
14 15 3
15 16 3
15 17 2
16 61 8
17 65 8
17 67 8
17 62 8
18 64 8
18 72 8
18 73 8
18 63 8
19 49 8
19 50 8
19 20 3
19 21 6
19 65 8
20 60 8
20 21 3
20 62 8
20 61 8
21 22 3
21 23 2
22 67 8
22 23 5
23 66 8
23 79 8
24 25 3
24 68 8
25 26 3
26 69 8
27 68 8
27 28 3
27 70 8
28 71 8
29 64 8
29 63 8
29 30 2
29 31 6
30 72 8
30 69 8
30 31 4
31 32 3
32 73 8
33 81 8
33 34 2
33 35 5
33 74 8
34 75 8
34 35 3
34 81 8
35 76 8
35 81 8
36 77 8
36 78 8
37 66 8
37 83 8
37 79 8
38 40 5
38 75 8
38 39 3
39 40 2
39 80 8
39 82 8
40 81 8
41 74 8
41 76 8
41 70 8
41 71 8
42 80 8
42 43 3
43 82 8
44 51 8
44 83 8
45 57 8
45 46 3
46 84 8
47 58 8
47 77 8
47 78 8
49 65 0
49 50 0
50 65 0
52 54 0
52 53 0
53 54 0
55 59 0
56 59 0
57 84 0
60 62 0
60 61 0
61 62 0
62 65 0
62 67 0
63 64 0
63 72 0
63 73 0
65 67 0
66 79 0
68 70 0
69 72 0
70 76 0
70 71 0
71 76 0
72 73 0
77 78 0
79 83 0
80 82 0
