68 107
1
1
1
1
1
1
1
2
1
1
1
1
1
1
1
2
1
1
1
1
1
1
1
1
1
1
2
1
1
1
1
2
1
1
2
1
1
4
3
3
3
3
3
3
3
3
3
3
3
3
3
3
3
3
3
3
3
3
3
3
3
3
3
3
3
3
3
3
0 1 3
0 38 8
1 39 8
2 56 8
2 3 3
2 4 2
2 38 8
3 8 6
3 56 8
3 4 5
3 5 3
4 56 8
4 40 8
4 37 8
5 8 3
5 6 5
6 7 4
7 42 8
8 41 8
9 10 2
9 43 8
10 48 8
10 44 8
11 12 3
11 45 8
12 46 8
13 47 8
13 39 8
14 48 8
14 43 8
14 44 8
15 16 2
15 17 5
15 49 8
16 17 3
16 50 8
17 55 8
17 51 8
18 19 4
18 52 8
18 54 8
19 53 8
20 21 3
20 54 8
21 46 8
22 25 4
22 47 8
22 55 8
22 23 2
23 24 4
23 25 2
24 49 8
24 51 8
25 40 8
25 41 8
25 42 8
25 56 8
26 57 8
26 27 4
26 45 8
27 58 8
27 61 8
28 67 8
28 59 8
28 29 4
29 30 3
30 60 8
31 32 5
31 57 8
31 61 8
31 64 8
32 58 8
33 62 8
33 63 8
34 64 8
34 60 8
35 65 8
35 66 8
36 67 8
36 66 8
36 59 8
37 40 0
40 41 0
40 42 0
40 56 0
41 56 0
41 42 0
42 56 0
43 44 0
44 48 0
45 57 0
47 55 0
49 51 0
50 52 0
50 53 0
51 55 0
52 54 0
52 53 0
57 64 0
57 61 0
58 61 0
59 67 0
61 64 0
62 65 0
62 63 0
63 65 0
66 67 0
