65 127
1
1
2
2
1
1
1
1
1
1
1
1
1
1
1
1
1
1
1
1
1
1
1
1
1
1
1
1
1
1
1
1
2
2
1
1
1
1
1
1
1
1
1
1
1
4
3
3
3
3
3
3
3
3
3
3
3
3
3
3
3
3
3
3
3
0 1 3
0 47 8
1 2 2
1 4 5
2 3 5
2 4 3
3 4 3
3 5 3
4 5 6
5 6 2
5 7 2
6 8 3
6 9 6
6 7 4
7 8 4
8 9 3
9 48 8
10 49 8
10 50 8
10 53 8
10 46 8
11 49 8
11 50 8
11 51 8
11 52 8
12 51 8
12 13 3
12 45 8
13 14 3
13 15 5
14 53 8
14 15 2
15 48 8
15 52 8
16 17 3
16 54 8
17 18 3
17 20 5
18 19 4
18 20 2
19 21 4
19 22 2
20 64 8
20 60 8
20 63 8
21 22 2
21 55 8
22 23 4
23 24 3
23 25 6
24 25 3
24 26 2
24 28 4
25 61 8
26 27 3
26 28 2
27 29 6
27 30 2
28 62 8
29 32 5
29 33 3
29 30 4
30 31 5
31 34 6
31 35 3
32 33 3
32 33 2
34 57 8
34 35 3
35 36 5
35 37 3
36 56 8
36 37 2
37 38 5
38 40 2
38 39 5
39 40 3
39 58 8
40 41 4
41 59 8
42 43 3
42 44 6
42 54 8
42 55 8
42 56 8
42 57 8
42 58 8
42 63 8
43 44 3
43 59 8
43 60 8
43 61 8
43 62 8
44 64 8
45 51 0
46 47 0
48 52 0
49 50 0
49 53 0
50 51 0
50 52 0
50 53 0
51 52 0
54 55 0
54 56 0
54 57 0
54 58 0
54 63 0
55 56 0
55 57 0
55 58 0
55 63 0
56 57 0
56 58 0
56 63 0
57 58 0
57 63 0
58 63 0
59 60 0
59 61 0
59 62 0
60 64 0
60 61 0
60 62 0
60 63 0
61 62 0
63 64 0
