73 129
1
1
1
1
1
1
1
1
1
1
1
1
2
2
1
1
1
1
1
1
1
1
1
1
1
1
1
1
1
1
1
1
1
1
1
1
1
1
1
1
1
1
1
1
4
3
3
3
3
3
3
3
3
3
3
3
3
3
3
3
3
3
3
3
3
3
3
3
3
3
3
3
3
0 1 4
0 2 6
0 45 8
1 2 2
1 46 8
2 3 2
2 4 6
3 4 4
3 6 5
3 7 2
4 5 4
5 49 8
6 47 8
6 7 3
7 8 3
8 9 5
8 10 2
9 10 3
9 12 5
9 13 3
10 11 4
11 50 8
12 13 2
12 13 2
12 14 5
13 14 3
14 48 8
15 52 8
15 53 8
16 56 8
16 64 8
16 55 8
17 57 8
17 18 2
17 19 4
17 52 8
17 53 8
18 67 8
18 19 2
18 52 8
18 53 8
18 58 8
19 20 4
19 53 8
19 22 6
19 52 8
20 21 4
20 22 2
21 69 8
21 62 8
22 23 5
23 24 4
23 25 2
24 25 6
24 60 8
25 26 5
26 27 4
26 28 2
27 28 6
27 61 8
28 29 4
29 59 8
30 49 8
30 63 8
30 54 8
30 46 8
30 47 8
31 64 8
31 56 8
31 55 8
31 44 8
31 63 8
32 65 8
32 66 8
33 65 8
33 66 8
33 67 8
33 68 8
33 57 8
33 58 8
34 35 3
34 68 8
34 62 8
35 60 8
35 69 8
36 37 4
36 70 8
36 39 6
37 38 4
37 39 2
38 72 8
38 71 8
39 48 8
39 50 8
40 72 8
40 41 3
40 43 5
41 42 4
41 43 2
42 59 8
42 61 8
43 70 8
43 71 8
44 64 0
44 63 0
45 51 0
46 54 0
46 47 0
47 54 0
48 50 0
49 63 0
51 54 0
52 53 0
55 64 0
55 56 0
57 58 0
57 68 0
58 67 0
58 68 0
59 61 0
60 69 0
62 68 0
62 69 0
63 64 0
65 66 0
65 67 0
66 67 0
70 71 0
71 72 0
