63 105
1
1
1
1
1
2
1
1
1
1
1
1
1
1
1
1
1
1
1
1
1
1
1
1
1
1
1
1
1
1
1
1
1
4
3
3
3
3
3
3
3
3
3
3
3
3
3
3
3
3
3
3
3
3
3
3
3
3
3
3
3
3
3
0 34 8
0 35 8
1 36 8
1 37 8
2 3 2
2 4 4
2 38 8
3 4 2
3 50 8
3 39 8
4 5 4
4 7 6
5 6 5
5 7 2
6 41 8
6 58 8
7 40 8
8 35 8
8 34 8
8 43 8
8 42 8
9 10 2
9 11 5
9 44 8
10 11 3
10 45 8
11 12 2
11 13 3
12 13 5
12 47 8
13 46 8
14 42 8
14 43 8
14 44 8
15 48 8
15 49 8
16 48 8
16 49 8
16 50 8
16 38 8
16 39 8
17 51 8
17 52 8
18 19 4
18 20 6
18 53 8
19 20 2
19 54 8
20 33 8
20 55 8
21 51 8
21 37 8
21 22 2
22 24 2
22 23 4
23 24 2
23 52 8
23 46 8
23 47 8
24 56 8
25 26 3
25 45 8
26 40 8
27 36 8
27 28 4
27 53 8
27 54 8
28 57 8
29 41 8
29 58 8
30 57 8
30 59 8
30 60 8
31 56 8
31 59 8
31 60 8
31 61 8
31 62 8
32 61 8
32 62 8
32 55 8
33 55 0
34 42 0
34 35 0
35 42 0
36 53 0
36 54 0
37 51 0
38 39 0
39 50 0
41 58 0
42 43 0
46 52 0
46 47 0
47 52 0
48 49 0
48 50 0
49 50 0
53 54 0
55 61 0
56 61 0
56 62 0
57 59 0
59 60 0
61 62 0
