83 143
1
1
1
1
1
1
1
1
1
1
1
1
1
2
1
1
1
1
1
1
1
1
1
2
1
1
1
1
1
2
1
1
1
1
1
1
1
1
1
1
1
1
2
1
1
1
1
1
1
1
1
1
1
2
1
1
1
4
3
3
3
3
3
3
3
3
3
3
3
3
3
3
3
3
3
3
3
3
3
3
3
3
3
0 1 5
0 58 8
0 3 2
1 2 3
1 3 3
2 60 8
3 4 2
3 5 3
4 8 6
4 5 5
4 6 3
5 59 8
6 8 3
6 7 4
7 61 8
7 69 8
8 9 3
8 10 3
9 10 6
9 82 8
9 63 8
10 62 8
11 64 8
11 12 2
11 13 5
12 16 5
12 17 2
12 13 3
13 14 5
14 15 2
15 18 6
15 19 2
16 24 3
16 17 3
16 22 6
17 24 6
17 23 3
18 25 6
18 26 4
18 19 4
19 20 4
20 21 3
21 27 3
21 28 5
22 24 3
22 23 3
23 24 3
25 26 2
25 30 2
25 29 4
26 29 4
26 30 6
27 65 8
27 28 2
28 66 8
29 30 2
29 30 2
31 58 8
31 59 8
31 60 8
31 61 8
32 33 2
32 34 4
32 67 8
33 34 2
33 34 2
33 35 4
34 35 6
35 36 4
35 38 6
36 37 4
36 38 2
37 72 8
37 68 8
38 69 8
39 40 5
39 70 8
40 41 3
40 42 2
40 42 3
41 42 5
41 42 6
41 71 8
42 42 1
43 74 8
43 75 8
43 77 8
44 74 8
44 45 2
44 46 6
45 76 8
45 46 4
45 79 8
46 77 8
47 48 2
47 49 3
47 78 8
48 49 5
48 50 4
48 51 6
49 52 2
49 53 3
49 53 4
50 81 8
50 51 2
51 80 8
52 53 5
52 53 6
52 79 8
53 53 1
54 73 8
54 75 8
54 70 8
54 71 8
55 57 8
55 82 8
55 62 8
55 63 8
56 64 8
56 65 8
56 66 8
56 78 8
56 80 8
56 81 8
57 82 0
58 59 0
58 60 0
59 60 0
61 69 0
62 63 0
63 82 0
64 65 0
64 66 0
65 66 0
67 68 0
68 72 0
70 75 0
71 73 0
75 77 0
76 79 0
78 80 0
78 81 0
80 81 0
