44 80
1
1
1
1
1
1
1
1
1
1
1
1
1
1
1
1
1
1
1
1
1
1
1
1
1
1
4
3
3
3
3
3
3
3
3
3
3
3
3
3
3
3
3
3
0 40 8
0 42 8
0 27 8
0 28 8
1 2 3
1 3 6
1 29 8
2 3 3
2 4 2
2 5 4
3 26 8
3 30 8
4 32 8
4 5 2
5 31 8
6 33 8
6 39 8
6 7 3
7 8 2
7 9 5
8 9 3
8 35 8
9 34 8
10 36 8
10 11 4
10 12 6
11 43 8
11 12 2
11 37 8
12 32 8
12 29 8
12 30 8
12 31 8
13 41 8
13 38 8
13 14 4
13 15 6
14 39 8
14 15 2
15 33 8
15 35 8
16 40 8
16 17 4
16 19 6
16 28 8
17 18 4
17 19 2
17 28 8
18 42 8
19 20 3
19 28 8
20 21 3
21 22 5
22 24 3
22 23 3
23 24 6
23 41 8
23 27 8
24 38 8
25 34 8
25 43 8
25 36 8
25 37 8
26 30 0
27 41 0
28 40 0
28 42 0
29 32 0
29 30 0
29 31 0
30 32 0
30 31 0
31 32 0
33 35 0
33 39 0
34 43 0
36 37 0
37 43 0
38 41 0
40 42 0
