54 100
1
1
1
1
1
1
1
1
1
1
1
1
1
1
1
1
1
1
1
1
1
1
1
1
1
1
2
1
1
1
1
4
3
3
3
3
3
3
3
3
3
3
3
3
3
3
3
3
3
3
3
3
3
3
0 32 8
0 33 8
1 2 2
1 3 4
1 34 8
2 3 2
2 35 8
3 4 2
3 5 6
3 33 8
4 33 8
4 36 8
4 5 4
5 33 8
5 6 2
5 7 5
6 38 8
6 7 3
7 52 8
7 37 8
8 32 8
8 9 2
8 10 4
8 39 8
9 40 8
9 10 2
9 51 8
10 11 3
10 12 6
11 12 3
11 42 8
12 41 8
13 43 8
13 14 2
13 15 3
14 16 3
14 17 6
14 15 5
15 44 8
15 31 8
16 17 3
16 45 8
16 47 8
17 46 8
18 19 4
18 21 6
18 47 8
19 20 4
19 21 2
20 48 8
20 49 8
20 50 8
21 43 8
21 44 8
21 45 8
21 46 8
22 24 6
22 48 8
22 23 3
23 24 3
23 49 8
23 53 8
24 50 8
25 51 8
25 26 4
25 27 6
25 39 8
26 27 2
26 52 8
27 40 8
27 42 8
28 29 3
28 53 8
29 41 8
30 34 8
30 35 8
30 36 8
30 37 8
30 38 8
31 44 0
32 39 0
34 35 0
34 36 0
35 36 0
37 52 0
37 38 0
39 51 0
40 51 0
40 42 0
43 44 0
43 46 0
43 45 0
44 45 0
44 46 0
45 46 0
45 47 0
48 49 0
48 50 0
49 50 0
49 53 0
