23 64
1
2
1
2
1
1
1
1
1
1
4
3
3
3
3
3
3
3
3
3
3
3
3
0 1 5
0 11 8
1 2 2
1 3 3
1 3 4
1 10 8
2 10 8
2 3 5
2 3 6
2 12 8
3 3 1
3 10 8
3 10 8
4 19 8
4 5 4
4 7 6
5 6 5
5 7 2
6 21 8
7 20 8
8 9 3
8 22 8
9 19 8
9 20 8
9 21 8
11 12 0
11 13 0
11 14 0
11 15 0
11 16 0
11 17 0
11 18 0
11 22 0
12 13 0
12 14 0
12 15 0
12 16 0
12 17 0
12 18 0
12 22 0
13 14 0
13 15 0
13 16 0
13 17 0
13 18 0
13 22 0
14 15 0
14 16 0
14 17 0
14 18 0
14 22 0
15 16 0
15 17 0
15 18 0
15 22 0
16 17 0
16 18 0
16 22 0
17 18 0
17 22 0
18 22 0
19 20 0
19 21 0
20 21 0
