68 111
1
1
1
1
1
1
1
2
1
1
1
1
1
1
1
1
1
1
1
1
1
1
1
1
1
1
1
1
1
1
1
2
1
1
1
1
2
1
1
2
1
1
4
3
3
3
3
3
3
3
3
3
3
3
3
3
3
3
3
3
3
3
3
3
3
3
3
3
0 1 3
0 43 8
1 2 2
1 3 5
1 42 8
2 42 8
2 3 3
2 44 8
3 4 3
3 42 8
3 6 6
4 5 4
4 6 3
5 46 8
6 7 4
7 67 8
7 45 8
8 43 8
8 44 8
9 51 8
9 10 3
9 11 6
9 50 8
9 47 8
10 11 3
10 48 8
10 50 8
10 51 8
10 55 8
11 51 8
11 12 3
11 50 8
12 49 8
12 53 8
13 50 8
13 14 3
13 15 6
14 51 8
14 15 3
15 16 2
15 17 3
16 17 5
16 18 3
16 20 5
17 52 8
18 19 4
18 20 2
19 53 8
20 64 8
20 54 8
20 63 8
21 48 8
21 47 8
21 61 8
21 55 8
22 56 8
22 52 8
23 24 3
23 57 8
23 26 6
24 25 5
24 26 3
25 59 8
26 58 8
27 49 8
27 28 6
27 29 3
28 29 3
28 30 6
28 31 4
29 60 8
30 31 3
30 31 2
32 33 3
32 35 6
32 61 8
33 34 3
33 35 3
34 62 8
35 60 8
36 56 8
36 37 4
36 63 8
37 38 2
37 39 5
37 39 6
38 64 8
38 39 3
38 39 4
39 39 1
40 57 8
40 58 8
40 59 8
40 66 8
41 67 8
41 45 8
45 67 0
46 65 0
47 48 0
48 55 0
49 53 0
50 51 0
54 64 0
54 63 0
55 61 0
56 63 0
57 58 0
57 59 0
58 59 0
62 66 0
63 64 0
