44 78
1
1
1
1
1
1
2
1
1
1
1
1
1
1
1
1
1
1
1
1
1
1
4
3
3
3
3
3
3
3
3
3
3
3
3
3
3
3
3
3
3
3
3
3
0 1 3
0 23 8
1 24 8
1 33 8
2 25 8
2 3 2
2 4 5
3 27 8
3 4 3
4 41 8
4 26 8
5 28 8
5 22 8
5 6 4
5 6 2
6 22 8
6 22 8
6 6 2
7 8 2
7 24 8
8 33 8
9 10 2
9 12 5
9 34 8
10 11 3
10 12 3
11 36 8
12 35 8
13 37 8
13 14 3
13 23 8
14 38 8
15 16 3
15 17 6
15 39 8
16 40 8
16 17 3
16 43 8
17 36 8
18 27 8
18 25 8
18 26 8
18 19 3
19 41 8
20 32 8
20 42 8
20 28 8
20 29 8
20 30 8
20 31 8
21 40 8
21 43 8
21 39 8
23 37 0
24 33 0
25 27 0
25 26 0
26 41 0
26 27 0
28 32 0
28 29 0
28 30 0
28 31 0
29 32 0
29 30 0
29 31 0
30 32 0
30 31 0
31 32 0
32 42 0
34 35 0
34 37 0
34 38 0
35 37 0
35 38 0
37 38 0
39 40 0
40 43 0
