73 131
1
1
1
1
1
1
1
1
1
1
1
1
1
1
1
1
1
1
1
1
1
1
1
1
1
1
1
1
1
1
1
1
1
1
1
2
2
2
1
1
1
1
1
1
4
3
3
3
3
3
3
3
3
3
3
3
3
3
3
3
3
3
3
3
3
3
3
3
3
3
3
3
3
0 1 3
0 3 5
0 45 8
1 2 5
1 3 2
2 66 8
2 68 8
2 47 8
3 46 8
4 48 8
4 49 8
4 45 8
4 46 8
5 50 8
5 51 8
5 55 8
5 56 8
5 57 8
5 60 8
6 52 8
6 61 8
6 7 5
7 53 8
8 48 8
8 49 8
8 69 8
8 54 8
8 47 8
9 51 8
9 10 3
9 11 6
9 50 8
9 55 8
10 56 8
10 50 8
10 11 3
10 51 8
11 12 4
11 14 6
11 50 8
11 51 8
12 13 4
12 14 2
13 16 2
13 15 5
14 18 3
14 19 3
15 16 3
15 57 8
16 17 5
17 60 8
18 58 8
18 19 6
19 59 8
20 52 8
20 53 8
20 61 8
21 62 8
21 22 2
21 23 4
22 65 8
22 23 2
23 24 4
24 25 3
24 27 2
25 26 3
25 27 5
26 63 8
27 64 8
28 66 8
28 29 3
28 30 5
29 30 2
29 30 2
29 31 2
30 31 4
31 32 4
31 34 6
32 33 4
32 34 2
33 64 8
33 63 8
34 67 8
35 67 8
35 68 8
36 44 8
36 37 4
36 54 8
37 44 8
37 69 8
38 40 5
38 70 8
38 39 2
39 40 3
39 72 8
39 71 8
40 65 8
40 62 8
41 72 8
41 42 2
41 43 5
42 58 8
42 43 3
42 59 8
43 70 8
43 71 8
45 49 0
45 46 0
46 49 0
47 66 0
47 68 0
47 48 0
47 49 0
48 49 0
50 51 0
50 55 0
50 56 0
50 57 0
51 60 0
52 61 0
53 61 0
54 69 0
55 56 0
55 57 0
56 57 0
58 59 0
62 65 0
63 64 0
66 68 0
70 71 0
71 72 0
