47 89
1
1
1
1
1
1
1
1
1
1
1
1
1
1
1
1
1
2
1
1
1
1
1
1
1
1
1
2
1
1
1
2
2
1
4
3
3
3
3
3
3
3
3
3
3
3
3
0 1 3
0 2 5
0 35 8
0 34 8
1 2 2
1 3 6
1 4 3
2 5 4
2 6 2
3 4 4
3 4 3
5 8 3
5 6 2
5 7 6
6 36 8
7 8 5
7 8 3
9 44 8
9 10 4
9 12 6
9 37 8
10 11 4
10 12 2
10 44 8
11 12 2
11 13 4
12 44 8
12 13 6
13 16 3
13 14 2
14 16 5
14 15 3
15 38 8
16 46 8
16 45 8
16 17 2
16 18 4
17 18 5
17 18 2
17 45 8
17 46 8
18 45 8
18 46 8
19 20 2
19 21 6
19 39 8
20 40 8
20 21 4
21 24 6
21 22 3
22 24 3
22 23 4
23 42 8
24 25 3
24 26 3
25 41 8
25 26 6
26 43 8
27 41 8
27 43 8
27 28 3
28 29 2
28 30 3
29 32 4
29 37 8
29 38 8
29 30 5
29 31 2
30 44 8
31 32 3
31 32 2
31 38 8
31 37 8
32 37 8
32 38 8
33 35 8
33 36 8
33 45 8
33 46 8
34 35 0
35 36 0
35 46 0
36 46 0
37 38 0
39 40 0
39 42 0
40 42 0
41 43 0
45 46 0
