57 114
2
1
1
1
1
2
1
1
1
1
1
1
1
1
1
2
1
1
1
1
1
1
1
1
1
1
1
1
1
1
1
1
1
1
1
2
1
1
4
3
3
3
3
3
3
3
3
3
3
3
3
3
3
3
3
3
3
0 1 5
0 39 8
1 2 3
1 3 6
2 3 3
2 41 8
3 4 2
3 5 3
4 8 6
4 5 5
4 6 2
4 7 3
5 40 8
5 38 8
6 8 4
6 9 3
6 7 1
6 7 6
7 8 3
7 9 3
8 44 8
9 10 3
10 42 8
11 52 8
11 51 8
11 12 2
11 13 5
11 45 8
12 16 4
12 13 3
12 15 6
13 14 3
14 46 8
14 55 8
15 16 2
15 16 5
17 18 3
17 47 8
18 19 3
18 20 6
19 48 8
19 20 3
20 21 4
20 23 6
21 22 4
21 23 2
22 56 8
22 50 8
23 49 8
23 54 8
23 53 8
24 25 2
24 26 4
24 45 8
25 26 2
25 51 8
26 27 2
26 28 4
27 52 8
27 28 2
28 39 8
28 40 8
28 41 8
28 42 8
28 43 8
28 44 8
29 53 8
29 30 2
29 31 4
30 54 8
30 31 2
31 32 3
31 33 6
32 33 3
32 49 8
33 34 3
34 35 2
34 35 4
34 36 3
35 35 6
35 36 5
35 36 1
36 55 8
37 48 8
37 56 8
37 50 8
37 47 8
38 40 0
39 40 0
39 41 0
39 42 0
39 43 0
39 44 0
40 41 0
40 42 0
40 43 0
40 44 0
41 42 0
41 43 0
41 44 0
42 43 0
42 44 0
43 44 0
45 51 0
45 52 0
46 55 0
47 48 0
47 56 0
48 56 0
49 53 0
49 54 0
50 56 0
51 52 0
53 54 0
