98 136
0 85 1
0 35 1
0 33 1
1 69 1
1 97 1
1 54 1
2 65 1
2 93 1
3 7 1
3 15 1
3 39 1
4 91 1
4 23 1
5 56 1
5 96 1
5 62 1
6 67 1
6 42 1
7 58 1
7 46 1
8 38 1
8 74 1
8 23 1
9 27 1
9 24 1
9 19 1
10 76 1
10 79 1
10 14 1
11 56 1
11 16 1
11 62 1
12 90 1
12 59 1
12 88 1
13 90 1
13 89 1
13 84 1
14 64 1
14 68 1
15 59 1
15 60 1
16 45 1
16 43 1
17 45 1
17 58 1
17 39 1
18 66 1
18 86 1
18 46 1
20 45 1
20 88 1
20 37 1
21 77 1
21 83 1
21 86 1
22 52 1
22 55 1
22 23 1
23 63 1
24 47 1
24 47 1
24 48 1
25 34 1
25 29 1
25 32 1
26 70 1
26 54 1
27 82 1
27 36 1
28 73 1
28 36 1
29 52 1
29 68 1
30 61 1
31 76 1
31 73 1
32 50 1
32 55 1
33 41 1
33 93 1
34 92 1
34 43 1
35 66 1
36 38 1
38 64 1
39 88 1
40 68 1
40 43 1
40 79 1
41 65 1
41 53 1
42 84 1
42 60 1
44 84 1
44 75 2
44 75 1
47 74 1
48 65 1
48 63 1
49 95 1
49 66 1
49 81 1
50 78 1
50 78 1
50 51 1
51 53 1
51 55 1
53 63 1
54 94 1
57 87 4
57 80 1
58 71 1
59 75 1
60 67 1
61 85 1
61 93 1
62 79 1
64 73 1
67 94 1
67 94 1
69 97 1
69 97 1
70 72 1
70 89 1
71 92 1
71 83 1
72 89 1
76 80 1
77 77 2
78 86 1
80 96 1
81 85 1
83 92 1
90 96 1
95 97 1
