161 215
0 0 2
0 116 1
1 146 1
1 68 1
2 11 1
2 78 1
3 128 1
3 106 1
3 104 1
4 81 1
4 100 1
4 103 1
5 16 1
5 16 1
6 6 2
6 151 1
6 155 1
7 120 1
7 44 1
7 105 1
8 56 1
9 133 1
10 24 1
10 45 1
10 61 1
11 144 1
11 80 1
12 156 1
13 13 2
13 80 1
13 80 1
14 156 1
14 24 1
14 123 1
15 73 1
15 61 1
16 120 1
16 159 1
17 47 1
17 28 1
17 28 1
18 50 1
18 57 1
18 73 1
19 124 1
19 19 2
20 82 1
20 59 1
20 118 1
21 78 1
21 41 1
22 25 1
22 146 1
22 127 1
23 116 1
23 52 1
23 103 1
24 65 1
25 72 1
25 27 1
26 159 1
26 71 1
26 28 1
28 88 1
29 69 1
30 111 1
30 49 1
30 49 1
31 100 1
32 110 1
32 45 1
33 133 1
33 75 1
33 154 1
33 154 1
34 156 1
35 158 1
35 144 1
36 131 1
37 79 1
37 48 1
37 74 1
38 142 1
38 158 1
39 150 1
39 137 1
39 112 1
40 108 1
41 132 1
41 115 1
42 115 1
42 56 1
43 116 1
44 120 1
44 47 1
45 130 1
46 63 1
46 112 1
47 113 1
48 117 1
48 113 1
49 129 1
49 91 1
50 50 2
50 68 1
51 106 1
51 79 1
51 69 1
52 114 1
53 154 1
53 143 4
54 85 1
54 95 1
54 57 1
55 124 1
55 88 1
55 71 1
56 84 1
56 84 1
57 68 1
58 76 1
58 60 2
58 60 1
59 122 1
59 99 1
60 111 1
62 87 1
63 63 2
64 95 1
64 152 1
65 110 1
66 153 1
66 72 1
67 113 1
68 152 1
69 121 1
69 121 1
70 70 2
70 86 1
71 126 1
72 83 1
73 83 1
74 136 1
75 159 1
75 149 1
76 119 1
76 152 1
77 115 1
77 130 1
78 160 1
79 128 1
80 142 1
81 145 1
81 109 1
81 109 1
82 122 1
82 126 1
83 142 1
84 94 1
85 148 1
86 98 1
86 104 1
87 132 1
87 92 1
87 138 1
88 157 1
89 122 1
89 138 1
89 138 1
89 138 1
90 102 1
90 111 1
91 125 1
91 107 1
93 139 1
93 137 1
93 119 1
94 133 1
94 118 1
96 100 1
97 150 1
97 157 1
97 140 1
98 110 1
101 108 1
101 136 1
101 107 1
102 151 1
102 125 1
103 114 1
104 105 1
105 117 1
107 129 1
108 157 1
109 147 1
112 124 1
114 131 1
117 128 1
118 149 1
119 146 1
121 125 1
123 141 1
126 149 1
129 139 1
130 158 1
131 132 1
134 137 1
135 153 1
139 140 1
140 150 1
141 151 1
141 155 1
144 160 1
147 147 2
148 148 2
