262 377
0 165 1
1 154 1
1 73 1
1 76 1
2 222 1
2 60 1
2 156 1
3 253 1
3 38 1
3 199 1
4 174 1
4 9 1
4 118 1
5 196 1
5 91 1
5 248 1
6 161 1
6 94 1
6 10 1
7 143 1
7 71 1
7 12 1
7 185 1
8 169 1
8 127 1
8 103 1
9 9 2
9 118 1
10 258 1
10 107 1
10 23 1
11 143 1
11 45 1
11 52 1
12 102 1
12 52 1
13 14 1
13 14 1
13 157 1
14 195 1
15 95 1
15 91 1
15 78 1
16 216 1
16 158 1
16 29 1
17 20 1
17 254 1
17 75 1
18 135 1
18 261 1
18 261 1
19 30 1
20 116 1
20 53 1
21 100 1
22 99 1
22 99 1
22 51 1
23 35 1
23 56 1
24 207 1
24 96 1
25 213 1
26 142 1
26 138 1
26 111 1
27 64 1
28 137 1
28 44 1
28 68 1
29 57 1
29 58 1
30 121 1
30 121 1
30 32 1
31 134 1
31 134 1
31 46 1
32 85 1
32 191 1
33 112 1
33 112 1
33 182 1
34 170 1
34 183 1
34 144 1
35 62 1
35 64 1
36 43 1
36 43 1
36 205 1
37 129 1
37 37 2
37 177 1
38 253 1
38 242 1
39 43 1
39 132 1
40 90 1
40 208 1
40 123 1
41 44 1
41 123 1
41 61 1
42 237 1
42 247 1
42 140 1
44 137 1
45 190 1
45 255 1
46 198 1
46 63 1
47 257 1
47 231 1
47 149 1
48 222 1
48 154 1
48 157 1
48 131 1
49 70 1
49 70 1
49 210 1
49 164 1
50 141 1
50 141 1
50 157 1
51 134 1
51 212 1
51 212 1
52 143 1
53 186 1
53 254 1
54 129 1
54 151 1
55 86 1
55 67 1
55 234 1
56 258 1
57 218 1
57 228 1
58 158 1
58 228 1
59 216 1
59 106 1
59 136 1
60 213 1
60 156 1
61 76 1
61 246 1
62 87 1
62 110 1
63 225 1
63 159 1
64 235 1
65 226 1
66 171 1
66 133 1
66 69 1
67 146 1
67 230 1
67 152 1
68 256 1
68 213 1
69 92 1
69 92 1
70 242 1
71 71 2
71 102 1
72 245 4
73 154 1
73 76 1
74 256 1
75 79 1
75 176 1
77 171 1
77 162 1
77 162 1
78 78 2
79 211 1
79 172 1
80 244 1
80 244 1
80 200 1
81 197 1
81 113 1
81 113 2
82 153 1
83 83 2
83 247 1
84 116 1
84 170 1
84 183 1
86 168 1
86 152 1
87 221 1
87 250 1
88 142 1
89 196 1
89 97 1
89 105 1
90 208 1
90 127 1
91 95 1
91 248 1
92 132 1
93 196 1
93 167 1
93 200 1
94 109 1
94 109 1
95 193 1
95 138 1
96 207 1
96 112 1
97 117 1
97 229 1
98 132 1
98 259 1
98 259 1
99 159 1
99 159 1
99 159 1
100 198 1
100 256 1
101 239 1
101 243 1
101 187 1
103 189 1
103 169 1
104 172 1
104 211 1
104 147 1
106 233 1
106 155 1
107 258 1
107 214 1
108 188 1
108 188 1
108 190 1
109 214 1
109 164 1
111 238 1
111 195 1
112 194 1
113 191 1
114 179 1
114 167 1
114 245 1
115 218 1
115 228 1
115 241 1
116 186 1
117 222 1
117 156 1
118 197 1
119 231 1
119 170 1
119 144 1
120 244 1
120 180 1
120 180 1
121 202 1
122 225 1
122 220 1
122 236 1
123 137 1
124 253 1
124 210 1
124 210 1
125 179 1
126 150 1
126 246 1
126 246 1
127 184 1
128 175 1
128 175 1
128 128 2
129 151 1
130 178 1
130 178 1
130 205 1
131 154 1
133 171 1
133 171 1
135 240 1
135 161 1
136 216 1
136 158 1
138 193 1
139 223 1
139 182 1
139 255 1
140 140 2
141 251 1
142 160 1
144 148 1
145 219 1
145 219 1
145 219 1
145 204 1
146 249 1
146 152 1
147 217 1
147 163 1
148 231 1
148 149 1
149 203 1
150 153 1
150 153 1
151 173 1
152 168 1
155 205 1
160 179 1
160 180 1
161 174 1
163 217 1
163 253 1
164 214 1
165 209 1
165 259 1
166 188 1
167 200 1
168 208 1
169 173 1
172 176 1
173 189 1
175 197 1
175 236 1
176 254 1
178 232 1
181 250 1
181 252 1
181 252 1
182 194 1
183 186 1
184 201 1
184 241 1
185 243 1
187 206 1
187 243 1
188 206 1
190 224 1
192 233 1
193 248 1
194 223 1
195 238 1
198 247 1
199 217 1
201 226 1
201 226 1
201 226 1
202 224 1
202 224 1
202 236 1
203 257 1
203 232 1
204 234 1
204 230 1
206 239 1
210 214 1
211 217 1
212 215 1
212 215 1
218 241 1
220 220 2
221 238 1
221 250 1
223 255 1
225 227 1
229 251 1
229 251 1
230 234 1
232 257 1
233 260 1
242 253 1
249 249 2
