46 68
0 36 1
0 24 1
0 24 1
1 41 1
1 41 1
1 42 1
2 30 1
2 4 2
2 4 1
3 21 1
3 21 1
3 37 1
4 44 1
5 10 1
5 28 1
5 28 1
6 18 1
6 42 2
6 42 1
7 9 1
7 44 1
7 44 1
8 27 3
8 45 1
9 36 3
10 43 1
10 19 1
11 17 2
11 17 1
11 29 1
12 34 1
12 13 1
12 13 1
13 45 1
14 35 1
14 15 1
14 15 1
15 27 1
16 19 3
16 23 1
16 37 1
16 37 1
17 38 1
18 29 1
18 29 1
19 22 4
20 32 1
20 43 3
20 38 1
20 38 1
21 24 1
23 40 1
23 40 1
25 39 1
25 39 1
25 28 1
25 31 1
26 33 1
26 27 2
26 27 1
30 33 1
30 33 1
31 35 1
31 35 1
32 43 3
34 36 1
34 36 1
40 41 1
