53 80
0 9 1
0 36 1
0 44 1
1 15 1
1 35 1
1 35 1
1 1 2
2 2 2
2 26 1
2 27 1
3 40 1
3 27 1
4 4 2
4 43 1
5 35 1
5 33 1
5 33 1
5 33 1
6 11 1
6 11 1
6 22 1
7 37 1
7 37 1
7 33 1
8 25 1
8 25 1
8 17 1
9 28 1
10 51 1
10 32 1
10 32 1
10 32 1
11 30 1
12 50 1
12 45 1
13 46 1
13 42 1
13 41 1
14 30 1
14 30 1
14 30 1
14 14 2
14 21 4
15 23 1
15 23 1
15 23 1
16 47 1
16 48 1
16 43 1
17 46 1
17 46 1
17 46 1
18 19 1
18 38 1
18 34 1
19 22 1
19 22 1
20 24 1
20 48 1
20 43 1
23 25 1
26 36 1
26 36 1
27 28 1
27 42 1
28 50 1
29 50 1
29 45 1
31 47 1
31 44 1
31 52 1
34 44 1
34 51 1
39 48 1
39 48 1
40 49 1
40 49 1
42 49 1
47 52 1
51 52 1
