40 67
0 22 3
0 25 1
1 5 1
1 5 1
1 28 1
2 29 1
2 22 1
2 22 1
3 19 1
3 36 1
3 36 1
3 36 1
4 27 1
4 15 1
4 15 1
5 26 1
6 11 1
6 20 1
6 20 1
6 20 1
7 37 1
7 23 1
7 23 1
8 9 1
8 10 1
8 10 1
8 10 1
8 39 3
9 17 4
9 38 1
9 38 1
10 16 1
11 19 1
11 19 1
12 31 3
12 14 1
13 27 1
13 27 1
13 27 1
13 21 1
14 31 3
14 24 1
14 26 1
15 30 1
15 15 2
16 18 1
16 18 1
16 18 1
18 33 1
20 35 1
21 21 2
21 33 1
21 33 1
22 36 1
23 32 1
24 30 1
24 30 1
24 30 1
25 31 1
25 39 1
25 34 1
28 32 1
28 32 1
29 37 1
29 37 1
34 38 3
35 38 1
