53 74
0 3 3
1 1 2
1 17 1
1 17 1
1 17 1
2 28 3
3 5 3
3 6 3
3 10 3
3 11 3
3 12 3
3 13 3
3 38 3
3 16 3
3 20 3
3 24 3
3 26 3
3 37 3
3 25 3
3 23 3
3 15 3
3 32 3
3 33 3
3 35 3
3 36 3
3 39 3
3 40 3
3 41 3
3 43 3
3 44 3
3 45 3
3 46 3
3 47 1
3 49 3
3 50 3
3 51 3
3 52 3
4 49 1
4 22 1
4 22 1
7 14 3
7 31 3
7 8 4
7 18 1
7 30 3
9 29 1
9 34 1
9 34 1
10 50 1
10 50 1
10 33 1
10 10 2
17 35 1
18 27 1
18 47 1
19 21 1
19 21 1
19 22 1
21 42 1
27 29 3
28 47 1
29 48 1
29 48 1
30 48 1
33 50 1
33 49 1
33 49 1
34 50 1
34 50 1
35 42 1
35 42 1
49 50 1
49 50 1
49 49 2
