58 87
0 55 1
0 55 1
0 56 1
1 12 1
1 57 1
2 16 1
3 30 1
3 19 1
3 19 1
4 39 1
4 10 1
4 10 1
5 54 1
5 54 1
5 54 1
6 20 1
6 17 1
6 17 1
6 17 1
7 11 1
7 11 1
7 57 1
8 40 1
8 24 1
8 41 1
9 13 1
10 30 1
10 10 2
11 27 1
12 53 1
12 53 1
12 53 1
13 26 1
13 28 1
14 27 1
15 15 2
15 50 1
16 41 1
16 27 1
17 35 1
18 32 2
18 32 1
18 55 1
19 38 1
20 30 1
20 43 1
21 40 1
22 24 1
22 24 1
22 24 1
22 34 1
23 28 1
23 28 1
25 26 1
25 26 1
25 57 1
29 51 1
29 51 1
29 54 1
31 42 1
31 42 1
31 42 1
32 48 1
33 48 1
34 37 1
34 37 1
34 34 2
35 36 1
35 36 1
35 36 1
36 36 2
37 42 1
38 49 1
38 52 1
39 45 1
39 45 1
40 48 1
41 47 1
43 56 1
43 56 1
44 53 1
44 53 1
45 51 1
46 47 4
50 52 1
50 52 1
51 51 2
