47 67
0 36 1
0 36 1
0 36 1
0 41 1
1 30 1
1 26 1
1 26 1
2 30 1
2 17 1
2 45 1
3 14 1
4 19 2
4 19 1
4 25 1
5 12 1
5 12 2
5 20 1
6 28 1
6 6 2
6 33 1
7 15 4
8 21 1
8 43 1
8 43 1
8 43 1
9 32 1
9 11 2
9 11 1
10 28 1
11 37 1
12 36 1
13 44 1
13 38 1
14 32 1
14 39 1
15 28 1
16 35 1
16 35 1
16 46 1
18 23 1
18 25 1
18 25 1
19 31 1
20 27 1
20 27 1
20 27 1
21 23 1
21 23 1
22 24 1
22 24 1
22 24 1
22 46 1
24 27 1
26 40 1
29 31 1
29 31 1
29 34 1
30 33 1
33 42 1
34 37 1
34 37 1
35 44 1
38 40 1
38 40 1
39 41 1
39 41 1
39 41 1
