55 72
0 13 1
0 13 1
0 21 1
1 44 1
1 28 1
2 47 1
2 6 1
3 4 1
3 4 1
3 4 1
3 23 1
4 35 1
5 27 1
5 27 1
5 40 1
6 34 1
6 34 1
7 41 1
7 27 1
8 46 1
8 46 1
8 10 1
9 19 3
9 51 1
10 12 1
10 39 1
10 54 1
11 36 1
11 12 1
13 49 1
14 33 1
14 18 1
14 51 1
15 29 3
15 26 4
15 44 1
16 36 1
16 37 1
17 22 1
17 23 1
18 19 3
19 25 3
19 37 1
20 47 1
20 28 3
21 50 1
21 52 1
22 32 1
23 29 1
24 50 1
24 34 3
25 33 1
25 33 1
25 53 1
28 29 3
28 43 3
28 48 3
28 35 3
30 41 2
30 41 1
30 44 1
31 32 1
31 47 1
34 39 3
34 45 1
34 52 3
34 54 3
38 42 1
38 45 1
40 50 1
42 53 1
46 49 1
