46 70
0 36 1
0 9 1
0 9 1
1 25 1
1 25 1
1 34 1
1 5 1
2 39 1
2 39 1
2 39 1
3 8 1
3 36 1
3 17 1
4 43 1
4 43 1
4 41 1
5 18 1
5 18 1
5 30 1
6 20 1
6 23 1
6 23 1
7 33 1
7 28 1
8 29 1
8 19 1
8 19 1
9 45 1
10 44 1
10 31 1
10 23 1
11 24 1
11 24 1
11 28 1
12 40 1
12 43 1
12 43 1
13 34 1
13 34 1
13 21 1
14 15 1
14 15 1
14 22 1
14 32 1
15 42 1
15 42 1
16 38 1
17 36 1
17 29 1
18 38 1
19 27 1
20 26 4
20 42 1
20 32 1
21 29 1
21 29 1
23 31 1
24 45 1
24 45 1
27 30 1
27 30 1
28 33 1
30 34 1
33 44 1
33 44 1
35 40 1
35 37 1
37 37 2
37 38 1
39 40 1
