61 89
0 16 1
0 3 3
0 1 3
0 50 3
1 46 1
2 33 1
2 40 1
2 42 1
3 59 1
3 48 3
4 34 1
4 22 1
4 46 1
5 6 1
5 6 1
5 17 1
6 36 1
7 16 1
7 27 1
7 26 1
8 41 1
8 9 1
8 9 1
8 18 1
9 18 1
9 18 1
10 24 1
10 60 1
11 29 1
11 11 2
12 30 1
12 51 3
13 35 1
13 32 1
13 58 1
14 56 1
14 55 1
14 55 1
15 17 1
15 18 1
15 54 1
16 16 2
17 48 1
19 56 1
19 31 1
19 44 1
20 46 1
20 47 1
20 31 1
21 27 1
21 28 1
21 28 1
22 34 1
22 50 1
23 49 1
23 49 1
24 47 1
24 44 1
25 43 4
26 42 1
27 53 1
28 37 1
29 36 1
29 38 1
30 45 1
30 53 1
31 59 1
32 35 1
32 58 1
33 51 3
34 60 1
35 41 1
36 54 1
37 45 1
37 51 3
37 39 3
38 57 1
38 58 1
39 57 1
40 43 1
40 43 1
42 53 1
43 45 1
44 55 1
49 52 1
49 56 1
52 59 1
57 58 1
60 60 2
