58 97
0 35 1
0 37 2
0 37 1
1 22 1
1 22 1
1 1 2
1 3 1
2 2 2
2 29 1
2 29 1
3 29 1
3 29 1
3 29 1
4 29 1
4 12 1
4 12 1
5 15 1
5 35 1
5 35 1
6 16 1
6 16 1
6 7 1
7 49 1
7 21 1
8 57 1
8 54 1
8 53 1
9 32 1
9 32 1
9 9 2
9 17 1
10 31 1
10 54 2
10 54 1
11 33 1
11 44 1
11 44 1
12 48 1
13 26 3
13 42 3
13 56 3
13 43 1
14 40 1
14 40 1
14 19 1
15 46 3
16 37 1
17 50 1
17 50 1
17 50 1
18 33 1
18 33 1
18 28 1
19 39 1
19 39 1
20 51 1
20 51 1
20 29 1
21 31 1
21 31 1
22 30 1
23 45 1
23 34 1
23 34 1
24 55 1
24 53 1
24 53 1
25 50 1
25 43 1
25 43 1
25 43 1
26 45 1
27 44 4
28 40 1
28 56 1
29 49 3
30 30 2
30 38 1
30 38 1
32 47 1
32 56 3
34 39 1
36 41 1
36 41 1
36 38 1
36 36 2
38 49 3
41 46 1
42 45 1
44 51 1
46 49 3
47 55 1
47 55 1
47 55 1
48 52 1
49 52 3
56 57 3
