36 73
1
1
1
1
1
1
1
1
1
1
1
1
1
1
2
1
1
1
1
1
1
1
1
1
1
1
1
1
1
1
1
2
1
1
1
4
0 1 2
0 2 5
1 2 3
1 3 3
1 4 5
2 5 3
2 6 3
3 4 2
4 8 4
4 7 2
5 9 2
5 6 2
5 6 6
6 9 4
7 8 2
7 8 2
7 10 3
8 10 5
9 11 3
9 12 5
11 12 2
11 12 2
11 13 3
12 13 5
13 14 3
13 15 6
14 16 2
14 15 2
14 15 3
15 16 4
16 17 5
17 18 3
18 19 2
18 20 3
18 21 3
19 20 5
19 20 3
19 21 1
19 21 1
19 22 2
20 21 6
20 21 2
20 22 5
21 22 3
22 23 3
22 24 2
22 25 5
23 24 3
23 24 5
23 25 2
23 25 2
23 26 5
24 25 1
24 25 7
24 26 2
25 26 3
26 27 3
27 35 8
27 28 2
27 29 4
28 35 8
28 29 2
28 29 2
28 30 3
29 35 8
29 30 5
30 32 6
30 31 3
31 32 2
31 32 3
31 33 2
32 33 4
33 34 3
