26 69
1
1
1
1
1
1
1
1
1
1
1
1
1
2
1
1
1
1
1
4
3
3
3
3
3
3
0 1 5
0 2 3
0 3 2
0 20 8
0 22 8
0 23 8
0 25 8
1 24 8
1 2 2
1 2 2
1 3 3
1 3 5
1 4 3
2 3 1
2 3 7
2 4 5
2 24 8
3 4 2
3 24 8
4 24 8
4 5 6
5 21 8
6 8 5
6 9 7
6 22 8
6 7 3
7 8 2
7 9 4
7 10 5
7 11 3
7 12 2
8 9 1
8 9 2
8 13 2
8 13 3
9 13 3
9 13 4
10 11 2
10 11 2
10 12 3
10 12 5
10 14 3
11 12 1
11 12 7
11 14 5
12 14 2
13 13 1
14 16 5
14 15 2
15 16 3
15 17 3
15 18 5
15 20 8
16 23 8
16 19 8
17 24 8
17 18 2
17 20 8
17 21 8
18 20 8
18 25 8
19 23 0
20 22 0
20 23 0
20 25 0
21 24 0
22 25 0
22 23 0
23 25 0
