31 64
1
1
1
1
1
1
1
1
1
2
1
1
1
1
1
1
2
1
1
1
1
1
1
1
1
1
1
1
1
1
4
0 1 2
0 2 5
0 30 8
1 2 3
1 3 4
1 4 2
3 4 2
3 5 4
3 6 2
4 8 3
4 9 5
4 9 6
4 7 2
5 11 3
5 10 2
5 12 3
5 6 2
6 13 4
6 14 2
7 8 1
7 8 1
7 9 3
7 9 4
7 15 2
8 9 2
8 9 3
8 15 3
9 9 1
10 16 2
10 16 4
10 11 5
10 11 3
10 12 1
10 12 1
11 16 5
11 16 1
11 12 6
11 12 2
12 16 3
12 16 3
13 17 3
13 14 2
13 14 2
14 17 5
15 19 3
15 20 5
16 16 6
17 18 5
18 21 2
18 22 4
19 24 2
19 23 4
19 20 2
20 25 2
20 26 3
21 22 2
23 24 2
23 27 5
23 28 2
24 28 2
24 29 4
25 26 5
27 28 3
28 29 2
