36 74
1
1
1
1
1
1
1
1
1
1
1
1
1
1
1
1
1
1
1
1
1
1
1
1
1
1
4
3
3
3
3
3
3
3
3
3
0 1 2
0 2 5
0 27 8
0 33 8
1 2 3
1 29 8
2 3 2
2 4 3
3 4 5
3 5 3
3 6 5
4 28 8
4 26 8
5 34 8
5 30 8
5 6 2
6 8 4
6 7 2
7 8 2
7 32 8
7 35 8
8 31 8
9 33 8
9 10 3
9 11 5
9 29 8
10 11 2
10 12 4
10 13 2
10 29 8
10 30 8
11 27 8
11 28 8
11 29 8
12 30 8
12 13 2
12 13 2
12 14 3
13 30 8
13 14 5
14 16 4
14 15 2
15 16 6
15 16 2
15 17 3
16 17 3
17 18 5
17 19 3
17 20 2
18 19 2
18 19 2
18 20 3
18 20 5
18 21 3
19 20 1
19 20 7
19 21 5
20 21 2
21 22 3
21 23 6
22 34 8
22 23 3
23 24 2
23 25 4
24 25 2
24 35 8
25 32 8
25 31 8
26 28 0
27 33 0
27 28 0
30 34 0
31 32 0
32 35 0
