48 119
1
1
1
1
1
1
1
1
1
1
1
1
1
1
1
1
1
1
1
1
2
1
1
2
1
1
1
1
1
1
1
1
1
1
1
1
1
1
1
1
1
1
1
1
1
1
2
4
0 1 5
0 2 3
0 3 2
0 47 8
1 2 2
1 2 2
1 3 3
1 3 5
1 4 3
2 3 1
2 3 7
2 4 5
3 4 2
4 5 2
4 6 4
5 6 2
5 6 6
5 7 3
6 7 3
7 8 5
8 9 2
8 10 4
9 10 2
9 10 2
9 11 2
10 11 4
11 12 2
11 13 2
12 13 4
13 14 4
14 15 6
15 16 3
15 17 2
16 17 5
16 18 2
16 19 6
17 20 4
17 20 2
18 19 4
18 21 4
18 22 2
19 24 2
19 23 2
19 23 4
20 20 6
21 25 4
21 26 2
21 22 2
22 27 3
22 28 6
23 24 4
23 24 2
23 23 6
24 29 3
24 30 6
25 26 2
26 27 5
26 31 2
27 28 3
27 31 3
28 32 3
28 29 2
29 32 5
29 30 3
30 34 1
30 35 3
30 36 4
30 37 5
30 38 2
32 33 5
33 40 3
33 35 2
33 39 2
34 35 4
34 36 5
34 36 3
34 37 6
34 37 1
34 38 1
34 38 1
34 40 2
34 41 4
34 42 2
35 36 1
35 37 2
35 38 5
35 39 4
35 40 1
36 37 1
36 37 2
36 38 6
36 38 4
36 40 1
36 41 1
36 42 5
37 38 7
37 38 2
37 40 1
37 41 3
37 42 3
38 40 3
38 41 5
38 42 1
39 40 5
39 44 2
39 43 3
40 41 2
40 42 4
41 42 6
41 44 3
41 45 2
42 45 2
42 46 3
42 46 3
43 44 5
44 45 5
45 46 5
45 46 1
46 46 6
