35 80
1
1
1
1
1
1
1
1
1
2
1
1
1
2
1
1
1
1
1
1
1
2
1
1
1
1
1
1
1
1
1
1
1
1
4
0 1 5
0 34 8
0 3 2
1 2 4
1 3 3
3 4 3
3 5 5
3 6 7
4 8 4
4 5 2
4 6 4
4 7 2
5 9 2
5 9 3
5 6 2
5 6 1
6 9 3
6 9 4
7 8 6
7 8 2
7 10 3
8 10 3
9 9 1
10 11 2
10 12 3
10 13 5
10 13 6
11 12 1
11 12 1
11 13 3
11 13 4
11 14 2
12 13 2
12 13 3
12 14 3
13 13 1
14 16 3
14 17 2
14 15 5
15 16 2
15 16 2
15 17 5
15 17 3
15 18 3
16 17 7
16 17 1
16 18 5
17 18 2
18 19 2
18 20 3
18 21 5
18 21 6
19 20 1
19 20 1
19 21 3
19 21 4
19 22 2
20 21 2
20 21 3
20 22 3
21 21 1
22 23 5
23 24 3
23 25 5
24 25 2
24 25 2
24 26 3
25 26 5
26 27 3
26 28 3
27 28 6
27 28 2
27 29 3
28 29 5
29 30 3
29 31 6
30 32 6
30 33 4
30 31 3
32 33 2
