46 97
1
1
1
1
1
1
1
1
1
1
1
1
1
1
1
2
1
1
1
1
1
1
1
1
1
1
1
1
1
1
1
1
1
1
1
1
1
1
1
1
1
1
1
1
1
4
0 1 2
0 2 3
0 3 5
0 4 7
1 2 1
1 2 6
1 3 3
1 3 5
1 4 5
2 3 2
2 3 1
2 4 4
3 4 2
4 5 3
4 45 8
5 45 8
5 6 2
5 7 4
6 8 3
6 9 5
6 7 2
7 10 2
7 11 4
8 9 2
8 9 2
8 12 2
9 12 4
10 11 2
10 13 2
10 14 3
10 15 5
10 15 6
11 16 2
11 17 4
12 18 5
12 19 3
13 20 2
13 14 1
13 14 1
13 15 3
13 15 4
14 20 3
14 15 2
14 15 3
15 15 1
16 17 2
16 17 2
16 21 2
17 21 4
18 19 2
18 19 2
18 22 5
19 22 3
22 24 2
22 23 4
23 24 2
23 24 2
23 25 4
24 25 2
25 26 5
25 27 3
26 27 2
26 27 2
26 28 5
27 28 3
28 29 5
28 30 3
29 30 2
29 30 2
29 31 5
30 31 3
31 32 3
31 33 5
32 33 2
32 33 2
32 34 2
33 34 4
34 35 5
34 36 3
35 36 2
35 36 2
35 37 5
36 37 3
37 40 5
37 38 3
37 39 2
38 40 2
38 40 2
38 41 2
38 39 1
39 40 3
39 42 4
40 41 4
41 43 4
41 44 2
43 44 1
43 44 2
