42 101
1
1
1
1
1
1
1
1
1
1
1
1
1
1
1
1
1
1
1
1
1
1
2
1
1
1
1
1
1
1
2
1
1
1
2
1
1
1
1
1
1
4
0 1 3
0 2 3
0 41 8
1 41 8
1 2 2
1 2 6
1 3 3
2 3 5
2 41 8
3 4 3
3 5 5
4 5 2
4 5 2
4 6 3
5 6 5
6 8 5
6 7 3
7 8 2
7 8 2
7 9 3
8 9 5
9 10 3
9 11 5
10 11 2
10 11 2
10 12 3
11 12 5
12 13 3
12 14 3
13 14 6
13 14 2
13 15 3
14 15 5
15 16 3
16 17 3
16 19 5
17 18 3
17 19 2
19 20 2
19 21 3
19 22 5
19 22 6
20 21 1
20 21 1
20 22 3
20 22 4
20 23 2
21 22 2
21 22 3
21 23 3
22 22 1
23 24 3
23 25 5
23 26 7
24 25 2
24 26 4
24 27 5
24 28 3
24 29 2
25 26 1
25 26 2
25 30 2
25 30 3
26 30 3
26 30 4
27 28 2
27 28 2
27 29 5
27 29 3
27 31 3
28 29 7
28 29 1
28 31 5
29 31 2
30 30 1
31 32 2
31 33 3
31 34 5
31 34 6
32 33 1
32 33 1
32 34 3
32 34 4
32 35 2
33 34 2
33 34 3
33 35 3
34 34 1
35 36 5
35 37 3
35 38 2
36 37 2
36 37 2
36 38 3
36 38 5
36 39 3
37 38 1
37 38 7
37 39 5
38 39 2
39 40 3
