61 118
1
1
1
1
1
1
1
1
1
1
1
1
2
1
1
1
1
1
1
1
1
1
1
1
1
1
1
1
1
2
1
1
1
1
1
1
1
1
1
1
1
1
1
1
1
1
1
1
1
1
1
1
1
1
1
1
1
1
1
1
4
0 1 3
0 2 6
1 2 3
1 3 4
1 4 2
2 5 2
2 6 3
3 4 2
3 4 2
3 7 3
4 7 5
5 8 2
5 9 4
5 6 5
6 10 3
6 11 3
8 9 2
8 12 3
8 13 6
9 14 2
9 15 2
10 16 3
10 11 6
10 11 2
11 16 5
12 17 2
12 13 2
12 13 3
13 17 4
14 18 3
14 19 5
14 15 4
15 20 3
15 21 5
16 22 3
16 23 5
17 24 3
17 25 3
18 26 3
18 19 2
18 19 6
19 26 3
20 27 6
20 28 2
20 21 2
21 29 3
21 30 6
22 31 3
22 23 2
22 23 2
23 31 5
24 32 3
24 25 2
24 25 6
25 32 5
26 33 5
26 34 3
27 28 4
27 35 3
27 36 5
28 37 2
28 38 4
29 30 3
29 30 2
29 39 2
30 39 4
31 40 3
31 41 3
31 60 8
32 42 3
32 43 5
33 34 2
33 34 2
33 44 5
34 44 3
35 36 2
35 36 6
35 45 3
36 45 3
37 46 4
37 38 2
37 38 2
38 46 2
39 48 3
39 49 3
40 41 2
40 41 6
40 50 3
40 60 8
41 50 5
41 60 8
42 43 2
42 43 2
42 45 3
43 45 5
44 51 3
44 52 5
46 47 5
48 49 2
48 49 6
48 53 3
49 53 5
50 54 3
50 55 5
51 56 3
51 52 2
51 52 6
52 56 3
54 57 3
54 55 2
54 55 2
55 57 5
56 58 5
56 59 3
57 58 5
57 59 3
58 59 2
58 59 2
