27 65
1
1
1
1
1
1
1
1
1
1
1
1
1
1
1
1
1
1
1
2
1
1
1
1
1
1
4
0 1 3
0 2 4
0 3 6
1 2 2
1 2 1
1 3 3
1 3 3
1 4 2
2 3 1
2 3 2
2 4 4
3 4 5
4 5 3
4 6 4
4 7 6
5 8 3
5 9 5
5 6 7
5 6 1
5 7 3
6 8 4
6 9 2
6 7 2
7 10 2
7 11 3
8 9 2
9 12 2
9 13 4
9 14 6
10 15 3
10 16 5
10 11 5
11 17 2
11 19 5
11 19 6
11 18 3
12 13 2
12 14 4
13 14 2
14 18 3
14 17 2
15 16 2
15 16 2
15 20 2
16 20 4
17 19 3
17 19 4
17 18 1
17 18 1
18 19 2
18 19 3
19 19 1
20 21 5
20 22 3
21 22 2
21 22 2
21 23 5
22 23 3
23 24 4
23 25 2
23 26 8
24 25 2
24 25 6
24 26 8
25 26 8
