31 60
1
1
1
1
1
1
1
1
1
1
1
1
1
1
1
1
1
1
1
1
1
1
1
1
1
1
1
1
1
2
4
0 1 3
0 2 3
1 2 2
1 2 6
1 3 3
2 3 5
3 4 3
3 5 5
4 5 2
5 6 3
5 7 5
6 8 3
6 7 2
6 7 2
7 8 5
8 9 3
8 10 5
9 10 2
9 10 2
9 11 3
10 11 5
11 12 3
11 13 3
11 30 8
12 30 8
12 13 2
12 13 6
12 14 3
13 30 8
13 14 5
14 16 3
14 15 3
15 16 6
15 16 2
15 17 3
16 17 5
17 18 3
17 19 5
18 19 2
18 19 2
18 20 3
19 20 5
20 21 3
20 22 5
21 22 2
21 22 2
21 23 3
22 23 5
23 24 2
23 25 3
24 25 5
24 26 2
24 27 2
26 27 4
27 28 3
27 29 5
27 29 6
28 29 2
28 29 3
29 29 1
