34 74
1
2
1
1
1
1
1
2
1
1
1
1
1
2
1
1
1
1
1
1
1
1
1
1
1
1
1
1
2
1
1
1
1
4
0 1 3
0 2 6
1 2 3
1 2 2
1 3 2
2 3 4
3 4 3
3 5 3
4 5 6
4 5 2
4 6 3
5 6 5
6 8 6
6 7 3
7 8 2
7 8 3
7 9 2
8 9 4
9 10 3
9 11 3
10 11 6
10 11 2
10 12 3
10 33 8
11 12 5
11 33 8
12 33 8
12 13 3
12 14 6
13 14 3
13 14 2
13 15 2
14 15 4
15 16 3
15 17 3
16 17 6
16 17 2
16 18 3
17 18 5
18 19 3
18 20 3
19 20 6
19 20 2
19 21 3
20 21 5
21 22 3
21 23 5
22 24 3
22 23 2
22 23 2
23 24 5
24 25 2
25 26 2
25 27 3
25 28 5
25 28 6
26 27 1
26 27 1
26 28 3
26 28 4
26 29 2
27 28 2
27 28 3
27 29 3
28 28 1
29 32 3
29 30 6
29 31 4
30 32 3
30 32 5
30 31 2
30 31 7
31 32 1
31 32 2
