49 177
1
1
1
1
1
1
1
2
1
1
2
1
1
1
1
1
1
1
1
1
1
1
1
1
1
1
1
1
1
1
1
1
1
1
1
2
1
1
1
4
3
3
3
3
3
3
3
3
3
0 40 8
0 1 2
0 2 5
1 2 3
1 3 4
1 4 2
2 41 8
3 4 2
3 4 2
3 5 3
4 5 5
5 6 2
5 7 5
5 7 6
6 8 2
6 9 3
6 10 5
6 10 6
6 7 3
6 7 4
7 7 1
8 9 7
8 9 1
8 10 3
8 10 4
8 11 2
8 12 3
8 13 4
8 14 5
8 15 6
8 42 8
9 10 2
9 10 3
9 11 5
9 12 4
9 13 3
9 14 2
9 15 1
9 42 8
10 10 1
11 42 8
11 12 1
11 12 6
11 13 2
11 14 3
11 15 4
11 16 2
11 17 4
11 18 5
12 42 8
12 13 1
12 14 2
12 15 3
12 16 4
12 17 2
12 18 1
13 42 8
13 14 1
13 15 2
13 16 2
13 17 1
13 19 4
13 20 5
13 21 6
13 22 7
13 44 8
14 43 8
14 42 8
14 15 1
14 15 6
14 18 1
14 21 4
14 22 2
15 43 8
15 42 8
15 18 5
15 21 2
15 22 4
16 44 8
16 17 1
16 17 2
16 18 3
16 19 2
16 20 3
16 21 4
16 22 5
17 44 8
17 18 1
17 19 3
17 20 4
17 21 5
17 22 6
18 43 8
18 21 3
18 22 1
19 44 8
19 20 1
19 20 1
19 21 2
19 22 3
19 23 2
20 44 8
20 21 1
20 22 2
20 23 3
21 43 8
21 44 8
21 22 1
21 22 2
22 43 8
22 44 8
23 45 8
24 39 8
24 40 8
24 41 8
24 25 5
24 26 3
24 27 2
25 26 2
25 26 2
25 27 5
25 27 3
25 28 3
26 27 7
26 27 1
26 28 5
27 28 2
28 29 2
28 30 6
29 33 2
29 34 4
29 30 4
30 31 3
31 32 5
32 35 3
32 36 6
33 34 2
33 34 6
33 37 3
33 42 8
33 43 8
33 44 8
33 45 8
33 46 8
34 37 3
34 42 8
34 43 8
34 44 8
34 45 8
34 46 8
35 36 2
35 36 3
35 38 2
36 38 4
37 42 8
37 43 8
37 44 8
37 45 8
37 46 8
37 48 8
38 47 8
39 40 0
39 41 0
40 41 0
42 43 0
42 44 0
42 45 0
42 46 0
43 44 0
43 45 0
43 46 0
44 45 0
44 46 0
45 46 0
46 47 0
46 48 0
47 48 0
