59 126
1
1
1
1
1
1
1
1
1
1
1
1
1
1
1
1
1
1
1
1
1
1
1
1
1
1
1
1
1
1
1
1
1
1
1
1
1
1
2
1
1
1
1
1
1
1
1
1
2
1
1
1
1
2
1
1
1
1
4
0 1 4
0 2 2
0 58 8
1 2 2
1 3 2
1 4 5
2 5 3
2 6 5
3 8 3
3 4 3
3 7 6
4 9 3
4 10 5
5 11 3
5 6 2
5 6 2
6 11 5
7 8 3
7 12 3
7 13 5
8 14 5
8 15 3
9 16 3
9 17 4
9 10 2
9 10 2
10 16 5
10 17 6
11 18 1
11 19 3
11 20 5
12 21 3
12 13 2
12 13 6
13 21 3
14 22 5
14 15 2
14 15 2
15 22 3
16 17 1
16 24 1
16 25 3
16 26 5
17 24 2
17 26 3
17 27 3
18 19 4
18 20 6
18 20 1
19 20 2
19 28 3
19 29 5
21 32 2
21 30 5
21 31 4
22 23 4
23 33 3
23 34 2
23 35 5
24 26 1
24 26 6
24 27 5
24 25 4
25 26 2
25 36 3
26 27 6
27 38 3
27 38 3
28 29 2
28 29 2
28 39 3
29 39 5
30 32 5
30 32 3
30 31 6
30 31 1
31 32 1
31 32 2
33 40 5
33 34 3
33 34 5
33 35 2
33 35 2
34 40 2
34 35 1
34 35 7
35 40 3
36 37 3
37 41 4
37 42 2
38 38 6
39 43 3
39 44 3
40 45 3
40 46 3
41 42 2
41 42 1
43 44 6
43 44 2
45 46 2
45 46 6
45 47 3
46 47 5
47 48 2
47 48 4
47 49 6
48 48 2
48 49 4
48 49 2
49 50 1
49 51 3
49 52 5
50 51 4
50 52 6
50 52 1
51 52 2
51 53 3
51 54 6
53 54 2
53 54 3
53 55 2
54 55 4
55 56 3
55 57 3
56 57 2
56 57 6
