32 70
1
1
1
1
1
1
1
1
1
1
1
1
1
1
1
1
1
1
1
1
1
1
1
1
1
1
1
1
1
1
1
4
0 1 3
0 3 3
1 2 3
1 3 6
2 4 5
2 5 3
2 6 2
3 8 4
3 7 2
4 9 3
4 5 2
4 5 2
4 6 5
4 6 3
5 9 5
5 6 7
5 6 1
6 9 2
7 8 2
8 10 3
8 12 6
9 13 3
9 14 4
9 15 6
10 11 3
10 12 3
11 16 6
11 17 4
12 18 2
12 20 3
13 14 1
13 14 2
13 15 3
13 15 3
14 15 2
14 15 1
16 17 2
17 21 5
17 22 4
17 23 2
18 20 5
18 19 4
19 24 3
19 25 3
20 28 3
20 27 3
20 26 2
21 22 6
21 22 1
21 23 5
21 23 3
22 23 1
22 23 2
24 25 6
24 25 2
24 29 3
24 31 8
25 29 5
25 31 8
26 27 3
26 27 5
26 28 1
26 28 1
26 30 2
27 28 2
27 28 6
27 30 5
28 30 3
29 30 4
29 31 8
