61 150
1
1
1
1
1
1
1
1
1
1
1
1
1
1
1
1
1
1
1
1
2
2
1
1
1
1
2
1
1
1
1
1
1
2
1
1
1
1
1
1
1
1
1
1
1
1
1
2
1
1
1
1
1
1
1
1
1
1
1
1
4
0 1 3
0 2 6
1 2 3
1 3 5
1 4 3
2 5 2
2 6 4
3 4 2
3 4 2
3 7 5
4 7 3
5 8 4
5 9 6
5 6 2
6 9 2
6 10 3
6 11 4
6 12 6
7 16 5
7 17 7
7 13 3
8 9 2
8 10 6
8 18 3
9 10 1
9 11 2
9 12 4
10 11 1
10 12 3
10 18 3
11 19 3
11 12 2
11 12 2
12 19 5
13 16 2
13 17 4
13 14 5
14 15 5
15 20 4
15 20 2
16 17 2
16 17 1
16 21 2
16 21 3
17 21 3
17 21 4
19 22 4
19 23 6
20 20 6
21 21 1
22 24 2
22 25 3
22 26 5
22 26 6
22 23 2
23 27 2
23 28 3
24 25 1
24 25 1
24 26 3
24 26 4
24 29 2
25 26 2
25 26 3
25 29 3
26 26 1
27 31 4
27 28 5
27 30 2
28 32 2
28 33 2
28 33 4
30 34 3
30 31 2
30 31 6
31 34 5
32 33 4
32 33 6
32 35 3
32 37 5
32 36 2
33 33 2
34 40 5
34 39 2
34 38 3
35 41 5
35 36 5
35 36 3
35 37 2
35 37 2
36 41 2
36 37 7
36 37 1
37 41 3
38 40 2
38 40 2
38 43 5
38 39 3
38 39 5
39 40 1
39 40 7
39 43 2
40 43 3
41 42 3
42 44 3
42 45 5
42 60 8
43 47 2
43 47 4
43 46 2
44 48 3
44 60 8
44 45 2
44 45 6
45 48 3
45 60 8
46 50 3
46 51 2
46 52 5
46 47 4
46 47 6
47 47 2
48 49 3
49 53 5
49 54 3
49 55 2
50 56 5
50 51 5
50 51 3
50 52 2
50 52 2
51 56 2
51 52 7
51 52 1
52 56 3
53 57 3
53 54 2
53 54 2
53 55 5
53 55 3
54 57 5
54 55 7
54 55 1
55 57 2
56 58 3
56 59 5
57 58 4
57 59 2
58 59 2
58 59 2
