34 81
1
1
1
1
1
2
1
1
1
1
1
1
1
1
1
1
1
1
1
1
1
1
1
2
2
1
1
1
1
1
1
1
1
4
0 1 3
0 3 2
0 4 3
0 5 5
0 5 6
1 2 3
2 6 2
2 7 4
3 9 2
3 4 1
3 4 1
3 5 3
3 5 4
4 9 3
4 5 2
4 5 3
5 5 1
6 11 5
6 12 6
6 10 3
6 7 2
7 8 3
8 33 8
8 13 3
8 14 3
9 16 4
9 17 3
9 15 6
10 18 3
10 11 1
10 11 2
10 12 5
10 12 3
11 12 6
11 12 1
11 18 4
12 18 2
13 33 8
13 19 3
13 14 6
13 14 2
14 33 8
14 19 5
15 16 7
15 16 2
15 17 5
15 17 3
16 17 2
16 17 1
18 20 3
19 21 2
19 22 3
19 23 5
19 23 6
20 24 2
20 24 4
20 25 2
21 26 2
21 22 1
21 22 1
21 23 3
21 23 4
22 26 3
22 23 2
22 23 3
23 23 1
24 24 6
24 25 4
24 25 2
25 28 5
25 29 3
26 27 5
27 28 3
28 29 2
29 32 2
29 30 5
29 31 3
30 32 3
30 31 2
30 31 6
31 32 1
