29 64
1
1
1
1
1
1
1
1
1
1
1
1
1
1
1
1
1
1
2
1
1
1
1
1
1
1
1
1
4
0 1 5
0 2 3
1 2 2
1 3 4
1 4 2
2 5 2
2 6 4
3 4 2
3 4 2
3 7 4
4 7 2
5 9 3
5 10 6
5 6 2
6 12 3
6 13 3
7 8 3
8 15 2
8 14 4
9 16 2
9 17 3
9 10 3
9 18 5
9 18 6
10 11 4
11 19 2
11 20 3
11 21 3
12 28 8
12 13 2
12 13 6
12 22 2
13 28 8
13 22 4
14 23 3
14 15 2
14 15 2
15 23 5
16 24 2
16 17 1
16 17 1
16 18 3
16 18 4
17 24 3
17 18 2
17 18 3
18 18 1
19 20 3
19 20 5
19 21 1
19 21 1
19 22 2
20 21 2
20 21 6
20 22 5
21 22 3
22 28 8
23 26 3
23 27 5
24 25 3
25 26 3
25 27 5
26 27 2
26 27 2
