46 100
1
1
1
1
1
1
1
1
1
1
1
1
1
1
1
1
1
1
1
1
1
1
1
1
1
1
1
1
1
1
1
1
1
1
2
1
1
1
1
1
1
1
1
1
1
4
0 1 2
0 3 5
1 2 3
1 3 3
2 4 5
2 5 3
2 6 2
3 8 5
3 7 3
4 9 3
4 5 2
4 5 2
4 6 5
4 6 3
5 9 5
5 6 7
5 6 1
6 9 2
7 8 2
7 8 2
7 10 4
8 10 6
9 11 3
9 12 4
9 13 6
10 14 2
10 15 5
11 12 2
11 12 1
11 13 3
11 13 3
12 13 1
12 13 2
14 16 4
14 17 2
14 15 3
15 19 3
15 18 2
16 17 2
16 17 2
16 20 3
17 20 5
18 19 5
18 21 3
18 22 5
19 24 4
19 23 2
20 25 2
20 26 4
21 27 4
21 22 2
21 22 2
22 27 2
23 24 2
23 24 2
23 30 2
24 30 4
25 26 2
25 26 6
25 31 3
26 31 3
27 28 3
27 45 8
28 29 3
28 45 8
29 32 2
29 33 3
29 34 5
29 34 6
30 35 3
30 36 5
31 37 4
31 38 2
32 33 1
32 33 1
32 34 3
32 34 4
32 39 2
33 34 2
33 34 3
33 39 3
34 34 1
35 40 3
35 36 2
35 36 2
36 40 5
37 41 3
37 38 2
37 38 2
38 41 5
39 40 3
41 42 3
41 43 4
41 44 6
42 43 2
42 43 1
42 44 3
42 44 3
43 44 1
43 44 2
