43 75
1
1
1
1
1
2
1
1
1
2
1
1
1
1
1
1
1
1
1
1
1
1
1
1
1
1
1
1
1
1
1
1
1
1
1
1
1
1
2
1
1
2
4
0 1 2
0 2 5
1 2 3
2 3 4
2 5 6
3 4 5
3 5 2
4 6 2
4 7 4
6 8 3
6 9 5
6 7 6
8 9 2
8 10 5
8 11 2
9 12 6
9 13 3
10 11 3
10 14 5
10 15 3
12 16 4
12 13 3
12 17 2
13 18 2
13 19 4
14 20 5
14 15 2
14 15 2
15 20 3
16 17 2
16 17 2
16 18 3
17 18 5
18 19 2
19 21 2
19 22 2
20 24 2
20 23 3
21 22 4
22 25 3
22 26 5
23 24 1
23 24 6
23 27 2
24 27 4
25 26 2
25 26 2
25 28 3
26 28 5
27 29 6
27 30 3
28 32 4
28 31 2
29 33 2
29 34 5
29 30 3
31 32 2
31 32 2
31 35 3
32 35 5
33 34 3
33 36 2
33 37 5
35 38 3
35 39 6
36 40 3
36 37 3
38 41 2
38 41 5
38 39 3
38 39 2
39 41 4
39 41 3
40 42 8
41 41 7
