40 100
1
1
1
1
1
1
1
1
1
1
1
1
1
1
1
1
1
1
1
1
1
1
1
1
1
1
1
4
3
3
3
3
3
3
3
3
3
3
3
3
0 32 8
0 1 5
0 35 8
0 38 8
0 28 8
0 31 8
1 2 5
2 3 4
3 4 3
3 5 3
4 5 2
4 5 6
4 6 3
5 6 5
6 33 8
6 34 8
6 39 8
6 36 8
6 29 8
6 30 8
6 37 8
7 8 3
7 9 5
7 28 8
7 29 8
8 9 2
8 30 8
9 10 2
9 11 5
9 12 6
10 11 3
10 12 4
10 13 6
10 14 4
10 15 3
11 16 2
11 12 1
11 12 2
12 16 4
13 17 3
13 14 2
13 14 7
13 15 3
13 15 5
14 17 4
14 15 1
14 15 2
15 17 2
16 20 4
16 18 2
17 35 8
18 27 8
18 19 4
18 20 6
19 27 8
19 21 2
19 23 4
20 24 2
20 25 4
21 22 3
21 23 2
22 24 6
22 26 3
23 33 8
24 25 2
24 26 3
25 34 8
26 36 8
28 32 0
28 35 0
28 38 0
28 29 0
28 31 0
29 33 0
29 34 0
29 36 0
29 37 0
29 39 0
29 30 0
30 33 0
30 34 0
30 36 0
30 37 0
30 39 0
31 32 0
31 35 0
31 38 0
32 35 0
32 38 0
33 34 0
33 36 0
33 37 0
33 39 0
34 36 0
34 37 0
34 39 0
35 38 0
36 37 0
36 39 0
37 39 0
