39 95
1
1
1
1
1
1
1
1
1
1
1
1
1
1
1
1
1
1
1
1
1
2
1
1
1
1
1
1
1
2
1
1
1
1
1
1
1
1
4
0 1 5
0 2 3
1 2 2
1 2 2
1 3 5
2 3 3
3 4 3
4 5 3
4 6 3
5 6 6
5 6 2
5 7 2
6 7 4
7 8 3
7 9 5
8 9 2
8 9 2
8 10 3
9 10 5
10 11 2
11 12 3
12 13 3
12 14 3
13 38 8
13 14 6
13 14 2
13 15 3
14 38 8
14 15 5
15 16 3
15 17 5
15 38 8
16 17 2
16 17 2
16 18 3
17 18 5
18 19 2
18 20 3
18 21 5
18 21 6
19 20 1
19 20 1
19 21 3
19 21 4
19 22 2
20 21 2
20 21 3
20 22 3
21 21 1
22 24 3
22 25 2
22 23 5
23 24 2
23 24 2
23 25 3
23 25 5
23 26 3
24 25 1
24 25 7
24 26 5
25 26 2
26 27 2
26 28 3
26 29 5
26 29 6
27 28 1
27 28 1
27 29 3
27 29 4
27 30 2
28 29 2
28 29 3
28 30 3
29 29 1
30 32 3
30 33 2
30 31 5
31 32 2
31 32 2
31 33 3
31 33 5
31 34 3
32 33 1
32 33 7
32 34 5
33 34 2
34 35 3
34 36 4
34 37 6
35 36 2
35 36 1
35 37 3
35 37 3
36 37 1
36 37 2
