31 69
1
1
1
1
1
1
1
1
1
1
1
1
1
1
1
1
1
1
1
1
1
1
1
1
1
1
1
1
1
4
3
0 1 3
0 2 2
0 30 8
1 2 5
1 3 4
1 4 2
2 5 2
2 6 3
2 7 3
3 8 4
3 4 2
3 4 2
4 8 2
5 10 2
5 6 5
5 6 3
5 7 1
5 7 1
6 10 5
6 7 6
6 7 2
7 10 3
8 9 3
9 11 5
9 12 3
9 13 2
10 14 2
10 15 4
10 29 8
11 16 3
11 12 2
11 12 2
11 13 5
11 13 3
12 16 5
12 13 7
12 13 1
13 16 2
14 17 2
14 29 8
14 15 2
14 15 2
15 17 4
15 29 8
16 18 3
16 19 4
16 20 6
17 21 3
17 22 5
18 19 1
18 19 2
18 20 3
18 20 3
19 20 2
19 20 1
21 22 2
21 22 2
21 23 3
22 23 5
23 24 3
23 25 3
24 25 2
24 25 6
24 26 2
25 26 4
26 27 4
26 28 2
27 28 2
27 28 2
