136 261
1
1
1
1
1
1
1
1
1
1
1
1
1
1
1
1
1
1
1
1
1
1
1
1
1
1
1
1
1
1
1
1
1
1
1
1
1
1
1
1
1
1
1
1
1
1
1
1
1
1
1
1
1
1
1
1
1
1
1
1
1
1
1
2
1
1
1
1
1
1
1
1
1
1
1
1
1
1
1
1
1
1
1
1
1
1
1
1
1
1
1
1
1
1
1
1
1
1
1
1
1
1
1
1
1
1
1
1
1
1
1
1
1
1
1
1
1
1
1
1
1
1
1
1
1
1
1
1
2
1
1
1
1
1
1
4
0 1 2
0 2 5
0 135 8
1 2 3
1 3 5
1 5 3
2 6 2
2 7 6
3 4 3
3 5 2
4 8 4
4 10 2
5 11 2
5 12 5
6 13 2
6 14 4
6 7 4
7 16 5
7 17 2
8 9 3
8 10 2
9 18 4
9 19 6
10 20 3
10 21 6
11 12 3
11 22 3
11 21 6
12 24 6
12 23 4
13 24 2
13 25 5
13 14 2
14 15 3
15 25 6
15 26 3
16 17 3
16 27 5
16 28 3
17 29 2
17 30 4
18 32 2
18 19 2
18 31 3
19 20 4
19 33 2
20 33 2
20 21 3
21 22 3
22 35 4
22 34 2
23 24 2
23 35 2
23 36 5
24 25 3
25 26 3
26 37 3
26 38 6
27 40 2
27 28 2
27 39 4
28 41 5
28 42 2
29 43 6
29 44 3
29 30 2
30 46 4
30 45 2
31 48 3
31 49 6
31 32 5
33 50 2
33 51 5
34 35 2
34 52 3
34 54 5
35 36 3
36 55 2
36 37 5
37 38 3
37 55 3
38 56 3
38 57 6
39 40 2
39 57 2
39 58 4
40 59 4
40 60 2
41 42 3
41 61 6
41 62 3
42 64 2
42 63 5
43 64 4
43 44 3
43 63 2
44 65 6
44 66 3
45 67 3
45 46 2
45 47 5
46 47 3
47 67 2
48 49 3
49 71 5
49 69 1
49 70 3
50 72 3
50 51 3
51 75 4
51 74 2
51 73 1
52 53 3
52 54 2
53 75 2
53 76 5
54 77 2
54 78 6
55 78 3
55 79 5
56 80 2
56 57 3
56 59 5
57 58 2
59 80 3
59 60 2
60 81 2
60 61 5
61 81 3
61 62 3
62 82 2
62 65 4
63 64 2
63 64 3
65 66 3
65 82 2
66 83 6
67 68 5
68 84 2
68 85 2
69 72 5
69 70 4
69 71 6
69 71 1
70 87 5
70 86 3
70 71 2
71 72 6
73 88 5
73 75 5
73 74 3
74 75 2
74 89 4
74 87 2
75 76 3
76 91 5
76 90 2
77 91 3
77 92 6
77 78 4
78 79 2
79 94 6
79 93 4
80 96 3
80 95 5
81 96 5
81 97 3
82 99 4
82 98 5
82 83 2
83 99 2
83 98 3
84 100 4
84 101 2
84 85 4
85 98 2
85 99 4
86 104 5
86 102 3
86 87 2
87 89 2
89 105 2
89 106 6
90 91 3
90 106 2
90 107 5
91 92 3
92 107 3
92 108 5
92 109 7
93 94 2
93 110 3
93 111 6
94 111 3
94 95 5
95 96 2
95 111 2
96 97 2
97 112 4
98 99 1
98 99 6
100 113 5
100 114 3
100 101 2
101 114 2
101 115 3
101 113 5
102 104 2
102 103 4
103 116 4
103 117 6
104 105 3
104 118 2
105 106 4
105 118 5
106 107 3
107 108 2
107 109 4
108 109 2
108 109 1
108 119 3
109 119 4
110 120 6
110 121 2
110 111 3
112 122 6
112 123 3
113 114 2
113 114 7
113 115 2
114 115 5
115 124 3
116 117 2
116 125 3
116 126 6
117 118 2
117 127 4
118 127 6
119 121 3
119 122 3
120 128 3
120 128 5
120 121 4
121 122 6
122 123 3
123 129 2
123 130 5
124 130 6
124 131 4
125 126 3
126 132 2
126 133 4
127 132 2
127 134 3
128 128 2
129 130 3
129 134 2
130 131 2
131 133 5
132 133 6
132 134 5
