215 412
1
1
1
1
1
1
1
1
1
1
1
1
1
1
1
1
1
1
1
1
1
1
1
1
1
1
1
1
1
1
1
1
1
1
1
1
1
1
1
1
1
1
1
1
1
1
1
1
1
1
1
1
1
1
1
1
1
1
1
1
1
1
1
1
1
1
1
1
1
1
1
1
1
1
1
1
1
1
2
1
1
1
2
1
1
1
1
1
1
1
1
1
1
1
1
1
1
1
1
1
1
1
1
1
1
1
1
2
1
1
1
1
1
1
1
1
1
1
1
1
1
1
1
1
1
1
1
1
1
1
1
1
1
1
1
1
1
2
1
1
1
1
1
1
1
1
1
1
1
1
1
1
1
1
1
1
1
1
1
1
2
1
1
1
2
1
1
1
1
2
1
1
1
1
1
1
1
1
1
1
1
1
1
1
2
2
1
1
1
1
1
1
1
1
1
1
1
1
2
1
1
1
1
1
1
1
1
1
1
1
1
1
1
1
4
0 1 2
0 3 5
0 4 6
1 2 3
1 3 3
1 4 4
2 5 4
2 7 6
3 4 1
3 4 2
3 8 2
4 8 4
5 6 5
5 7 2
6 9 3
6 10 3
7 11 2
7 13 4
8 14 2
8 15 5
9 16 4
9 10 6
9 18 2
10 20 3
10 22 3
11 12 4
11 13 2
12 25 6
12 23 3
13 27 2
13 28 2
14 29 3
14 30 6
14 15 3
15 32 3
15 31 2
16 17 5
16 18 6
17 24 3
17 33 3
18 19 5
19 35 3
19 34 2
20 21 5
20 22 6
21 36 3
21 38 3
22 40 2
22 43 3
23 24 5
23 25 3
24 33 6
25 26 4
26 44 6
26 33 2
27 28 4
27 45 4
27 46 2
27 47 2
28 48 3
28 49 5
29 50 4
29 51 2
29 30 3
30 52 3
30 53 6
31 56 6
31 32 5
31 54 2
31 55 5
33 44 4
34 57 5
34 58 6
34 44 3
34 35 5
35 59 3
35 60 3
36 37 3
36 38 6
37 61 2
37 62 5
38 39 3
39 43 2
39 63 3
40 41 4
40 43 5
41 42 3
42 64 2
42 59 3
43 63 5
44 58 3
44 57 2
45 46 2
45 47 6
46 47 4
47 65 2
47 66 3
47 67 4
48 68 3
48 70 6
48 49 2
50 72 5
50 51 2
50 71 3
51 73 3
51 74 6
52 74 3
52 75 6
52 53 3
53 76 2
53 54 3
54 56 4
54 55 3
54 76 5
55 56 1
55 56 2
55 77 2
56 77 4
57 58 1
57 58 1
57 78 3
57 78 3
58 78 4
58 78 2
59 64 5
59 60 6
60 81 2
60 79 3
61 82 5
61 82 3
61 62 3
62 83 3
62 84 6
63 85 2
63 86 4
64 88 3
64 87 3
65 89 5
65 66 3
65 66 5
65 67 1
65 67 6
66 67 2
66 67 1
66 89 2
67 89 4
68 69 6
68 70 3
69 90 2
69 91 2
70 90 3
70 92 5
71 72 2
72 73 6
72 89 3
73 89 3
73 74 3
74 75 3
75 93 2
75 94 6
76 96 6
76 95 3
77 214 8
78 78 6
79 80 5
79 81 5
80 97 5
81 98 2
81 99 4
82 82 2
83 84 3
83 100 6
83 101 2
84 102 4
84 103 2
85 104 2
85 86 6
86 105 4
86 106 6
87 88 6
87 107 4
87 107 2
87 108 2
88 109 2
88 110 3
90 91 4
90 92 2
91 112 2
91 111 3
92 113 2
92 114 4
93 115 2
93 116 5
93 94 4
94 117 3
94 95 3
95 96 3
95 117 6
96 120 5
96 118 1
96 119 3
98 121 2
98 122 3
98 99 6
100 123 4
100 124 2
100 101 4
101 125 6
102 103 2
102 126 5
102 127 3
103 128 4
103 123 2
104 129 6
104 130 3
105 106 2
107 107 2
107 108 6
107 108 4
108 133 3
108 132 2
108 109 1
109 132 3
109 133 2
109 110 5
110 136 5
110 134 2
111 112 5
112 137 2
112 137 4
113 140 5
113 114 2
113 139 4
113 138 2
114 141 4
114 142 2
115 144 2
115 116 3
115 143 4
116 145 4
116 146 6
117 146 3
117 147 5
117 148 7
118 120 1
118 120 6
118 119 4
119 120 2
119 126 5
119 149 3
121 122 5
122 150 2
122 151 4
123 128 2
123 124 2
124 152 6
124 153 2
125 153 5
125 154 2
126 149 2
126 127 2
127 155 3
127 149 6
128 156 6
128 157 4
129 130 3
129 158 4
129 159 2
130 131 5
131 160 4
131 160 2
131 159 2
132 150 5
132 133 5
133 162 4
133 161 2
134 136 3
134 135 3
135 164 5
135 164 3
136 163 2
137 137 6
138 139 2
138 140 3
139 140 1
139 140 6
139 165 3
140 165 3
141 142 6
143 168 3
143 144 2
143 166 6
144 169 3
144 169 5
145 146 2
145 171 6
145 170 3
146 147 2
146 148 4
147 172 3
147 148 1
147 148 2
148 172 4
149 155 3
150 151 2
151 173 3
151 174 3
152 153 4
152 157 2
152 175 2
153 154 3
154 176 2
154 178 6
154 177 3
155 179 2
155 172 4
156 179 5
156 180 2
156 157 2
157 175 4
158 181 5
158 182 3
158 159 2
159 160 6
159 160 4
160 160 2
161 162 6
161 173 3
161 183 3
162 163 4
164 164 2
165 184 2
165 184 4
166 168 3
166 167 4
167 185 4
167 185 2
168 186 3
168 187 6
169 169 2
170 171 3
170 188 5
170 189 3
171 190 3
171 191 5
172 179 2
173 174 6
173 183 6
174 192 3
174 193 3
175 194 5
176 177 1
176 177 6
176 195 3
176 178 4
177 195 3
177 178 3
179 180 3
181 195 2
181 196 3
181 182 2
182 197 6
183 198 2
183 199 4
184 184 2
185 185 2
186 192 2
186 187 3
186 200 4
187 201 2
187 188 4
188 201 2
188 189 2
189 201 2
189 202 5
190 203 3
190 204 6
190 191 2
192 200 2
192 193 6
193 202 3
193 205 3
194 204 3
195 196 5
196 206 3
196 207 6
197 208 3
197 209 2
198 208 4
198 199 2
198 199 2
199 208 6
201 202 3
202 205 6
203 210 4
203 204 3
203 207 2
205 210 4
205 211 2
206 211 6
206 212 4
206 213 2
206 207 3
207 210 2
208 209 5
209 212 3
209 213 3
210 211 2
211 212 2
211 213 4
212 213 6
212 213 2
