377 780
1
1
1
1
1
1
1
1
1
1
1
1
1
1
1
1
1
1
1
1
1
1
1
1
1
1
1
1
1
1
1
1
1
1
1
1
1
1
1
1
1
1
1
1
1
1
1
1
1
1
2
1
1
1
1
1
1
1
1
1
1
1
1
1
1
1
1
1
1
1
1
1
1
1
1
1
1
1
1
1
1
1
1
1
1
1
1
1
1
1
1
1
1
1
1
1
1
1
1
1
1
1
1
1
1
1
1
1
1
1
2
1
1
1
1
1
1
1
1
1
1
1
1
1
1
1
2
1
1
1
1
1
1
1
1
1
1
1
1
1
1
1
1
1
1
1
1
1
1
1
1
1
1
1
1
2
1
1
1
1
1
1
1
1
1
1
1
1
1
1
1
1
1
1
1
1
1
1
1
1
1
1
1
1
1
1
1
2
1
1
1
1
1
1
1
1
1
2
1
1
1
1
1
1
1
1
1
1
1
1
1
1
1
1
1
1
1
1
2
1
1
1
1
1
1
1
1
1
1
1
1
1
1
1
1
1
1
1
1
2
1
1
1
1
1
1
1
1
1
1
2
1
1
1
1
1
1
1
1
1
1
1
1
1
1
1
1
1
1
1
1
1
1
1
1
1
1
1
1
1
1
1
1
1
1
1
1
1
1
1
1
1
1
1
1
1
1
1
1
1
1
1
1
1
1
1
1
2
1
1
1
1
1
1
1
1
1
1
1
1
1
1
1
1
1
1
1
1
1
1
1
1
1
1
1
1
1
1
1
1
1
1
1
1
1
1
1
1
1
1
1
1
1
1
1
1
1
1
1
1
1
1
1
1
1
1
1
1
1
1
1
1
1
1
1
1
4
0 1 2
0 2 6
1 2 4
1 3 3
1 4 6
2 5 2
2 6 3
3 8 5
3 4 3
3 7 3
4 10 5
4 9 3
5 11 4
5 12 6
5 6 5
6 13 3
6 14 3
7 8 2
7 16 2
7 15 4
8 17 5
8 18 2
9 10 2
9 10 2
9 19 3
10 19 5
11 20 3
11 12 2
11 22 2
11 21 4
12 22 2
12 23 4
13 24 2
13 25 3
13 14 6
14 24 3
14 26 5
15 16 2
15 27 5
15 28 2
16 17 2
16 28 6
17 18 3
17 28 4
18 29 2
18 30 4
18 31 3
19 32 2
19 33 4
20 34 3
20 35 6
20 21 1
20 22 5
21 35 1
21 36 4
21 37 2
21 22 6
22 23 2
23 37 2
23 38 4
24 25 5
24 26 2
25 40 3
25 39 3
26 41 2
26 42 3
27 44 3
27 43 6
27 28 3
29 45 3
29 46 4
29 47 6
29 30 2
29 31 5
30 47 3
30 31 7
31 48 3
31 49 2
32 48 2
32 33 2
32 33 2
33 48 4
34 50 3
34 50 5
34 35 3
35 36 3
35 37 3
36 51 4
36 38 2
36 37 6
37 38 2
38 51 6
39 40 6
39 40 2
39 52 3
40 52 5
41 42 5
41 54 5
41 53 3
42 376 8
43 44 3
44 56 5
44 55 2
45 57 4
45 58 6
45 46 1
45 47 3
46 47 2
46 58 2
46 59 4
48 49 5
49 60 3
49 61 3
50 50 2
51 62 2
51 63 3
52 64 3
52 65 5
53 66 2
53 67 4
53 54 2
55 56 3
55 68 6
55 69 3
56 70 4
56 71 6
57 72 3
57 58 2
57 59 6
58 59 2
59 72 3
60 61 6
60 61 2
60 73 3
61 73 5
62 75 5
62 74 2
62 63 5
63 67 4
63 76 2
64 65 2
64 65 2
64 66 3
65 66 5
66 67 2
67 76 6
68 69 3
69 77 3
69 78 5
70 80 6
70 79 3
70 71 2
71 80 2
71 81 5
72 82 2
72 83 6
73 84 2
73 74 4
74 75 3
74 84 2
75 84 2
75 85 5
77 78 2
78 87 6
78 86 4
79 88 3
79 89 5
79 80 3
80 81 3
81 89 3
81 82 6
82 83 4
82 89 3
83 91 3
83 90 3
84 85 3
85 92 3
85 93 5
86 87 2
86 94 4
86 95 6
87 96 2
87 97 4
88 89 2
88 98 4
88 99 6
90 91 2
90 91 6
90 100 4
91 100 6
92 101 2
92 102 6
92 93 2
93 102 2
93 103 6
94 104 3
94 105 6
94 95 2
95 106 3
95 107 3
96 97 6
96 108 2
96 109 3
97 110 2
97 110 4
98 112 6
98 99 2
98 111 4
99 112 2
99 113 5
100 115 3
100 114 3
101 116 4
101 117 2
101 102 4
102 103 4
103 118 3
103 119 5
104 120 3
104 105 3
104 121 5
105 122 2
105 123 3
105 124 4
106 107 6
106 107 2
106 125 3
107 125 5
108 109 5
108 126 2
108 126 4
110 110 6
111 112 2
111 128 4
111 127 2
112 113 3
113 129 2
113 130 4
114 115 6
114 115 2
114 131 3
115 131 5
116 117 2
116 117 6
118 119 2
118 132 3
118 133 5
120 121 2
121 134 3
121 135 2
122 136 5
122 137 2
122 123 3
122 123 5
122 124 1
122 124 6
123 136 2
123 137 5
123 124 2
123 124 1
124 136 4
124 137 3
125 138 2
125 139 3
125 140 5
126 126 2
127 128 2
127 141 6
127 142 2
128 144 6
128 143 4
129 145 3
129 146 4
129 147 2
129 130 2
130 147 2
130 148 4
132 149 4
132 150 2
132 133 2
133 152 4
133 151 2
134 153 3
134 154 5
134 135 5
135 155 4
135 155 2
136 137 2
136 137 7
136 138 3
137 138 5
138 139 1
138 140 3
139 156 4
139 140 2
139 140 1
139 157 3
140 156 3
140 157 2
141 159 2
141 158 4
141 142 4
142 160 2
142 161 4
142 162 3
143 144 2
143 163 4
143 164 6
144 164 2
144 165 3
145 168 6
145 146 1
145 147 5
145 167 3
146 168 1
146 169 4
146 170 2
146 147 6
147 148 2
148 170 2
148 171 4
149 172 4
149 150 2
150 173 4
150 174 1
150 175 6
151 152 2
153 176 3
153 177 5
153 178 2
153 154 2
154 179 1
154 180 3
154 181 5
155 155 6
156 157 1
156 157 2
158 159 2
158 182 4
158 183 2
159 184 4
159 183 6
160 161 2
160 161 1
160 162 5
160 162 3
160 185 3
161 185 4
161 162 7
161 162 2
162 185 6
163 186 4
163 164 2
163 166 2
164 165 5
165 166 4
166 186 6
167 168 3
167 187 3
167 187 5
168 169 3
168 170 3
169 188 4
169 170 6
169 189 2
170 171 2
171 189 2
171 190 4
172 191 4
172 175 2
173 192 3
173 191 2
173 174 3
173 175 2
174 193 6
174 194 2
174 175 5
175 191 2
176 178 5
176 195 4
176 196 6
176 177 2
177 178 1
177 178 7
177 197 4
177 197 2
178 197 3
178 197 3
179 180 4
179 181 6
179 181 2
179 198 5
180 200 4
180 181 2
180 199 2
181 198 3
182 201 4
182 202 2
182 183 2
183 184 2
184 202 6
184 203 4
186 204 3
186 205 3
187 187 2
188 206 3
188 190 2
188 189 6
189 190 2
190 206 5
191 192 5
192 208 3
192 209 1
192 207 5
193 194 4
193 211 2
193 210 4
194 212 6
194 213 4
195 216 6
195 196 2
195 215 3
196 217 1
196 218 3
197 197 6
198 219 4
198 220 2
199 200 1
199 200 2
199 221 2
199 222 4
200 221 3
200 222 5
201 224 2
201 202 2
201 223 4
202 203 2
203 224 6
203 225 4
204 226 4
204 227 2
204 205 6
205 227 2
206 228 3
206 229 4
206 230 6
207 231 5
207 232 4
207 233 2
207 208 2
207 209 4
208 209 2
208 234 2
208 235 6
209 235 2
209 210 5
209 211 6
210 211 6
210 211 1
210 235 3
211 235 4
212 236 3
212 237 3
212 213 2
213 214 5
214 238 2
214 215 3
215 216 3
215 238 5
216 238 2
216 239 5
216 239 6
217 240 5
217 218 4
217 218 1
218 240 6
219 241 2
219 242 4
219 220 6
220 243 3
220 244 2
221 222 2
222 245 2
222 246 4
223 224 2
223 248 2
223 247 4
224 225 2
225 248 6
225 249 4
226 250 2
226 250 4
226 251 3
226 227 6
228 230 3
228 230 3
228 229 1
228 229 2
229 230 2
229 230 1
231 232 2
231 232 1
231 233 3
231 252 4
232 233 2
232 252 2
233 234 6
233 253 2
233 254 3
234 235 4
234 253 4
234 254 3
236 256 3
236 237 6
236 255 3
238 239 3
238 239 4
239 239 1
240 245 3
241 257 4
241 242 6
241 242 1
241 258 2
242 258 3
242 257 3
243 244 5
243 259 5
243 260 3
244 261 2
244 262 4
245 246 2
247 264 2
247 248 2
247 263 4
248 249 2
249 264 6
249 265 4
250 251 5
250 251 1
250 250 6
252 266 6
252 267 4
252 268 3
252 269 2
253 270 2
253 254 1
253 254 6
254 270 4
255 256 6
255 256 2
257 272 2
257 258 6
257 271 4
259 273 5
259 274 3
259 260 2
260 274 2
260 275 3
261 276 4
261 277 2
261 262 2
262 278 4
262 277 2
263 264 2
263 265 2
263 279 4
264 265 2
265 279 2
266 267 2
266 268 3
266 269 4
266 280 5
266 281 3
267 268 1
267 269 2
267 282 2
267 283 6
268 284 6
268 269 1
268 283 3
269 284 2
269 270 5
270 284 3
271 272 6
271 285 4
271 286 2
272 287 2
273 288 5
273 289 3
273 274 2
274 275 5
275 289 2
275 290 3
276 277 6
276 291 3
276 292 4
276 293 2
277 278 2
278 293 2
278 294 4
279 296 2
279 295 5
280 281 2
280 298 4
280 299 2
281 299 6
281 300 4
281 301 1
282 283 4
282 301 4
283 284 3
285 303 2
285 302 2
285 286 6
286 302 3
286 287 2
287 302 5
288 304 5
288 305 3
288 289 2
289 290 5
290 304 5
290 305 2
290 306 3
291 292 1
291 293 5
291 303 2
292 307 1
292 307 3
292 293 6
292 308 5
293 294 2
294 308 4
295 296 3
295 309 4
295 310 2
296 297 3
297 312 6
297 311 2
298 313 4
298 314 2
298 299 2
299 300 2
299 301 5
300 314 6
300 315 4
300 301 3
302 303 4
304 305 2
304 305 7
304 306 2
305 306 5
306 316 3
306 317 2
307 308 4
307 308 2
307 307 2
309 310 2
311 312 4
311 318 5
311 319 3
312 320 3
312 321 3
313 323 2
313 322 4
313 314 2
314 315 2
315 323 6
315 324 4
316 325 2
316 317 5
317 325 3
318 319 2
318 319 6
318 326 3
319 326 3
320 321 6
320 321 2
320 327 4
321 327 6
322 328 4
322 323 2
322 329 2
323 324 2
324 329 6
324 330 4
326 331 2
327 332 4
327 333 6
328 329 2
328 334 4
328 335 2
329 330 2
330 336 4
330 335 6
331 337 3
331 338 6
332 339 4
332 340 2
332 333 2
333 340 2
333 341 4
334 335 2
334 342 4
334 343 2
335 336 2
336 344 4
336 343 6
337 345 4
337 346 6
337 338 3
338 347 3
338 348 3
339 340 6
339 349 4
339 350 2
340 341 2
341 350 2
341 351 4
342 352 4
342 353 2
342 343 2
343 344 2
344 353 6
344 354 4
345 346 6
345 346 2
345 355 3
346 355 3
347 356 3
347 348 6
347 348 2
348 356 5
349 358 2
349 357 4
349 350 6
350 351 2
351 358 2
351 359 4
352 360 4
352 361 2
352 353 2
353 354 2
354 361 6
354 362 4
355 363 3
355 364 5
356 365 3
356 366 5
357 368 2
357 358 6
357 367 4
358 359 2
359 368 2
359 369 4
360 369 4
360 370 2
360 361 2
361 362 2
362 370 6
362 367 4
363 371 1
363 372 3
363 364 2
363 373 5
364 371 4
364 373 5
365 366 2
367 368 6
367 370 2
368 369 2
369 370 2
371 372 4
371 373 1
371 373 6
372 373 2
372 374 3
372 375 4
374 375 1
374 375 1
