42 60
1
1
1
1
1
1
1
1
1
1
1
1
1
1
1
1
1
1
1
1
1
1
1
1
1
1
1
1
1
1
1
1
1
1
1
1
1
1
1
1
1
4
0 1 3
1 2 3
2 3 2
2 4 5
3 4 3
4 5 2
4 6 2
5 6 4
6 8 6
6 7 3
7 8 3
8 9 2
8 10 2
9 10 4
10 11 2
10 12 4
11 12 2
11 12 2
11 13 3
12 13 5
13 14 3
13 15 6
14 15 3
15 16 2
15 17 2
16 17 4
16 41 8
17 18 3
18 19 3
19 20 3
20 21 3
20 22 6
21 22 3
22 23 3
23 24 3
23 25 6
24 25 3
25 26 2
25 27 2
26 27 4
27 28 3
27 29 6
28 29 3
29 30 2
29 31 2
30 31 4
31 32 4
31 33 2
32 33 2
32 33 2
32 34 3
33 34 5
34 35 3
35 36 3
36 37 5
37 38 4
38 40 2
38 39 4
39 40 1
39 40 2
