35 76
1
1
1
1
1
1
1
1
1
1
1
1
1
1
1
1
1
1
1
1
1
1
1
1
1
1
1
1
1
1
2
1
1
1
4
0 1 3
0 2 2
0 3 5
1 2 3
1 2 5
1 3 2
1 3 2
1 4 5
2 3 1
2 3 7
2 4 2
3 4 3
4 5 3
4 6 5
5 6 2
5 6 2
5 7 3
6 7 5
7 8 2
7 9 4
7 34 8
8 9 2
8 9 2
8 10 3
8 34 8
9 10 5
9 34 8
10 11 3
11 12 5
11 13 3
12 13 2
12 13 2
12 14 5
13 14 3
14 16 2
14 15 4
15 16 2
15 16 6
15 17 3
16 17 3
17 18 5
17 19 3
18 19 2
18 19 2
18 20 5
19 20 3
20 21 5
20 22 4
20 23 2
21 24 2
21 25 5
21 22 1
21 23 3
22 26 4
22 27 3
22 23 1
22 23 2
23 26 3
23 27 2
24 25 3
24 28 6
24 29 2
25 30 3
25 30 3
26 27 2
26 27 1
26 29 5
27 29 3
28 32 3
28 29 4
28 31 5
30 30 6
31 32 2
31 32 2
31 33 5
32 33 3
