33 76
1
1
1
1
1
1
1
1
1
1
1
1
2
1
1
1
1
1
1
1
1
1
1
1
1
1
1
1
1
2
1
1
4
0 1 2
0 2 3
0 3 3
1 2 3
1 2 5
1 3 1
1 3 1
1 4 2
2 3 2
2 3 6
2 4 5
3 4 3
4 5 3
4 6 3
5 6 6
5 7 1
5 8 2
5 9 4
5 10 5
6 11 5
6 7 4
7 8 3
7 9 5
7 10 6
7 11 1
8 9 2
8 10 3
8 12 3
8 12 5
9 10 1
9 10 2
9 11 3
9 13 2
10 11 1
10 13 4
11 13 5
12 12 2
13 14 5
14 16 3
14 15 3
15 16 2
15 16 6
15 17 3
16 17 5
17 18 3
17 19 5
18 32 8
18 19 2
18 19 2
18 20 3
19 32 8
19 20 5
20 32 8
20 21 3
20 22 5
21 25 5
21 26 3
21 22 2
22 23 3
23 24 3
24 25 5
25 26 2
26 27 2
26 28 3
26 29 5
26 29 6
27 28 1
27 28 1
27 29 3
27 29 4
27 30 2
28 29 2
28 29 3
28 30 3
29 29 1
30 31 3
