27 63
1
1
1
1
1
1
1
1
1
1
1
1
1
1
1
1
1
1
1
1
1
1
1
1
1
1
4
0 1 3
0 2 2
0 3 5
1 2 5
1 2 3
1 3 2
1 3 2
1 4 5
2 3 7
2 3 1
2 4 2
3 4 3
4 26 8
4 5 4
5 26 8
5 6 3
5 7 2
6 9 2
6 10 3
6 11 6
6 7 5
7 8 3
8 15 3
8 14 3
9 16 2
9 17 4
9 10 1
9 10 1
9 11 4
10 16 3
10 11 3
10 17 5
11 12 3
12 13 3
13 14 3
13 15 5
14 15 6
14 15 2
16 17 6
16 17 2
16 18 3
17 18 3
18 19 5
18 20 3
18 21 2
19 20 2
19 20 2
19 21 3
19 21 5
19 22 3
20 21 1
20 21 7
20 22 5
21 22 2
22 23 3
22 24 4
22 25 6
23 24 1
23 24 2
23 25 3
23 25 3
24 25 2
24 25 1
