29 64
1
1
1
1
1
1
1
1
1
1
1
1
1
1
1
1
1
1
1
1
1
1
1
4
3
3
3
3
3
0 24 8
0 1 5
0 27 8
1 2 2
1 3 2
2 3 4
2 25 8
3 28 8
3 26 8
3 23 8
4 25 8
4 26 8
4 27 8
4 5 5
5 6 3
5 7 3
6 8 2
6 7 6
6 7 2
7 8 4
8 9 3
8 10 5
9 10 2
9 10 2
9 11 3
10 11 5
11 12 2
11 13 3
11 14 3
12 13 3
12 13 5
12 14 1
12 14 1
12 15 2
13 14 2
13 14 6
13 15 5
14 15 3
15 16 3
15 17 5
16 17 2
16 17 2
16 18 4
17 18 2
18 19 2
18 20 3
18 21 3
19 20 3
19 20 5
19 21 1
19 21 1
19 22 2
20 21 2
20 21 6
20 22 5
21 22 3
22 28 8
23 26 0
23 28 0
24 27 0
25 26 0
25 27 0
26 27 0
26 28 0
