44 91
1
1
1
1
1
1
1
1
1
1
1
1
1
1
1
1
2
1
1
1
1
1
1
1
1
1
1
1
1
1
1
1
1
1
1
1
1
1
1
1
1
1
1
4
0 1 3
0 43 8
1 2 2
1 6 4
2 3 3
2 6 2
3 4 5
4 5 5
5 8 3
5 9 3
6 7 4
7 10 2
7 11 6
8 9 6
8 9 2
8 13 2
9 13 4
10 11 4
11 12 2
12 14 3
12 15 2
13 16 3
13 17 6
14 15 5
16 17 3
16 17 2
16 18 2
17 18 4
18 19 2
18 20 4
19 20 2
19 21 5
19 22 3
19 23 2
21 24 3
21 22 2
21 22 2
21 23 3
21 23 5
22 24 5
22 23 1
22 23 7
23 24 2
24 25 2
24 26 4
25 26 2
25 26 6
25 27 3
26 27 3
27 28 5
27 29 3
27 30 2
28 29 2
28 29 2
28 30 3
28 30 5
28 31 3
29 30 1
29 30 7
29 31 5
30 31 2
31 32 5
31 33 3
31 34 2
32 33 2
32 33 2
32 34 3
32 34 5
32 35 3
33 34 1
33 34 7
33 35 5
34 35 2
35 36 2
35 37 4
36 37 2
36 37 6
36 38 3
37 38 3
38 40 3
38 41 5
38 39 2
39 40 6
39 40 1
39 41 5
39 41 3
39 42 2
40 41 1
40 41 2
40 42 4
41 42 3
