27 108
1
1
1
1
1
1
1
1
1
1
1
1
1
1
1
1
1
4
3
3
3
3
3
3
3
3
3
0 1 5
0 2 3
0 3 2
0 18 8
0 17 8
1 2 1
1 2 2
1 3 3
1 4 2
1 5 3
1 6 4
1 7 5
1 8 6
1 20 8
2 3 1
2 4 3
2 5 4
2 6 5
2 7 6
2 8 7
2 20 8
3 8 3
3 9 4
3 10 5
3 11 6
3 19 8
4 5 1
4 6 2
4 6 1
4 7 3
4 8 4
4 9 2
4 12 2
4 13 4
4 14 5
4 20 8
4 21 8
5 6 1
5 7 2
5 8 3
5 12 7
5 20 8
6 7 1
6 8 2
6 9 1
6 12 3
6 13 5
6 14 6
6 20 8
6 21 8
7 8 1
7 10 1
7 11 5
7 13 3
7 14 1
7 20 8
8 9 1
8 10 2
8 11 3
8 19 8
8 20 8
9 10 1
9 11 2
9 12 4
9 13 6
9 14 7
9 19 8
9 21 8
10 11 6
10 11 1
10 13 4
10 14 2
10 19 8
11 13 2
11 14 4
11 19 8
12 13 2
12 14 3
12 21 8
13 14 2
13 14 1
13 21 8
14 21 8
15 25 8
15 18 8
15 26 8
16 19 8
16 20 8
16 21 8
16 22 8
16 23 8
16 24 8
16 25 8
16 26 8
17 18 0
18 25 0
19 20 0
19 21 0
19 25 0
20 21 0
20 25 0
21 25 0
22 24 0
22 26 0
22 23 0
23 24 0
23 26 0
24 26 0
