58 166
1
1
1
1
1
1
1
1
1
1
1
1
2
1
1
2
1
1
1
1
1
1
1
2
1
1
1
1
1
1
1
2
1
1
1
1
1
1
1
2
1
1
1
1
1
1
1
2
1
1
4
3
3
3
3
3
3
3
0 56 8
0 1 2
0 50 8
0 3 5
0 51 8
1 56 8
1 2 5
1 3 3
2 4 3
2 5 5
3 6 3
3 7 5
3 56 8
3 57 8
4 8 3
4 5 2
4 5 2
5 8 5
6 57 8
6 54 8
6 7 2
7 57 8
7 53 8
8 9 2
8 10 3
9 10 5
9 11 2
9 12 4
9 12 6
10 52 8
11 12 2
11 12 4
11 13 2
11 14 3
11 15 5
11 15 6
12 12 2
13 16 2
13 14 1
13 14 1
13 15 3
13 15 4
14 16 3
14 15 2
14 15 3
15 15 1
16 17 5
16 18 3
16 19 2
17 18 2
17 18 2
17 19 5
17 19 3
17 20 3
18 19 7
18 19 1
18 20 5
19 20 2
20 21 2
20 22 3
20 23 5
20 23 6
21 24 2
21 22 1
21 22 1
21 23 3
21 23 4
22 24 3
22 23 2
22 23 3
23 23 1
24 25 5
24 26 3
24 27 2
25 26 2
25 26 2
25 27 5
25 27 3
25 28 3
26 27 7
26 27 1
26 28 5
27 28 2
28 29 2
28 30 3
28 31 5
28 31 6
29 32 2
29 30 1
29 30 1
29 31 3
29 31 4
30 32 3
30 31 2
30 31 3
31 31 1
32 33 5
32 34 3
32 35 2
33 34 2
33 34 2
33 35 5
33 35 3
33 36 3
34 35 7
34 35 1
34 36 5
35 36 2
36 37 2
36 38 3
36 39 5
36 39 6
37 40 2
37 38 1
37 38 1
37 39 3
37 39 4
38 40 3
38 39 2
38 39 3
39 39 1
40 41 5
40 42 3
40 43 2
41 42 2
41 42 2
41 43 5
41 43 3
41 44 3
42 43 7
42 43 1
42 44 5
43 44 2
44 45 2
44 46 3
44 47 5
44 47 6
45 48 2
45 46 1
45 46 1
45 47 3
45 47 4
46 48 3
46 47 2
46 47 3
47 47 1
48 55 8
49 51 8
49 52 8
49 53 8
49 54 8
49 55 8
49 56 8
49 57 8
50 51 0
51 56 0
52 53 0
52 54 0
52 55 0
52 57 0
53 54 0
53 55 0
53 57 0
54 55 0
54 57 0
55 57 0
