54 135
1
1
1
1
1
1
1
1
1
1
1
1
1
1
1
1
1
1
1
1
1
1
1
1
1
1
1
1
1
1
1
1
1
2
1
1
1
1
1
1
1
1
4
3
3
3
3
3
3
3
3
3
3
3
0 1 3
0 43 8
0 53 8
0 51 8
1 2 2
1 3 4
2 3 2
2 44 8
3 4 2
3 5 2
4 5 4
4 45 8
5 6 2
5 7 2
6 46 8
6 7 4
7 8 2
7 9 2
8 9 4
8 47 8
9 10 4
9 11 6
10 11 2
10 12 4
10 13 6
11 13 2
11 14 4
11 15 3
12 16 5
12 17 3
12 18 2
12 13 2
13 14 2
13 15 5
14 19 4
14 15 7
15 48 8
16 17 2
16 17 2
16 18 3
16 18 5
16 20 3
17 20 5
17 18 1
17 18 7
18 20 2
19 49 8
20 21 5
20 22 3
20 23 2
21 24 3
21 22 2
21 22 2
21 23 3
21 23 5
22 24 5
22 23 1
22 23 7
23 24 2
24 25 2
24 26 4
25 26 6
25 26 2
25 27 3
26 27 3
27 28 4
27 29 2
28 29 2
28 29 2
28 30 3
29 30 5
30 32 3
30 33 5
30 33 6
30 31 2
31 32 1
31 32 1
31 33 3
31 33 4
31 34 2
32 33 2
32 33 3
32 34 3
33 33 1
34 35 6
34 36 4
34 37 3
35 36 7
35 36 2
35 37 5
35 37 3
36 37 2
36 37 1
38 40 6
38 42 8
38 43 8
38 39 3
39 40 3
39 51 8
40 52 8
41 44 8
41 45 8
41 46 8
41 47 8
41 48 8
41 49 8
41 50 8
41 52 8
41 53 8
42 43 0
43 51 0
43 53 0
44 45 0
44 46 0
44 47 0
44 48 0
44 49 0
44 53 0
45 46 0
45 47 0
45 48 0
45 49 0
45 53 0
46 47 0
46 48 0
46 49 0
46 53 0
47 48 0
47 49 0
47 53 0
48 49 0
48 53 0
49 53 0
50 52 0
51 53 0
