32 64
1
1
1
1
1
1
1
1
1
1
1
1
1
1
1
1
1
1
1
1
1
1
1
1
1
1
4
3
3
3
3
3
0 1 2
0 2 4
0 27 8
1 2 2
1 3 3
1 4 5
2 26 8
2 28 8
3 4 2
3 4 2
3 5 3
4 5 5
5 6 3
5 7 5
6 8 3
6 30 8
6 7 2
6 7 2
7 8 5
7 30 8
8 9 2
8 10 4
8 30 8
9 10 2
9 10 2
9 11 2
10 11 4
11 12 3
11 13 5
12 13 2
12 13 2
12 14 3
12 31 8
13 14 5
13 31 8
14 15 1
14 16 3
14 17 5
14 31 8
15 16 4
15 17 6
15 17 1
16 17 2
16 18 3
16 19 5
18 19 2
18 19 2
18 20 3
19 20 5
20 29 8
21 24 3
21 25 5
21 27 8
21 22 1
21 23 2
22 24 4
22 25 6
22 25 1
22 23 3
23 24 1
23 25 3
23 30 8
24 25 2
26 28 0
