68 140
1
1
1
1
1
1
1
1
1
1
1
1
1
1
1
2
1
1
1
1
1
2
1
1
1
1
1
1
1
1
1
2
1
1
1
1
1
2
1
1
1
1
1
1
1
1
1
1
1
1
1
1
1
1
1
1
1
1
1
1
1
1
4
3
3
3
3
3
0 1 2
0 2 6
0 62 8
0 63 8
1 64 8
1 2 4
1 66 8
2 3 3
2 4 3
3 4 6
3 4 2
3 5 3
4 5 5
5 8 5
5 6 1
5 7 3
6 8 6
6 8 1
6 7 4
7 8 2
7 9 3
7 10 5
9 10 2
9 10 2
9 11 3
10 11 5
11 12 3
11 13 3
12 13 6
12 13 2
12 14 3
13 14 5
14 16 6
14 67 8
14 15 3
15 16 2
15 16 3
15 17 2
15 67 8
16 17 4
16 67 8
17 18 3
17 19 5
18 19 2
18 19 2
18 20 3
19 20 5
20 21 3
20 22 6
21 22 3
21 22 2
21 23 2
22 23 4
23 24 3
23 25 3
24 25 2
24 25 6
24 26 3
25 26 5
26 65 8
27 64 8
27 66 8
27 28 3
27 29 3
28 64 8
28 29 6
28 29 2
28 30 3
29 64 8
29 30 5
30 32 6
30 31 3
31 32 2
31 32 3
31 33 2
32 33 4
33 34 3
33 35 3
34 35 2
34 35 6
34 36 3
35 36 5
36 37 3
36 38 6
37 38 3
37 38 2
37 39 2
38 39 4
39 40 3
39 41 3
40 41 6
40 41 2
40 42 3
41 42 5
42 43 3
42 44 5
43 44 2
43 44 2
43 45 3
44 45 5
45 63 8
45 46 3
45 47 3
46 48 3
46 63 8
46 47 6
46 47 2
47 48 5
47 63 8
48 49 3
48 50 5
49 50 2
49 50 2
49 51 3
50 51 5
51 52 3
51 53 3
52 53 2
52 53 6
52 54 3
53 54 5
54 56 3
54 65 8
54 55 3
55 56 2
55 56 6
55 57 3
55 65 8
56 57 5
56 65 8
57 58 3
57 59 3
58 59 6
58 59 2
58 60 3
59 60 5
60 61 3
61 67 8
62 63 0
64 66 0
