39 78
1
1
1
1
1
1
1
1
1
1
1
1
1
1
1
1
1
1
1
1
1
2
1
1
1
1
1
1
1
1
1
1
1
1
1
1
1
1
4
0 1 4
0 2 6
1 2 2
1 2 2
1 3 3
1 4 5
2 3 5
2 4 7
3 4 2
3 5 4
3 6 6
4 7 4
5 8 3
5 9 5
5 6 2
6 10 2
6 7 2
7 10 4
8 9 2
8 11 3
8 12 3
9 10 3
9 13 3
10 13 6
11 12 6
11 14 2
11 15 2
12 16 3
12 14 2
13 17 3
13 18 5
13 19 7
14 16 5
14 15 4
15 20 3
15 21 5
15 21 6
16 17 3
16 18 5
17 18 2
17 18 2
17 19 4
18 19 2
19 22 4
20 21 2
20 21 3
21 21 1
22 24 3
22 23 3
23 24 6
23 25 3
23 26 5
24 27 2
24 28 4
24 38 8
25 26 2
25 26 2
25 29 3
26 29 5
27 28 2
27 28 2
27 38 8
27 30 2
28 38 8
28 30 4
29 32 4
29 33 6
30 31 4
31 33 3
31 34 5
32 33 2
33 34 2
34 35 3
34 36 5
35 36 2
35 36 2
35 37 3
36 37 5
