20 73
1
1
1
1
1
1
1
1
1
1
1
1
1
1
1
1
1
1
1
4
0 1 3
1 2 3
1 3 5
2 19 8
2 3 2
2 3 2
2 4 3
3 19 8
3 4 5
4 5 5
4 6 3
4 7 2
4 19 8
5 6 1
5 6 2
5 7 3
5 8 2
5 9 3
5 10 4
5 11 5
5 12 6
6 7 1
6 8 3
6 9 4
6 10 5
6 11 6
6 12 7
7 12 3
7 13 4
7 14 5
7 15 6
8 9 1
8 10 1
8 10 2
8 11 3
8 12 4
8 13 2
8 16 2
8 17 4
8 18 5
9 10 1
9 11 2
9 12 3
9 16 7
10 11 1
10 12 2
10 13 1
10 16 3
10 17 5
10 18 6
11 12 1
11 14 1
11 15 5
11 17 3
11 18 1
12 13 1
12 14 2
12 15 3
13 14 1
13 15 2
13 16 4
13 17 6
13 18 7
14 15 1
14 15 6
14 17 4
14 18 2
15 17 2
15 18 4
16 17 2
16 18 3
17 18 1
17 18 2
