33 61
1
1
1
1
1
1
1
1
1
1
1
1
1
1
1
1
1
1
1
1
1
1
1
1
1
1
1
1
1
1
1
1
4
0 32 8
0 1 3
1 32 8
1 2 2
1 3 4
2 3 2
2 4 6
2 5 3
3 6 2
3 7 4
4 8 3
4 9 5
4 5 3
5 11 3
5 10 5
6 12 2
6 7 2
6 7 2
7 12 4
8 9 2
8 14 5
8 15 2
9 16 2
9 15 6
10 17 5
10 11 2
10 11 2
11 17 3
12 13 3
13 18 5
13 19 3
14 15 3
15 16 4
16 20 3
16 21 5
17 22 4
17 23 2
18 24 5
18 19 2
18 19 2
19 24 3
20 25 3
20 21 2
20 21 2
21 25 5
22 26 4
22 23 2
22 23 2
23 26 2
25 27 3
25 28 3
26 29 5
26 30 3
27 28 2
27 28 6
27 31 3
28 31 5
29 30 2
29 30 2
29 31 5
30 31 3
