35 74
1
1
1
1
1
1
1
1
1
1
1
1
1
1
1
1
1
1
1
1
1
1
1
1
1
1
4
3
3
3
3
3
3
3
3
0 1 2
0 2 4
0 27 8
1 2 2
1 28 8
2 3 3
2 4 6
2 33 8
3 33 8
3 4 3
3 29 8
4 26 8
4 33 8
4 5 3
5 26 8
5 6 3
6 8 3
6 34 8
6 7 5
7 8 2
7 8 2
7 9 5
7 34 8
8 9 3
8 34 8
9 10 3
9 11 2
9 12 5
10 11 1
10 12 2
10 12 2
10 13 2
11 12 3
11 14 4
12 13 4
13 32 8
13 30 8
14 31 8
15 16 3
15 17 4
15 18 6
15 32 8
16 17 2
16 17 1
16 18 3
16 18 3
16 19 2
17 18 1
17 18 2
17 19 4
18 19 5
19 20 5
20 21 3
21 24 5
21 22 3
21 23 2
22 24 2
22 24 2
22 25 5
22 23 5
22 23 3
23 24 7
23 24 1
23 25 2
24 25 3
25 34 8
27 33 0
27 28 0
27 29 0
28 33 0
28 29 0
29 33 0
30 32 0
30 31 0
