49 89
1
1
1
1
1
1
1
1
1
1
1
1
1
1
1
1
1
1
1
1
1
1
1
1
1
2
1
1
1
1
1
2
1
1
1
1
1
1
1
1
1
1
1
1
1
1
1
2
4
0 48 8
0 1 2
0 2 4
1 2 2
1 3 6
1 4 2
2 6 4
2 7 6
3 9 4
3 12 2
3 4 4
4 5 4
6 13 3
6 14 5
6 7 2
7 8 4
9 10 4
9 12 2
10 11 5
11 16 5
11 15 3
12 17 5
12 18 3
13 19 3
13 14 2
13 14 2
14 19 5
15 16 2
15 16 2
15 20 3
16 20 5
17 18 2
17 18 6
17 21 3
18 21 3
19 24 5
19 22 1
19 23 3
20 25 2
20 25 4
20 26 2
21 27 3
21 28 5
22 24 1
22 24 6
22 23 4
23 24 2
23 29 3
23 30 5
25 25 6
25 26 4
25 26 2
26 32 6
26 31 3
27 33 3
27 28 2
27 28 6
28 33 3
29 34 3
29 30 2
29 30 2
30 34 5
31 32 2
31 32 3
31 35 2
32 35 4
33 36 2
33 37 5
34 40 2
34 38 4
35 41 3
35 42 3
36 42 5
36 37 3
36 41 3
38 40 6
38 39 4
39 43 1
41 42 2
41 42 6
43 44 5
43 45 3
44 45 2
44 45 2
44 46 5
45 46 3
46 47 3
46 47 2
47 47 1
