43 106
1
1
1
1
1
1
1
1
1
1
1
1
1
2
1
1
1
1
1
1
1
1
1
1
1
1
1
1
1
1
1
1
2
1
1
2
1
1
1
2
1
1
4
0 1 3
0 2 6
0 42 8
1 2 3
1 3 6
1 5 4
2 8 5
2 7 3
3 4 3
3 5 2
4 11 2
4 9 5
4 10 3
5 6 5
6 9 3
6 10 5
6 11 2
7 8 2
7 12 3
7 13 5
7 13 6
8 16 3
8 15 3
8 14 2
9 10 2
9 10 2
9 11 5
9 11 3
10 11 7
10 11 1
12 17 2
12 18 4
12 13 2
12 13 3
13 13 1
14 16 1
14 16 1
14 19 2
14 15 5
14 15 3
15 16 6
15 16 2
15 19 5
16 19 3
17 20 3
17 18 2
17 18 6
18 20 3
19 21 3
19 22 2
19 23 5
20 24 4
20 25 2
21 26 5
21 22 5
21 22 3
21 23 2
21 23 2
22 26 2
22 23 7
22 23 1
23 26 3
24 25 2
24 25 2
24 29 3
25 29 5
26 27 3
27 28 3
28 32 5
28 32 6
28 30 2
28 31 3
29 33 2
29 34 3
29 35 5
29 35 6
30 32 3
30 32 4
30 31 1
30 31 1
31 32 2
31 32 3
32 32 1
33 34 1
33 34 1
33 35 3
33 35 4
33 36 2
34 35 2
34 35 3
34 36 3
35 35 1
36 37 2
36 38 3
36 39 5
36 39 6
37 40 2
37 38 1
37 38 1
37 39 3
37 39 4
38 40 3
38 39 2
38 39 3
39 39 1
40 41 5
