47 108
1
1
1
1
1
1
1
1
1
1
1
1
1
1
1
1
1
1
1
1
1
1
1
1
1
1
1
1
1
1
1
1
2
1
1
1
1
1
1
1
1
1
1
1
1
1
4
0 1 3
0 3 3
1 2 5
1 3 6
2 4 2
2 5 3
2 6 3
3 8 3
3 7 3
4 9 2
4 5 5
4 5 3
4 6 1
4 6 1
5 9 5
5 6 6
5 6 2
6 9 3
7 8 6
7 8 2
7 11 3
8 11 5
9 10 3
10 12 3
10 13 3
11 14 3
11 15 5
12 16 2
12 13 6
12 13 2
13 16 4
14 17 3
14 15 2
14 15 2
15 17 5
16 18 3
16 19 5
17 20 3
17 21 3
18 19 2
18 19 2
18 22 3
19 22 5
20 21 6
20 21 2
20 23 2
21 23 4
22 24 2
22 25 4
22 46 8
23 26 3
23 27 5
24 25 2
24 25 2
24 28 3
24 46 8
25 28 5
25 46 8
26 27 2
26 27 2
26 29 3
27 29 5
28 32 5
28 32 6
28 30 2
28 31 3
29 33 2
29 34 4
30 32 3
30 32 4
30 35 2
30 31 1
30 31 1
31 32 2
31 32 3
31 35 3
32 32 1
33 34 2
33 36 2
33 37 4
33 38 5
34 40 3
34 39 3
35 41 5
35 42 3
35 43 2
36 44 3
36 37 1
36 37 2
36 38 5
36 38 3
37 44 4
37 38 6
37 38 1
38 44 2
39 40 2
39 40 6
39 45 4
40 45 2
41 42 2
41 42 2
41 43 5
41 43 3
41 45 3
42 43 7
42 43 1
42 45 5
43 45 2
