38 75
1
1
1
1
1
1
1
1
1
1
1
1
1
1
1
1
1
1
1
1
2
1
1
1
1
1
1
1
1
1
1
4
3
3
3
3
3
3
0 32 8
0 1 3
0 2 6
1 2 3
1 4 5
1 7 2
2 3 3
3 8 3
3 9 6
4 5 3
4 7 3
5 6 3
6 10 4
6 11 2
7 33 8
8 9 3
8 34 8
9 12 2
9 13 2
10 11 2
10 11 2
10 15 3
11 15 5
12 35 8
12 13 4
12 31 8
13 14 4
14 16 3
14 17 6
15 19 3
15 20 5
15 20 6
15 18 2
16 17 3
16 37 8
17 22 2
17 21 2
18 27 2
18 19 1
18 19 1
18 20 3
18 20 4
19 27 3
19 20 2
19 20 3
20 20 1
21 36 8
21 22 4
22 23 3
23 24 5
24 25 3
25 26 3
26 29 3
26 30 5
27 28 5
28 29 2
28 30 4
29 30 2
29 30 2
31 35 0
32 33 0
32 34 0
32 35 0
32 36 0
32 37 0
33 34 0
33 35 0
33 36 0
33 37 0
34 35 0
34 36 0
34 37 0
35 36 0
35 37 0
36 37 0
