42 91
1
1
1
1
1
1
1
1
1
1
2
1
1
1
1
1
1
1
1
1
1
1
1
1
1
1
1
1
1
1
1
1
1
1
1
1
1
1
1
1
1
4
0 1 2
0 2 6
1 2 4
1 3 3
1 4 5
2 5 3
2 6 3
3 4 2
4 8 3
4 7 2
5 9 2
5 6 2
5 6 6
5 41 8
6 9 4
6 41 8
7 8 5
7 10 3
7 11 6
9 41 8
9 12 3
9 13 5
10 11 3
10 11 2
10 14 2
11 14 4
12 13 2
12 13 2
12 15 3
13 15 5
14 16 3
14 17 3
15 18 2
15 19 4
16 17 2
16 17 6
16 20 2
17 20 4
18 19 2
18 19 2
18 21 3
19 21 5
20 24 5
20 23 3
21 22 3
22 25 5
22 26 3
22 27 2
23 24 2
24 28 2
24 29 4
25 26 2
25 26 2
25 27 5
25 27 3
25 30 3
26 27 7
26 27 1
26 30 5
27 30 2
28 32 5
28 33 6
28 29 2
28 31 2
29 32 5
29 33 3
30 34 5
30 35 3
30 36 2
31 32 3
31 33 4
32 33 1
32 33 2
34 35 2
34 35 2
34 36 3
34 36 5
34 37 3
35 36 1
35 36 7
35 37 5
36 37 2
37 38 3
37 39 4
37 40 6
38 40 3
38 40 3
38 39 1
38 39 2
39 40 2
39 40 1
