40 81
1
1
1
1
1
1
1
1
1
1
1
1
1
1
1
1
1
1
1
1
1
1
1
1
1
1
1
1
1
1
4
3
3
3
3
3
3
3
3
3
0 1 3
0 2 3
0 31 8
1 2 6
1 2 2
1 3 2
1 30 8
2 3 4
2 30 8
3 4 3
3 30 8
4 5 3
4 7 6
5 6 5
5 7 3
6 8 5
6 9 3
6 36 8
7 10 2
7 11 4
8 9 2
8 9 2
8 12 5
8 36 8
9 36 8
9 12 3
10 11 2
10 11 6
10 14 4
11 14 2
12 13 5
13 32 8
14 16 5
14 35 8
14 15 2
15 16 3
15 34 8
15 35 8
16 17 3
16 18 5
16 35 8
17 18 2
17 18 2
17 19 3
18 19 5
19 20 2
19 21 4
20 21 2
20 21 2
20 22 2
21 22 4
22 24 5
22 23 3
23 24 2
23 24 2
23 25 3
24 25 5
25 33 8
26 32 8
26 35 8
26 27 3
26 31 8
27 36 8
28 33 8
28 34 8
28 37 8
28 38 8
28 39 8
29 37 8
29 38 8
29 39 8
31 32 0
31 35 0
32 35 0
33 34 0
33 38 0
33 39 0
34 39 0
34 38 0
37 38 0
38 39 0
