38 83
1
1
1
1
1
1
1
1
1
1
1
1
1
1
1
1
1
1
1
1
1
1
1
1
1
1
4
3
3
3
3
3
3
3
3
3
3
3
0 1 3
0 2 5
0 27 8
1 2 2
1 35 8
1 4 5
1 5 3
1 6 2
1 34 8
2 26 8
2 3 3
3 8 5
3 26 8
3 7 2
4 34 8
4 35 8
4 5 2
4 5 2
4 6 5
4 6 3
4 9 3
5 34 8
5 35 8
5 6 7
5 6 1
5 9 5
6 34 8
6 35 8
6 9 2
7 8 3
7 11 4
7 10 2
8 12 4
8 14 6
9 16 3
9 17 6
10 18 3
10 11 2
10 11 6
11 18 3
12 13 4
12 14 2
13 30 8
14 15 3
15 31 8
16 19 2
16 20 4
16 17 3
17 18 5
19 20 2
19 21 4
19 22 2
20 29 8
21 36 8
21 28 8
21 22 1
21 22 2
22 36 8
22 28 8
23 35 8
23 34 8
23 27 8
24 25 3
24 28 8
25 36 8
27 34 0
28 36 0
29 32 0
29 33 0
29 37 0
29 30 0
29 31 0
30 32 0
30 33 0
30 37 0
30 31 0
31 32 0
31 33 0
31 37 0
32 33 0
32 37 0
33 37 0
34 35 0
