28 158
1
1
1
1
1
1
1
1
1
1
1
1
1
1
1
4
3
3
3
3
3
3
3
3
3
3
3
3
0 1 1
0 1 1
0 2 2
0 2 7
0 3 3
0 4 4
0 5 5
0 6 1
0 7 3
0 8 4
0 9 5
0 10 6
0 16 8
0 17 8
1 2 1
1 2 6
1 3 2
1 4 3
1 5 4
1 6 2
1 7 2
1 8 3
1 9 4
1 10 5
1 16 8
1 17 8
2 3 1
2 4 2
2 5 3
2 6 3
2 7 4
2 8 3
2 9 2
2 10 1
2 16 8
2 17 8
3 4 1
3 5 2
3 6 4
3 7 2
3 9 1
3 11 4
3 12 6
3 13 7
3 16 8
3 18 8
4 5 1
4 5 6
4 6 5
4 10 1
4 12 4
4 13 2
4 16 8
5 6 6
5 10 5
5 12 2
5 13 4
5 16 8
6 15 8
6 16 8
6 27 8
7 8 1
7 9 2
7 9 1
7 10 3
7 11 2
7 12 4
7 13 5
7 17 8
7 18 8
8 9 1
8 10 2
8 11 7
8 17 8
9 10 1
9 11 3
9 12 5
9 13 6
9 17 8
9 18 8
10 12 3
10 13 1
10 17 8
11 12 2
11 13 3
11 18 8
12 13 1
12 13 2
12 18 8
13 18 8
14 16 8
14 17 8
14 18 8
14 19 8
14 20 8
14 21 8
14 22 8
14 23 8
14 24 8
14 25 8
14 26 8
14 27 8
15 27 0
16 17 0
16 18 0
16 19 0
16 20 0
16 21 0
16 22 0
16 23 0
16 24 0
16 25 0
16 27 0
17 18 0
17 19 0
17 20 0
17 21 0
17 22 0
17 23 0
17 24 0
17 25 0
17 27 0
18 19 0
18 20 0
18 21 0
18 22 0
18 23 0
18 24 0
18 25 0
18 27 0
19 20 0
19 21 0
19 22 0
19 23 0
19 24 0
19 25 0
19 27 0
20 21 0
20 22 0
20 23 0
20 24 0
20 25 0
20 27 0
21 22 0
21 23 0
21 24 0
21 25 0
21 27 0
22 23 0
22 24 0
22 25 0
22 27 0
23 24 0
23 25 0
23 27 0
24 25 0
24 27 0
25 27 0
