41 81
1
1
1
1
1
1
1
1
1
1
1
1
1
1
1
1
1
1
1
1
1
1
1
1
1
1
1
1
1
1
1
1
1
1
1
1
1
1
1
1
4
0 1 3
0 2 2
1 2 5
1 3 2
1 5 5
3 4 3
3 5 3
4 6 3
4 7 5
5 8 3
5 9 5
6 10 3
6 7 2
6 7 2
7 10 5
8 9 2
8 9 2
8 11 3
9 11 5
10 12 2
10 13 4
11 14 3
11 15 3
12 16 3
12 17 5
12 13 6
14 18 3
14 15 6
14 15 2
15 18 5
16 19 3
16 20 5
16 17 2
17 21 2
17 22 3
17 23 3
18 24 3
18 25 5
19 26 3
19 20 2
19 20 6
20 26 3
21 27 2
21 22 5
21 22 3
21 23 1
21 23 1
22 27 5
22 23 6
22 23 2
23 27 3
24 25 2
24 25 2
24 28 3
25 28 5
26 29 5
26 30 4
26 31 2
27 40 8
28 32 3
28 33 3
29 30 6
29 30 1
29 31 5
29 31 3
30 31 1
30 31 2
32 33 6
32 33 2
32 34 3
33 34 5
34 35 3
34 36 3
35 36 6
35 36 2
35 37 3
36 37 5
37 38 3
37 39 5
38 39 2
38 39 2
