36 75
1
1
1
1
1
1
1
1
1
2
1
1
1
1
1
1
1
1
1
1
1
1
1
1
1
1
1
1
1
1
1
1
1
1
1
4
0 1 2
0 2 5
1 2 3
1 3 3
1 4 5
2 5 2
2 6 3
3 4 2
3 4 2
3 7 3
4 7 5
5 8 2
5 9 3
5 6 5
6 11 3
6 10 1
6 12 5
7 13 2
7 14 3
7 15 3
8 16 4
8 9 2
8 9 5
9 16 6
10 11 4
10 12 1
10 12 6
11 17 3
11 18 5
11 12 2
13 19 2
13 15 1
13 15 1
13 14 5
13 14 3
14 19 5
14 15 6
14 15 2
15 19 3
16 21 3
16 22 2
16 23 5
17 24 3
17 18 2
17 18 2
18 24 5
19 20 2
20 25 5
20 26 3
21 27 5
21 22 3
21 22 5
21 23 2
21 23 2
22 27 2
22 23 1
22 23 7
23 27 3
24 29 1
24 30 3
24 31 5
25 26 2
25 26 2
25 30 5
26 30 3
27 28 4
28 32 2
28 33 2
29 30 4
29 31 6
29 31 1
30 31 2
32 33 4
32 35 8
33 34 5
