19 75
1
1
1
1
1
1
1
1
1
1
1
1
1
2
1
1
1
1
4
0 1 2
0 1 1
0 2 3
0 3 4
0 4 5
0 5 2
0 6 3
0 7 4
0 8 5
0 9 6
0 18 8
1 2 1
1 3 2
1 4 3
1 5 3
1 6 4
1 7 5
1 8 6
1 9 7
1 18 8
2 3 1
2 3 6
2 4 2
2 4 1
2 8 4
2 9 2
2 10 3
2 18 8
3 4 1
3 4 7
3 8 2
3 9 4
3 10 3
3 18 8
4 8 5
4 9 3
4 10 4
4 18 8
5 6 1
5 6 1
5 7 2
5 8 3
5 9 4
5 11 6
5 12 4
6 7 1
6 8 2
6 9 3
6 11 5
6 12 3
7 8 1
7 9 2
7 10 1
7 13 3
7 13 5
8 9 1
8 9 2
8 10 1
9 10 1
10 13 4
10 13 6
11 14 5
11 12 2
11 12 2
12 14 3
13 13 2
14 16 4
14 17 2
14 15 5
15 16 6
15 16 1
15 17 5
15 17 3
16 17 1
16 17 2
