58 110
1
1
1
1
1
1
1
1
1
1
1
1
1
1
1
1
1
1
1
1
1
1
1
1
1
1
1
1
1
1
1
1
1
2
1
1
1
1
1
1
1
1
1
1
1
1
1
1
2
1
1
1
1
1
1
1
1
4
0 1 3
0 2 5
1 2 2
1 3 6
1 4 3
2 6 3
2 7 6
3 8 3
3 4 3
3 9 5
4 5 5
5 10 4
5 13 6
6 7 3
7 16 2
7 15 2
8 9 2
8 9 2
8 17 2
9 17 4
10 11 3
10 13 2
11 12 5
12 19 5
12 20 3
13 14 3
14 21 2
14 22 3
14 23 3
15 16 4
15 57 8
16 24 3
16 25 6
17 18 4
18 26 2
18 28 5
19 32 1
19 20 2
19 30 5
19 31 3
20 32 4
20 31 3
21 33 2
21 33 4
21 22 5
21 22 3
21 23 1
21 23 1
22 33 5
22 33 1
22 23 6
22 23 2
23 33 3
23 33 3
24 25 3
25 34 2
25 35 2
26 27 3
26 28 3
27 36 4
27 37 2
28 29 3
30 32 4
30 38 4
30 39 2
30 40 5
30 31 2
31 32 1
31 32 2
33 33 6
34 35 4
35 41 2
35 42 4
36 43 3
36 37 2
36 37 2
37 43 5
38 40 1
38 40 2
38 44 3
38 39 2
39 40 3
39 44 6
39 45 3
40 44 5
41 42 2
41 42 2
43 48 5
43 48 6
43 46 2
43 47 3
44 45 3
45 56 3
45 49 6
46 48 3
46 48 4
46 55 2
46 47 1
46 47 1
47 48 2
47 48 3
47 55 3
48 48 1
49 56 3
49 50 3
50 51 5
51 52 5
52 53 5
53 54 3
54 55 5
