36 77
1
1
1
1
1
1
1
1
1
1
1
1
1
1
1
1
1
1
1
1
1
1
1
1
1
1
1
1
1
1
1
1
1
1
1
4
0 1 2
0 2 5
1 2 3
1 3 3
1 4 3
2 5 2
2 6 2
3 4 6
3 4 2
3 7 2
4 7 4
5 8 3
5 9 3
5 6 4
6 11 5
6 10 3
7 12 3
7 13 5
8 9 2
8 9 6
8 14 2
9 14 4
10 11 2
10 12 3
10 13 5
11 16 3
11 15 3
12 13 2
12 13 2
14 17 3
14 18 5
15 16 6
16 19 3
16 20 2
16 21 5
17 18 2
17 18 2
17 22 3
18 22 5
19 20 3
19 20 5
19 21 2
19 21 2
19 23 5
20 21 1
20 21 7
20 23 2
21 23 3
22 24 2
22 25 4
22 35 8
23 26 2
23 27 3
23 28 3
24 25 2
24 25 2
24 35 8
24 29 3
25 35 8
25 29 5
26 27 3
26 27 5
26 28 1
26 28 1
26 30 2
27 28 2
27 28 6
27 30 5
28 30 3
29 32 5
29 31 3
30 33 4
30 34 2
31 32 2
31 32 2
33 34 2
33 34 1
