64 160
1
1
1
1
1
1
1
1
1
1
1
1
2
1
1
1
1
1
1
1
1
1
1
2
1
1
1
1
1
2
1
1
1
1
1
1
1
1
1
1
1
1
1
1
1
1
2
1
1
1
1
2
1
1
1
1
1
1
1
1
1
1
2
4
0 1 6
0 2 2
0 63 8
1 2 4
1 3 5
1 4 3
2 5 5
2 6 3
2 7 2
3 8 4
3 4 2
3 4 6
4 8 2
5 9 3
5 6 2
5 6 2
5 7 5
5 7 3
6 9 5
6 7 7
6 7 1
7 9 2
9 10 2
9 11 3
9 12 5
9 12 6
10 11 1
10 11 1
10 12 3
10 12 4
10 13 2
11 12 2
11 12 3
11 13 3
12 12 1
13 16 2
13 14 5
13 15 3
14 16 5
14 16 3
14 17 3
14 15 2
14 15 2
15 16 7
15 16 1
15 17 5
16 17 2
17 18 5
17 19 3
17 20 2
18 19 2
18 19 2
18 20 5
18 20 3
18 21 3
19 20 7
19 20 1
19 21 5
20 21 2
21 22 2
21 23 4
21 23 6
22 24 5
22 25 3
22 26 2
22 23 2
22 23 4
23 23 2
24 25 2
24 25 2
24 26 5
24 26 3
24 27 3
25 26 7
25 26 1
25 27 5
26 27 2
27 28 2
27 29 4
27 29 6
28 32 2
28 29 2
28 29 4
28 30 5
28 31 3
29 29 2
30 32 5
30 32 3
30 33 3
30 31 2
30 31 2
31 32 7
31 32 1
31 33 5
32 33 2
33 34 5
33 35 3
33 36 2
34 35 2
34 35 2
34 36 5
34 36 3
34 37 3
35 36 7
35 36 1
35 37 5
36 37 2
37 38 5
37 39 3
37 40 2
38 40 5
38 40 3
38 41 3
38 39 2
38 39 2
39 40 7
39 40 1
39 41 5
40 41 2
41 42 5
42 43 5
43 44 2
43 45 3
44 45 5
44 46 2
44 46 4
44 47 6
46 46 2
46 47 4
46 47 2
47 48 3
47 49 3
48 49 2
48 49 6
48 50 3
49 50 5
50 51 3
50 52 6
51 52 3
51 52 2
51 53 2
52 53 4
53 54 3
53 55 3
54 56 3
54 55 2
54 55 6
55 56 5
56 57 3
56 58 6
57 58 3
58 59 3
58 60 5
59 60 2
60 61 3
60 62 5
60 62 6
61 62 2
61 62 3
62 62 1
