32 65
1
1
1
1
1
1
1
1
1
1
1
1
1
1
1
1
1
1
1
1
1
2
1
1
2
1
1
1
1
1
1
4
0 1 4
0 2 2
1 2 2
1 3 4
1 4 2
3 4 2
3 5 3
3 6 3
5 8 2
5 6 6
5 7 3
6 8 2
6 9 4
7 8 5
7 10 3
7 11 2
7 12 2
8 9 6
9 14 3
9 13 2
9 15 3
10 16 6
10 17 4
10 11 1
10 11 1
10 12 5
11 16 5
11 17 3
11 12 4
12 20 2
13 21 2
13 21 4
13 14 3
13 14 5
13 15 1
13 15 1
14 21 5
14 21 1
14 15 2
14 15 6
15 21 3
15 21 3
16 19 3
16 17 2
16 22 5
17 18 5
18 19 5
19 22 2
21 21 6
22 23 2
23 24 4
23 31 8
24 25 5
24 31 8
25 26 5
25 27 3
25 28 1
26 27 2
26 28 4
26 29 3
26 30 5
27 28 1
27 28 2
29 30 6
29 30 2
