47 105
1
1
1
1
1
1
1
1
1
1
1
1
1
1
1
1
1
1
1
1
1
1
1
1
1
1
1
1
1
1
1
1
1
1
2
1
1
4
3
3
3
3
3
3
3
3
3
0 1 3
0 2 5
0 38 8
1 2 2
1 39 8
2 3 3
2 4 5
3 4 2
3 4 2
3 5 3
4 5 5
5 6 2
5 7 4
6 8 3
6 7 2
6 7 2
7 8 5
8 9 3
8 10 5
8 43 8
9 43 8
9 10 2
9 10 2
9 11 3
9 37 8
10 11 5
10 37 8
10 43 8
11 12 4
11 37 8
12 13 3
12 14 6
13 16 3
13 14 3
13 15 6
14 40 8
15 16 3
15 41 8
16 42 8
16 44 8
16 45 8
16 46 8
17 18 3
17 19 5
17 38 8
17 39 8
18 19 2
18 19 2
18 20 3
19 20 5
20 21 2
20 22 4
21 22 2
21 22 2
21 23 2
22 23 4
23 24 3
23 25 5
24 25 2
24 25 2
24 26 3
25 26 5
26 27 2
26 28 3
27 28 5
27 29 3
27 30 5
27 31 7
28 40 8
28 43 8
29 32 6
29 33 4
29 30 2
29 31 4
30 34 2
30 34 3
30 41 8
30 42 8
30 31 1
30 31 2
31 34 3
31 34 4
31 41 8
31 42 8
32 33 2
32 44 8
33 35 6
33 36 4
34 41 8
34 41 8
34 34 1
34 42 8
34 42 8
35 36 2
35 45 8
36 46 8
38 39 0
40 43 0
41 42 0
42 44 0
42 45 0
42 46 0
44 45 0
44 46 0
45 46 0
