30 77
1
1
1
1
1
1
1
2
1
1
1
1
1
1
2
1
1
1
1
1
1
1
2
1
1
4
3
3
3
3
0 1 3
0 2 5
0 26 8
0 25 8
1 25 8
1 2 2
1 2 2
1 3 3
2 3 5
2 25 8
3 4 3
4 5 2
4 6 3
4 7 5
4 7 6
5 8 2
5 29 8
5 6 1
5 6 1
5 7 3
5 7 4
6 8 3
6 29 8
6 7 2
6 7 3
7 7 1
8 9 2
8 10 4
8 29 8
9 10 2
9 27 8
10 11 4
11 12 2
11 13 3
11 14 5
11 14 6
12 13 1
12 13 1
12 14 3
12 14 4
12 15 2
13 14 2
13 14 3
13 15 3
14 14 1
15 16 5
15 17 3
15 18 2
16 17 2
16 17 2
16 18 3
16 18 5
16 19 3
17 18 1
17 18 7
17 19 5
18 19 2
19 20 2
19 21 3
19 22 5
19 22 6
20 21 1
20 21 1
20 22 3
20 22 4
20 23 2
21 22 2
21 22 3
21 23 3
22 22 1
23 28 8
24 26 8
24 27 8
24 28 8
24 29 8
26 29 0
27 28 0
