42 91
1
1
1
1
1
1
1
1
1
2
1
1
1
1
1
1
1
1
1
1
1
1
1
1
1
1
1
1
1
1
1
1
1
1
1
1
1
1
1
1
1
4
0 1 5
0 2 3
0 3 2
0 41 8
1 2 2
1 2 2
1 3 3
1 3 5
1 4 3
2 3 1
2 3 7
2 4 5
3 4 2
4 5 5
5 6 3
5 7 5
6 8 6
6 9 4
6 9 2
6 7 2
7 10 3
7 11 6
8 9 2
8 9 4
8 12 3
8 13 2
9 9 2
10 15 5
10 11 3
10 14 3
11 16 2
11 17 4
12 18 2
12 13 1
12 13 6
13 18 4
14 19 2
14 20 5
14 21 6
14 15 2
15 20 5
15 21 3
16 17 2
16 17 2
16 22 3
17 22 5
18 24 3
18 23 5
19 20 3
19 21 4
20 21 2
20 21 1
22 25 3
22 26 5
23 24 2
23 24 2
23 27 5
24 27 3
25 26 2
25 26 2
25 29 3
26 29 5
27 28 3
29 30 2
29 31 4
30 32 3
30 31 2
30 31 2
31 32 5
32 33 3
33 34 5
33 35 3
33 36 2
34 35 2
34 35 2
34 36 5
34 36 3
34 37 3
35 36 7
35 36 1
35 37 5
36 37 2
37 38 3
37 39 4
37 40 6
38 40 3
38 40 3
38 39 2
38 39 1
39 40 1
39 40 2
