49 106
1
1
1
1
1
1
1
1
2
1
1
1
1
1
1
1
2
1
1
1
1
1
1
1
1
1
1
1
1
1
1
1
1
1
1
1
1
1
1
1
1
1
1
1
1
1
1
1
4
0 48 8
0 1 3
1 2 5
1 3 3
1 4 2
2 3 2
2 3 2
2 4 5
2 4 3
2 5 3
3 4 7
3 4 1
3 5 5
4 5 2
5 6 2
5 7 3
5 8 5
5 8 6
6 8 3
6 8 4
6 9 2
6 7 1
6 7 1
7 8 2
7 8 3
7 9 3
8 8 1
9 10 5
9 11 3
9 12 2
10 11 2
10 11 2
10 12 3
10 12 5
10 13 3
11 12 1
11 12 7
11 13 5
12 13 2
13 14 2
13 15 3
13 16 5
13 16 6
14 16 3
14 16 4
14 17 2
14 15 1
14 15 1
15 16 2
15 16 3
15 17 3
16 16 1
17 18 2
17 19 5
18 19 3
18 20 3
18 21 5
19 22 2
19 23 6
20 25 2
20 21 2
20 21 2
21 25 4
22 26 2
22 27 4
22 23 4
23 24 3
24 28 2
24 29 4
25 30 5
25 31 3
26 32 3
26 27 2
26 27 6
27 32 3
28 33 3
28 29 6
28 29 2
29 33 3
30 36 5
30 31 2
30 31 2
31 36 3
32 37 4
32 38 2
33 34 3
34 35 5
35 37 3
35 38 5
36 40 3
36 39 6
37 38 2
37 38 2
39 40 3
39 41 2
39 45 2
41 42 5
41 45 4
42 43 3
43 44 3
44 46 4
44 47 2
45 46 3
45 47 5
46 47 2
46 47 2
