36 85
1
1
1
1
1
1
1
1
1
1
1
1
1
1
1
1
1
1
1
1
1
1
1
1
1
1
1
1
1
1
1
1
1
1
2
4
0 1 5
1 2 5
2 3 2
2 4 4
3 4 2
3 5 3
3 6 5
4 8 2
4 7 3
5 9 3
5 6 2
5 6 2
6 9 5
7 8 5
7 12 3
7 13 2
7 14 5
8 16 3
8 15 3
9 10 5
10 11 3
11 17 4
11 18 2
12 19 5
12 13 3
12 13 5
12 14 2
12 14 2
13 19 2
13 14 1
13 14 7
14 19 3
15 16 2
15 16 6
15 20 2
16 20 4
17 18 6
17 18 2
17 21 3
18 21 3
19 22 2
19 23 3
19 24 3
20 25 3
20 26 5
21 26 5
21 25 3
22 24 1
22 24 1
22 27 2
22 23 5
22 23 3
23 24 6
23 24 2
23 27 5
24 27 3
25 26 2
25 26 2
27 28 3
27 29 5
28 29 2
28 29 2
28 30 4
29 30 2
30 32 3
30 33 3
30 31 2
31 32 3
31 32 5
31 33 1
31 33 1
31 34 2
31 34 4
31 35 8
32 33 2
32 33 6
32 34 5
32 34 1
32 35 8
33 34 3
33 34 3
33 35 8
34 34 6
34 35 8
34 35 8
