31 67
1
1
1
1
1
1
1
1
1
2
1
1
1
2
1
1
1
1
1
1
1
1
1
1
1
1
1
1
1
1
4
0 1 3
0 2 3
0 30 8
1 2 2
1 2 6
1 3 3
1 30 8
2 3 5
2 30 8
3 4 3
4 5 2
4 6 6
5 8 3
5 9 5
5 9 6
5 6 4
5 7 2
6 10 2
6 11 3
7 8 1
7 8 1
7 9 3
7 9 4
7 12 2
8 9 2
8 9 3
8 12 3
9 9 1
10 11 5
10 13 3
10 14 6
12 16 2
12 15 4
13 17 2
13 14 3
13 14 2
14 17 4
15 16 2
15 16 2
15 18 3
16 18 5
17 20 3
17 21 3
18 19 5
19 24 3
19 22 2
19 23 3
20 25 3
20 21 2
20 21 6
21 25 5
22 24 1
22 24 1
22 26 2
22 23 5
22 23 3
23 24 6
23 24 2
23 26 5
24 26 3
25 28 3
25 29 3
26 27 3
27 28 2
27 29 4
28 29 6
28 29 2
