25 61
1
1
1
1
1
1
1
1
1
1
1
1
1
1
1
1
1
1
1
1
1
1
1
1
4
0 24 8
0 1 1
0 1 2
0 2 2
1 24 8
1 2 4
2 3 2
2 4 4
3 4 2
3 4 2
3 5 3
4 5 5
5 6 3
6 8 3
6 7 5
7 8 2
7 9 3
7 10 2
7 11 5
9 10 3
9 10 5
9 11 2
9 11 2
9 12 5
10 11 1
10 11 7
10 12 2
11 12 3
12 13 3
12 14 2
12 15 5
13 16 5
13 14 3
13 14 5
13 15 2
13 15 2
14 16 2
14 15 1
14 15 7
15 16 3
16 17 2
16 18 3
16 19 3
17 18 3
17 18 5
17 19 1
17 19 1
17 20 2
18 19 2
18 19 6
18 20 5
19 20 3
20 21 3
20 22 2
20 23 5
21 22 3
21 22 5
21 23 2
21 23 2
22 23 1
22 23 7
