53 195
1
1
1
1
1
2
1
1
1
1
1
1
1
2
1
1
1
1
1
1
1
1
1
1
1
1
1
1
1
1
1
1
1
1
1
1
1
1
1
1
1
4
3
3
3
3
3
3
3
3
3
3
3
0 1 2
0 2 6
0 42 8
1 2 4
1 3 2
1 4 3
1 5 5
1 5 6
2 6 2
2 7 3
3 8 2
3 4 1
3 4 1
3 5 3
3 5 4
4 8 3
4 5 2
4 5 3
5 5 1
6 9 2
6 10 5
6 7 5
7 41 8
7 43 8
8 11 2
8 12 3
8 13 5
8 13 6
9 10 3
9 14 5
9 15 2
10 48 8
11 44 8
11 12 7
11 12 1
11 13 3
11 13 4
11 16 2
11 17 3
11 18 4
11 19 5
11 20 6
12 44 8
12 13 2
12 13 3
12 16 5
12 17 4
12 18 3
12 19 2
12 20 1
13 13 1
14 15 3
14 21 2
14 22 3
14 23 3
15 47 8
15 49 8
15 50 8
15 51 8
15 52 8
16 44 8
16 17 1
16 17 6
16 18 2
16 19 3
16 20 4
16 24 2
16 25 4
16 26 5
17 44 8
17 18 1
17 19 2
17 20 3
17 24 4
17 25 2
17 26 1
18 44 8
18 46 8
18 19 1
18 20 2
18 21 4
18 23 5
18 24 2
18 25 1
18 27 7
19 44 8
19 45 8
19 20 1
19 20 6
19 22 4
19 26 1
19 27 2
20 44 8
20 45 8
20 22 2
20 26 5
20 27 4
21 46 8
21 22 5
21 23 1
21 23 1
21 24 2
21 25 3
21 27 3
22 45 8
22 23 6
22 26 3
22 27 2
23 46 8
23 24 3
23 25 4
23 27 2
24 46 8
24 25 2
24 25 1
24 26 3
24 27 5
25 46 8
25 26 1
25 27 6
26 45 8
26 27 1
27 45 8
27 46 8
28 42 8
28 43 8
28 44 8
28 45 8
28 46 8
28 47 8
28 48 8
28 29 3
28 30 5
28 31 6
29 32 6
29 33 4
29 30 2
29 31 3
30 34 3
30 31 6
30 31 1
31 34 3
32 33 2
32 33 2
32 35 5
33 35 3
34 52 8
35 36 5
35 37 3
36 40 2
36 37 1
36 37 2
36 38 4
36 39 3
37 40 3
37 38 3
37 39 2
38 40 6
38 40 1
38 39 1
38 39 2
39 40 5
39 40 3
41 43 0
42 43 0
42 44 0
42 45 0
42 46 0
42 47 0
42 48 0
43 44 0
43 45 0
43 46 0
43 47 0
43 48 0
44 45 0
44 46 0
44 47 0
44 48 0
45 46 0
45 47 0
45 48 0
46 47 0
46 48 0
47 48 0
47 49 0
47 50 0
47 51 0
47 52 0
49 50 0
49 51 0
49 52 0
50 51 0
50 52 0
51 52 0
