29 61
1
1
1
1
1
1
1
1
2
1
1
2
1
1
1
1
1
1
1
1
1
1
4
3
3
3
3
3
3
0 1 3
0 2 6
0 23 8
1 2 3
1 3 5
1 4 2
2 28 8
2 5 3
2 6 3
3 8 5
3 8 6
3 4 3
3 7 2
4 9 4
4 10 2
5 11 2
5 28 8
5 22 8
5 6 2
5 6 6
6 11 4
6 28 8
6 22 8
7 8 3
7 8 4
7 12 2
7 13 4
8 8 1
9 10 2
9 10 2
9 14 3
10 14 5
11 16 3
11 22 8
11 15 5
12 17 2
12 18 4
12 13 2
13 19 2
13 20 2
14 24 8
15 16 2
15 16 2
15 17 5
16 17 3
17 18 2
18 27 8
19 26 8
19 20 4
21 23 8
21 24 8
21 25 8
21 26 8
21 27 8
21 28 8
23 24 0
23 28 0
24 28 0
25 26 0
25 27 0
26 27 0
