43 86
1
1
1
1
1
1
1
1
1
1
1
1
1
1
1
1
1
1
1
1
1
1
1
1
1
1
1
1
1
1
1
1
1
1
2
1
1
1
1
1
1
1
4
0 1 2
0 2 3
1 2 5
2 42 8
2 3 4
3 4 3
3 42 8
4 5 3
4 6 5
5 8 5
5 6 2
5 7 3
6 9 3
6 10 5
7 8 6
7 8 2
7 11 3
8 11 3
9 10 2
9 12 5
9 13 4
9 14 2
10 16 5
10 15 3
11 17 2
11 18 4
12 13 1
12 13 6
12 14 3
12 14 5
13 14 2
13 14 1
15 16 2
15 19 2
15 20 6
16 24 3
16 22 2
17 18 6
17 18 2
19 25 3
19 27 5
19 20 4
19 28 7
20 21 5
21 29 2
21 30 3
21 31 3
22 24 5
22 23 3
23 30 5
23 29 2
23 31 3
25 27 2
25 26 3
25 28 4
26 32 5
26 33 3
27 34 2
27 34 3
27 28 1
27 28 2
28 34 3
28 34 4
29 31 1
29 31 1
29 30 3
29 30 5
30 31 2
30 31 6
32 33 2
32 33 2
32 35 5
33 35 3
34 34 1
35 36 3
35 37 5
36 37 2
36 37 2
36 38 2
37 38 4
38 40 3
38 39 5
39 40 2
39 40 2
39 41 5
40 41 3
