42 76
1
1
1
1
1
2
1
1
1
1
1
1
1
1
1
1
1
1
1
2
1
1
1
1
1
2
1
1
1
1
1
1
1
1
1
2
1
1
1
1
1
4
0 1 3
0 41 8
1 2 4
1 3 2
2 3 2
2 4 6
2 5 4
2 5 2
3 6 3
3 7 6
4 8 4
4 9 2
4 5 2
4 5 4
5 5 2
6 7 3
7 10 2
7 13 3
8 9 2
10 11 3
10 13 5
11 12 3
12 14 3
12 15 6
14 15 3
15 16 3
15 17 5
16 17 2
16 17 2
16 18 3
17 18 5
18 19 2
18 19 4
18 20 6
19 19 2
19 20 4
19 20 2
20 21 4
21 22 3
22 24 6
22 23 3
23 24 3
24 25 1
24 25 1
24 26 5
25 25 2
25 26 6
25 26 4
26 27 3
26 28 3
27 28 6
27 28 2
27 29 2
28 29 4
29 30 2
29 31 2
30 31 4
31 32 4
32 33 2
32 34 3
32 35 5
32 35 6
33 34 1
33 34 1
33 35 3
33 35 4
33 36 2
34 35 2
34 35 3
34 36 3
35 35 1
36 37 4
37 38 5
38 40 3
38 39 2
39 40 5
