39 81
1
1
1
1
1
1
1
1
1
1
1
1
1
1
1
1
1
1
1
1
1
2
1
1
1
1
1
1
1
1
2
1
1
1
1
1
1
1
4
0 1 2
0 2 4
0 38 8
1 2 2
1 2 6
1 3 3
2 3 3
3 4 2
3 5 4
4 5 2
4 6 6
4 7 2
5 8 2
5 9 4
6 10 2
6 7 4
6 7 4
7 10 2
8 9 2
8 9 2
8 11 2
9 11 4
11 16 4
11 17 2
11 12 6
12 16 2
12 17 4
12 13 3
13 14 3
14 15 5
15 16 6
15 18 3
16 17 2
16 18 3
17 19 2
17 20 3
17 21 5
17 21 6
19 20 1
19 20 1
19 21 3
19 21 4
19 22 2
20 21 2
20 21 3
20 22 3
21 21 1
22 23 3
23 24 3
23 25 5
23 26 7
24 25 2
24 26 4
24 27 5
24 28 3
24 29 2
25 26 1
25 26 2
25 30 2
25 30 3
26 30 3
26 30 4
27 28 2
27 28 2
27 29 5
27 29 3
27 31 3
28 29 7
28 29 1
28 31 5
29 31 2
30 30 1
31 32 4
32 33 5
33 34 3
33 35 3
34 35 2
34 35 6
34 36 4
35 36 2
36 37 3
