34 62
1
1
1
1
2
1
1
1
1
1
1
1
1
1
1
1
1
1
1
1
1
1
1
1
1
1
1
1
1
1
1
1
1
4
0 1 3
0 33 8
1 2 2
1 3 3
1 4 5
1 4 6
2 3 1
2 3 1
2 4 3
2 4 4
2 5 2
3 4 2
3 4 3
3 5 3
4 4 1
5 6 2
5 7 6
6 7 4
7 8 3
7 9 5
8 9 2
8 9 2
8 10 3
9 10 5
10 11 3
10 12 3
11 12 6
11 12 2
11 13 3
12 13 5
13 14 3
14 16 5
14 15 3
15 16 2
15 17 6
15 18 3
16 20 3
16 21 6
17 18 3
17 19 4
17 23 6
18 19 5
19 23 2
20 24 3
20 21 3
20 25 5
21 22 3
22 26 2
22 27 4
24 25 2
25 28 3
25 29 5
26 27 2
26 27 2
26 30 3
27 30 5
28 32 3
28 29 2
28 29 2
29 32 5
30 31 3
31 32 3
