27 63
1
1
1
1
1
1
1
1
2
1
1
1
1
1
1
1
2
1
1
1
1
1
1
1
2
1
4
0 1 3
0 2 6
0 26 8
1 2 3
2 3 3
2 4 3
3 4 6
3 4 2
3 5 3
4 5 5
5 8 5
5 8 6
5 6 2
5 7 3
6 8 3
6 8 4
6 9 2
6 7 1
6 7 1
7 8 2
7 8 3
7 9 3
8 8 1
9 10 5
10 11 2
10 12 4
11 12 2
11 12 2
11 13 2
12 13 4
13 16 5
13 16 6
13 14 2
13 15 3
14 16 3
14 16 4
14 17 2
14 15 1
14 15 1
15 16 2
15 16 3
15 17 3
16 16 1
17 18 4
17 19 2
18 19 2
18 19 2
18 20 3
19 20 5
20 21 4
21 24 5
21 24 6
21 22 2
21 23 3
22 24 3
22 24 4
22 25 2
22 23 1
22 23 1
23 24 2
23 24 3
23 25 3
24 24 1
