38 78
1
1
1
1
1
1
1
1
1
1
1
1
2
1
1
1
1
1
1
1
1
1
1
1
1
1
1
1
1
2
1
1
1
1
1
1
1
4
0 1 3
0 2 5
0 37 8
1 2 2
1 3 5
1 4 2
2 6 3
2 7 3
3 8 5
3 9 3
3 10 2
3 4 3
4 5 5
5 8 3
5 9 5
5 10 2
6 11 3
6 7 2
6 7 6
7 11 5
8 9 2
8 9 2
8 10 5
8 10 3
9 10 7
9 10 1
11 12 2
11 12 4
11 13 6
12 12 2
12 13 4
12 13 2
13 14 3
13 15 3
14 16 3
14 15 6
14 15 2
15 16 5
16 17 2
16 18 5
17 18 3
17 19 5
17 20 2
18 22 3
18 23 5
19 24 2
19 20 3
19 21 5
20 21 3
21 24 3
22 25 3
22 23 2
22 23 2
23 25 5
25 26 3
26 27 2
26 28 3
26 29 5
26 29 6
27 28 1
27 28 1
27 29 3
27 29 4
27 30 2
28 29 2
28 29 3
28 30 3
29 29 1
30 32 5
30 31 3
31 32 2
31 33 5
31 34 2
32 34 2
32 35 5
33 34 3
34 35 3
35 36 5
