48 84
1
1
1
1
1
1
1
1
1
1
1
1
2
1
1
1
1
1
1
1
1
1
1
1
1
1
1
1
1
1
1
1
1
1
2
1
1
1
1
1
1
1
1
1
1
1
1
4
0 1 3
0 47 8
1 2 3
1 47 8
2 3 4
2 4 2
3 4 2
3 5 5
3 6 2
4 10 5
4 7 3
5 11 3
5 12 5
5 12 6
5 6 3
7 8 3
7 10 2
8 9 5
9 11 3
10 13 4
10 14 6
11 12 2
11 12 3
12 12 1
13 14 2
13 14 2
13 15 4
14 15 6
15 16 2
15 17 4
16 17 2
17 18 3
17 19 5
18 19 2
18 20 2
18 21 6
19 21 2
19 22 5
20 24 3
20 21 4
20 23 5
21 22 3
22 25 2
22 26 6
23 24 6
23 24 2
23 28 3
24 28 3
25 26 4
25 30 2
25 31 4
26 27 3
27 32 2
27 33 3
27 34 5
27 34 6
28 29 3
29 30 5
30 31 2
32 33 1
32 33 1
32 34 3
32 34 4
32 35 2
33 34 2
33 34 3
33 35 3
34 34 1
35 36 2
35 37 5
36 40 6
36 41 3
36 37 3
37 38 3
38 39 3
39 43 2
39 44 4
40 41 3
40 45 5
40 46 3
41 42 5
42 43 5
43 44 2
45 46 2
