35 68
1
1
1
1
1
1
1
1
1
1
1
1
1
1
1
1
1
1
1
1
1
1
1
1
1
1
1
1
1
1
4
3
3
3
3
0 1 3
0 2 2
0 3 5
0 31 8
1 2 5
1 2 3
1 3 2
1 3 2
1 4 5
2 3 7
2 3 1
2 4 2
3 4 3
4 5 3
4 6 3
5 6 6
5 6 2
5 7 4
6 7 2
7 8 3
7 30 8
8 9 5
8 30 8
9 10 5
10 32 8
11 12 3
11 13 5
11 31 8
12 13 2
12 13 2
12 14 3
13 14 5
14 16 3
14 34 8
14 15 3
15 16 2
15 16 6
15 17 2
15 34 8
16 17 4
16 34 8
17 18 3
18 19 3
18 20 2
18 21 5
19 20 5
19 20 3
19 21 2
19 21 2
19 22 5
20 21 7
20 21 1
20 22 2
21 22 3
22 23 3
23 24 3
23 25 5
24 25 2
24 25 2
24 26 3
25 26 5
26 33 8
26 32 8
27 33 8
27 28 3
28 29 5
29 34 8
32 33 0
