27 62
1
1
1
1
1
1
1
1
1
2
1
1
1
1
1
1
1
1
2
4
3
3
3
3
3
3
3
0 1 4
0 3 2
0 20 8
1 2 5
1 3 6
2 5 2
2 6 2
3 19 8
3 4 3
4 8 3
4 9 5
4 9 6
4 19 8
4 7 2
5 21 8
5 6 4
6 22 8
7 8 1
7 8 1
7 9 3
7 9 4
7 10 2
8 9 2
8 9 3
8 10 3
9 9 1
10 11 5
10 12 3
10 13 2
11 12 2
11 12 2
11 13 5
11 13 3
11 14 3
12 13 7
12 13 1
12 14 5
13 14 2
14 23 8
15 20 8
15 21 8
15 22 8
15 23 8
15 24 8
15 25 8
15 26 8
16 17 4
16 25 8
17 18 6
17 18 4
18 18 2
20 21 0
20 22 0
20 24 0
20 26 0
21 22 0
21 24 0
21 26 0
22 24 0
22 26 0
23 25 0
24 26 0
