27 67
1
1
1
1
1
1
1
1
1
1
1
1
1
1
1
1
2
1
1
2
1
1
1
1
1
1
4
0 1 3
0 2 2
0 3 5
1 2 5
1 2 3
1 3 2
1 3 2
1 4 5
2 3 7
2 3 1
2 4 2
3 4 3
4 5 4
5 6 3
5 7 5
6 8 3
6 9 2
6 26 8
6 7 2
6 7 2
7 8 5
7 9 4
7 26 8
8 9 1
8 10 5
8 11 3
8 12 1
8 26 8
9 12 6
9 13 3
9 26 8
10 11 2
10 11 6
10 12 4
10 14 3
11 12 2
11 14 3
12 13 3
13 16 3
13 16 5
14 15 3
15 17 2
15 18 3
15 19 5
15 19 6
16 16 2
17 18 1
17 18 1
17 19 3
17 19 4
17 20 2
18 19 2
18 19 3
18 20 3
19 19 1
20 21 3
20 22 5
21 24 5
21 25 6
21 22 2
21 23 2
22 24 5
22 25 3
23 24 3
23 25 4
24 25 2
24 25 1
