36 106
1
1
1
1
1
1
1
1
1
1
1
1
1
1
1
1
1
1
1
1
1
1
1
4
3
3
3
3
3
3
3
3
3
3
3
3
0 24 8
0 1 2
0 2 4
1 2 2
1 3 4
1 4 6
2 25 8
3 4 2
3 5 2
3 6 4
3 7 6
4 26 8
5 8 4
5 9 2
5 6 2
5 7 4
6 10 2
6 11 5
6 7 2
7 12 4
8 9 6
8 14 2
8 13 4
9 30 8
10 33 8
10 11 3
11 16 6
11 15 3
12 32 8
13 17 4
13 18 2
13 14 6
14 18 2
14 19 5
15 16 3
15 34 8
16 35 8
17 18 6
17 27 8
18 19 3
19 20 2
19 21 2
20 28 8
20 21 4
21 29 8
22 32 8
22 33 8
22 34 8
22 35 8
22 23 8
22 24 8
22 25 8
22 26 8
22 27 8
22 28 8
22 29 8
22 30 8
22 31 8
23 32 0
23 31 0
24 33 0
24 34 0
24 35 0
24 25 0
24 26 0
24 27 0
24 28 0
24 29 0
24 30 0
25 33 0
25 35 0
25 34 0
25 26 0
25 27 0
25 28 0
25 29 0
25 30 0
26 33 0
26 34 0
26 35 0
26 27 0
26 28 0
26 29 0
26 30 0
27 33 0
27 34 0
27 35 0
27 28 0
27 29 0
27 30 0
28 33 0
28 34 0
28 35 0
28 29 0
28 30 0
29 33 0
29 34 0
29 35 0
29 30 0
30 33 0
30 34 0
30 35 0
31 32 0
33 34 0
33 35 0
34 35 0
