34 66
1
1
1
1
1
1
1
1
1
1
1
1
1
1
2
1
1
1
1
1
2
1
1
1
1
1
1
1
1
1
1
1
1
4
0 1 3
0 2 5
1 2 2
1 3 3
1 4 5
2 5 2
2 6 5
3 4 2
3 4 2
3 7 3
4 7 5
5 6 3
6 8 3
6 9 3
7 12 5
7 10 2
8 9 6
8 9 2
8 13 3
9 13 5
10 11 5
10 12 3
11 14 3
11 15 6
12 16 2
12 18 3
13 20 2
13 20 4
13 21 6
14 22 2
14 15 2
14 15 3
15 22 4
16 17 3
16 18 5
17 24 5
17 23 3
18 19 3
19 25 2
19 26 4
20 20 2
20 21 4
20 21 2
21 28 3
21 27 3
22 25 3
22 26 5
23 24 2
23 24 6
23 29 3
24 29 3
25 26 2
25 26 2
27 33 8
27 28 2
27 28 6
27 30 2
28 33 8
28 30 4
29 32 3
29 31 5
30 32 3
30 33 8
30 31 5
31 32 2
31 32 2
