23 82
1
1
1
1
1
1
1
1
1
1
2
1
1
1
1
1
1
1
1
1
1
1
4
0 1 2
0 2 4
0 22 8
1 2 2
1 2 6
1 3 3
2 3 3
3 4 3
3 5 5
3 6 7
4 5 2
4 6 4
4 7 5
4 8 3
4 9 2
5 10 2
5 10 3
5 6 1
5 6 2
6 10 3
6 10 4
7 8 1
7 8 2
7 9 3
7 11 2
7 12 3
7 13 4
7 14 5
7 15 6
8 9 1
8 11 3
8 12 4
8 13 5
8 14 6
8 15 7
9 15 3
9 16 4
9 17 5
9 18 6
10 10 1
11 12 1
11 13 1
11 13 2
11 14 3
11 15 4
11 16 2
11 19 2
11 20 4
11 21 5
12 13 1
12 14 2
12 15 3
12 19 7
13 14 1
13 15 2
13 16 1
13 19 3
13 20 5
13 21 6
14 15 1
14 17 1
14 18 5
14 20 3
14 21 1
15 16 1
15 17 2
15 18 3
16 17 1
16 18 2
16 19 4
16 20 6
16 21 7
17 18 1
17 18 6
17 20 4
17 21 2
18 20 2
18 21 4
19 20 2
19 21 3
20 21 2
20 21 1
