26 68
1
1
1
1
1
1
1
1
1
1
1
1
1
1
1
1
1
1
2
1
1
1
1
1
2
4
0 1 3
0 25 8
1 25 8
1 2 5
1 3 3
1 4 2
2 3 2
2 3 2
2 4 5
2 4 3
2 5 3
3 4 7
3 4 1
3 5 5
4 5 2
5 6 2
5 7 4
6 8 4
6 7 2
6 7 2
7 8 2
8 9 5
8 10 3
8 11 2
9 10 2
9 10 2
9 11 3
9 11 5
9 12 3
10 11 1
10 11 7
10 12 5
11 12 2
12 13 5
13 16 6
13 14 3
13 15 4
14 16 3
14 16 3
14 17 2
14 15 1
14 15 2
15 16 2
15 16 1
15 17 4
16 17 5
17 18 3
17 19 6
18 19 3
18 19 2
18 20 2
19 20 4
20 21 2
20 22 4
20 23 3
21 24 2
21 24 3
21 22 2
21 22 1
21 23 5
21 23 3
22 24 3
22 24 4
22 23 7
22 23 2
23 24 5
23 24 6
24 24 1
