32 66
1
1
1
1
1
1
1
1
1
1
1
1
1
1
1
1
1
1
1
1
1
1
1
1
1
1
1
1
1
1
1
4
0 1 5
0 2 3
0 3 2
0 31 8
1 2 2
1 2 2
1 3 3
1 3 5
1 4 3
2 3 1
2 3 7
2 4 5
3 4 2
4 5 5
4 6 3
4 7 2
5 8 3
5 6 2
5 6 2
5 7 3
5 7 5
6 8 5
6 7 1
6 7 7
7 8 2
8 9 4
8 10 6
9 10 2
9 11 2
9 12 5
10 13 3
10 14 3
11 12 3
12 16 3
12 15 3
13 17 3
13 14 2
13 14 6
14 17 5
15 16 6
15 16 2
15 18 3
16 18 5
17 19 3
17 20 5
18 21 3
18 22 5
19 20 2
19 20 2
19 23 3
20 23 5
21 24 3
21 22 2
21 22 2
22 24 5
23 25 2
23 26 2
24 30 3
24 29 3
25 26 4
26 27 3
27 28 3
28 29 3
28 30 5
29 30 2
29 30 6
