26 66
1
1
1
1
1
1
1
1
1
1
1
1
1
2
1
1
1
1
1
1
1
1
1
1
1
4
0 1 2
0 2 3
0 3 6
0 25 8
1 2 1
1 2 1
1 3 4
1 4 2
1 5 4
1 25 8
2 3 3
2 4 3
2 5 5
2 25 8
3 6 3
3 7 5
3 25 8
4 8 3
4 5 2
4 5 6
5 8 3
6 9 3
6 7 2
6 7 2
7 9 5
8 12 3
8 11 2
8 13 5
8 13 6
9 10 3
10 14 3
10 15 2
11 16 2
11 12 1
11 12 1
11 13 3
11 13 4
12 16 3
12 13 2
12 13 3
13 13 1
14 15 5
16 17 5
16 18 3
16 19 2
17 18 2
17 18 2
17 19 3
17 19 5
17 20 3
18 19 1
18 19 7
18 20 5
19 20 2
20 21 5
20 22 3
20 23 2
21 24 3
21 22 2
21 22 2
21 23 3
21 23 5
22 24 5
22 23 1
22 23 7
23 24 2
