40 159
1
1
1
2
1
1
1
1
1
1
1
1
1
1
1
1
1
1
1
2
1
1
1
1
1
1
1
1
1
1
1
1
1
4
3
3
3
3
3
3
0 1 2
0 2 3
0 3 5
0 3 6
0 34 8
0 33 8
1 2 1
1 2 7
1 3 3
1 3 4
1 4 2
1 5 3
1 6 4
1 7 5
1 8 6
1 35 8
2 3 2
2 3 3
2 4 5
2 5 4
2 6 3
2 7 2
2 8 1
2 35 8
3 3 1
4 35 8
4 5 6
4 5 1
4 6 2
4 7 3
4 8 4
4 9 2
4 10 4
4 11 5
5 35 8
5 6 1
5 7 2
5 8 3
5 9 4
5 10 2
5 11 1
6 35 8
6 7 1
6 8 2
6 9 2
6 10 1
6 12 4
6 13 5
6 14 6
6 15 7
6 37 8
7 35 8
7 8 6
7 8 1
7 11 1
7 14 4
7 15 2
7 36 8
8 35 8
8 11 5
8 14 2
8 15 4
8 36 8
9 10 1
9 10 2
9 11 3
9 12 2
9 13 3
9 14 4
9 15 5
9 37 8
10 11 1
10 12 3
10 13 4
10 14 5
10 15 6
10 37 8
11 14 3
11 15 1
11 36 8
12 37 8
12 13 1
12 13 1
12 14 2
12 15 3
12 16 2
13 37 8
13 14 1
13 15 2
13 16 3
14 36 8
14 37 8
14 15 2
14 15 1
15 36 8
15 37 8
16 17 2
16 18 3
16 19 5
16 19 6
17 18 1
17 18 1
17 19 3
17 19 4
17 20 2
18 19 2
18 19 3
18 20 3
19 19 1
20 21 5
20 22 3
20 23 2
21 24 3
21 22 2
21 22 2
21 23 3
21 23 5
22 24 5
22 23 1
22 23 7
23 24 2
24 25 5
24 26 3
24 27 2
25 26 2
25 26 2
25 27 3
25 27 5
25 28 3
26 27 1
26 27 7
26 28 5
27 28 2
28 29 3
28 30 4
28 31 6
29 30 2
29 30 1
29 31 3
29 31 3
30 31 1
30 31 2
32 34 8
32 35 8
32 36 8
32 37 8
32 38 8
32 39 8
33 34 0
34 35 0
34 36 0
34 37 0
34 39 0
35 36 0
35 37 0
35 39 0
36 37 0
36 39 0
37 39 0
