37 96
1
1
1
1
1
1
1
1
1
1
1
1
2
2
1
1
1
1
1
1
1
1
1
1
1
1
1
1
2
1
1
4
3
3
3
3
3
0 32 8
0 1 4
1 2 3
1 3 5
2 3 2
2 3 2
2 4 3
2 5 4
3 4 5
3 5 6
4 5 1
4 6 1
4 7 3
4 8 5
5 6 2
5 8 3
5 9 3
6 8 6
6 8 1
6 9 5
6 7 4
7 8 2
7 10 3
8 9 6
9 12 3
9 12 3
10 11 3
11 13 3
11 13 5
11 14 2
11 15 2
12 12 6
13 13 2
13 14 5
13 14 7
13 15 5
13 15 7
14 16 4
14 15 0
14 15 0
15 16 4
16 17 2
16 18 3
16 19 3
17 18 5
17 18 3
17 19 1
17 19 1
17 20 2
18 19 6
18 19 2
18 20 5
19 20 3
20 21 3
20 22 2
20 23 5
21 24 5
21 22 3
21 22 5
21 23 2
21 23 2
22 24 2
22 23 1
22 23 7
23 24 3
24 25 2
24 26 3
24 27 3
25 26 5
25 26 3
25 27 1
25 27 1
25 28 2
25 28 4
26 27 6
26 27 2
26 28 5
26 28 1
27 28 3
27 28 3
28 28 6
29 32 8
29 33 8
29 34 8
29 35 8
29 36 8
29 31 8
30 35 8
30 36 8
31 33 0
31 34 0
31 36 0
32 35 0
33 34 0
33 36 0
34 36 0
