51 127
1
1
1
1
1
1
1
1
2
1
1
1
2
1
1
1
1
1
1
1
1
1
1
1
1
1
1
1
1
1
1
1
1
1
1
1
1
1
1
1
1
1
1
1
1
1
1
1
1
2
4
0 1 3
0 2 3
1 2 6
1 2 2
1 3 3
2 3 5
3 4 4
3 5 6
4 8 5
4 8 6
4 5 2
4 6 2
4 7 3
5 9 3
5 10 3
6 8 3
6 8 4
6 11 2
6 7 1
6 7 1
7 8 2
7 8 3
7 11 3
8 8 1
9 10 6
9 12 2
9 12 4
9 13 1
10 16 3
10 14 2
10 15 2
12 12 2
12 13 3
12 13 5
13 17 2
13 18 4
13 15 1
14 16 1
14 16 1
14 19 2
14 20 4
14 15 4
15 16 5
15 17 3
15 18 5
16 19 3
16 20 3
17 18 2
17 18 2
17 21 3
18 21 5
19 20 6
19 20 2
19 22 4
20 22 6
21 24 3
21 23 3
22 27 5
22 25 3
22 26 2
23 24 2
23 24 6
23 28 3
24 28 5
25 26 3
25 26 5
25 27 2
25 27 2
25 29 5
26 27 1
26 27 7
26 29 2
27 29 3
28 31 5
28 30 3
29 32 2
29 33 4
30 34 3
30 31 2
30 31 2
31 34 5
32 33 2
32 33 2
32 36 4
33 36 2
34 35 4
35 37 2
35 38 3
35 39 3
36 40 3
36 41 3
37 42 2
37 38 5
37 38 3
37 39 1
37 39 1
38 42 5
38 39 6
38 39 2
39 42 3
40 41 6
40 43 1
40 44 2
40 45 4
40 46 5
41 50 8
41 43 4
41 47 5
42 48 5
43 44 3
43 45 5
43 46 6
43 47 1
43 50 8
44 49 3
44 49 5
44 45 2
44 46 3
45 46 2
45 46 1
45 47 3
45 48 2
46 47 1
46 48 4
47 48 5
47 50 8
49 49 2
