26 64
1
1
1
1
1
1
1
1
1
1
1
1
1
2
1
1
1
1
1
1
1
1
2
2
1
4
0 1 3
0 2 5
1 2 2
1 2 2
1 3 3
2 3 5
3 4 2
3 5 4
4 5 2
4 5 2
4 6 3
5 6 5
6 8 6
6 7 4
7 8 2
7 9 5
7 10 3
7 11 2
8 25 8
8 12 2
8 13 3
9 10 2
9 10 2
9 11 3
9 11 5
9 14 3
10 11 1
10 11 7
10 14 5
11 14 2
12 16 5
12 25 8
12 13 5
12 15 3
13 17 3
13 18 5
13 19 7
13 25 8
14 20 2
14 21 3
14 22 5
14 22 6
15 16 2
15 16 2
15 17 3
16 17 5
17 18 2
17 19 4
18 19 2
18 19 1
18 23 2
18 23 3
19 23 3
19 23 4
20 24 2
20 22 3
20 22 4
20 21 1
20 21 1
21 24 3
21 22 2
21 22 3
22 22 1
23 23 1
