44 91
1
1
1
1
1
1
1
1
1
1
1
1
1
1
1
1
1
1
1
1
1
1
1
1
1
1
1
1
1
1
1
1
1
1
1
1
1
1
1
1
2
1
1
4
0 1 4
0 2 2
0 43 8
1 2 2
1 3 4
1 4 2
2 5 2
2 6 5
3 8 5
3 4 2
3 7 3
4 9 2
4 10 5
5 11 4
5 10 6
5 6 3
7 8 2
7 12 2
7 13 4
8 15 3
8 14 4
9 16 5
9 17 3
9 10 3
10 11 2
12 18 5
12 19 2
12 13 2
13 19 2
13 14 7
13 15 5
14 19 5
14 15 2
14 15 1
15 19 3
16 20 4
16 21 2
16 17 2
17 22 2
17 23 4
18 24 3
18 25 5
18 19 3
20 26 6
20 27 4
20 21 2
22 28 3
22 23 6
22 23 2
23 28 3
24 25 2
24 29 5
24 30 3
24 31 2
25 26 3
26 27 2
27 32 5
27 33 3
28 34 5
28 35 3
28 36 2
29 37 3
29 30 2
29 30 2
29 31 5
29 31 3
30 37 5
30 31 7
30 31 1
31 37 2
32 33 2
32 33 2
32 37 5
33 37 3
34 35 2
34 35 2
34 36 5
34 36 3
34 38 3
35 36 7
35 36 1
35 38 5
36 38 2
38 40 5
38 40 6
38 39 3
39 40 2
39 40 3
39 41 2
40 40 1
41 42 5
