64 143
1
1
1
1
1
1
2
1
1
1
1
1
1
1
1
1
1
1
1
1
1
1
2
2
1
1
1
1
1
1
1
1
1
1
1
1
1
1
2
1
1
1
1
1
1
1
1
1
1
1
1
1
1
1
1
1
4
3
3
3
3
3
3
3
0 1 2
0 3 4
0 57 8
1 2 3
1 3 2
2 4 2
2 5 4
3 61 8
3 6 3
3 7 6
4 8 3
4 5 6
4 5 2
5 8 3
6 9 2
6 61 8
6 7 3
6 7 2
7 9 4
7 61 8
8 10 4
8 11 2
9 12 3
9 13 3
10 11 2
10 11 2
10 60 8
10 14 3
11 60 8
11 14 5
12 13 6
12 15 1
12 16 2
12 17 4
12 18 5
13 56 8
13 19 5
13 15 4
14 20 2
14 21 3
14 22 5
14 22 6
14 60 8
15 16 3
15 17 5
15 18 6
15 19 1
15 56 8
16 17 2
16 18 3
16 23 3
16 23 5
17 18 1
17 18 2
17 19 3
17 24 2
18 19 1
18 24 4
19 56 8
19 24 5
20 25 2
20 22 3
20 22 4
20 21 1
20 21 1
21 25 3
21 22 2
21 22 3
22 22 1
23 23 2
24 29 5
25 26 5
26 27 5
27 28 5
28 63 8
28 30 3
28 31 3
29 32 2
29 33 5
30 34 3
30 63 8
30 31 2
30 31 6
31 34 5
31 63 8
32 33 3
32 59 8
32 62 8
33 35 2
33 36 2
34 37 6
34 38 2
34 38 4
35 58 8
35 36 4
36 37 3
37 38 4
37 38 2
38 38 2
39 40 2
39 41 5
39 60 8
39 57 8
40 41 3
40 61 8
41 42 3
41 43 3
42 43 6
42 43 2
42 44 3
43 44 5
44 45 2
44 46 2
45 58 8
45 62 8
45 46 4
46 48 5
46 47 3
47 48 2
47 48 2
47 49 3
47 59 8
48 49 5
48 59 8
49 50 3
49 59 8
50 51 3
51 52 5
51 53 3
51 54 2
52 53 2
52 53 2
52 54 5
52 54 3
52 55 3
53 54 7
53 54 1
53 55 5
54 55 2
55 63 8
57 60 0
58 62 0
59 62 0
