32 82
1
1
1
1
2
2
1
1
1
1
1
1
1
1
1
1
1
2
1
1
1
1
1
1
1
1
1
1
1
1
1
4
0 1 2
0 2 4
1 2 2
1 3 3
1 4 5
1 4 6
2 9 2
2 5 3
2 5 5
2 6 2
3 8 2
3 4 2
3 4 3
3 7 4
4 4 1
5 9 5
5 9 7
5 5 2
5 6 5
5 6 7
6 9 0
6 9 0
6 10 4
7 8 2
7 8 2
7 11 3
8 11 5
9 10 4
10 12 2
10 13 3
10 14 3
11 16 3
11 15 2
11 17 5
11 17 6
12 18 2
12 13 5
12 13 3
12 14 1
12 14 1
13 18 5
13 14 6
13 14 2
14 18 3
15 16 1
15 16 1
15 17 3
15 17 4
15 21 2
16 17 2
16 17 3
16 21 3
17 17 1
18 19 3
19 20 3
19 31 8
20 31 8
20 22 4
20 23 2
21 24 5
21 25 3
21 26 2
22 23 2
22 23 2
24 25 2
24 25 2
24 26 3
24 26 5
24 27 3
25 26 1
25 26 7
25 27 5
26 27 2
27 28 3
27 29 4
27 30 6
28 29 1
28 29 2
28 30 3
28 30 3
29 30 2
29 30 1
