80 185
1
1
1
1
1
1
1
1
1
1
1
1
1
1
1
1
1
1
1
1
1
2
1
1
1
1
1
1
1
1
1
1
1
1
1
1
1
1
1
1
1
1
1
2
1
1
1
1
1
1
1
1
1
1
1
1
1
1
1
1
1
1
1
1
1
1
1
1
1
2
1
1
1
1
1
1
1
1
2
4
0 1 2
0 2 4
1 2 2
1 3 5
1 4 3
1 5 2
2 6 4
2 7 6
3 8 3
3 4 2
3 4 2
3 5 5
3 5 3
4 8 5
4 5 7
4 5 1
5 8 2
6 9 2
6 10 4
6 11 6
6 7 2
7 14 3
7 13 3
8 16 4
8 15 2
9 17 3
9 10 2
9 11 4
9 18 5
10 11 2
10 20 6
10 21 4
10 21 2
11 12 3
12 13 2
12 14 4
13 14 2
13 14 6
15 16 2
15 16 6
15 22 3
16 22 3
17 18 2
17 26 4
17 23 6
18 19 4
19 27 3
19 28 5
20 21 2
20 21 4
20 30 5
20 29 3
21 21 2
22 32 3
22 33 2
22 31 5
23 24 3
23 26 2
24 25 3
25 26 5
27 35 2
27 34 5
27 28 2
28 29 3
28 30 3
29 30 2
29 30 6
31 32 2
31 32 2
31 33 5
31 33 3
31 36 3
32 33 7
32 33 1
32 36 5
33 36 2
34 35 3
34 37 3
34 38 5
35 40 2
35 39 5
36 41 2
36 42 3
36 43 5
36 43 6
37 44 6
37 45 2
37 38 2
38 46 2
38 45 6
39 40 3
39 46 4
39 47 2
40 48 4
40 49 6
41 42 1
41 42 1
41 43 3
41 43 4
41 50 2
42 50 3
42 43 2
42 43 3
43 43 1
44 51 4
44 52 2
44 45 4
45 46 4
46 47 2
47 53 5
47 54 4
47 55 2
48 49 2
49 57 3
49 56 3
50 58 5
50 59 3
50 60 2
51 52 2
51 61 2
51 62 5
52 64 3
52 65 1
52 63 5
53 55 3
53 55 5
53 54 1
53 54 6
54 55 2
54 55 1
56 66 4
56 57 6
56 57 2
57 66 2
58 67 3
58 59 2
58 59 2
58 60 3
58 60 5
59 67 5
59 60 1
59 60 7
60 67 2
61 68 6
61 62 3
61 63 2
62 69 3
62 69 3
63 64 2
63 68 4
63 65 4
64 65 1
64 65 2
66 70 3
66 71 5
67 72 3
67 73 5
69 69 6
70 74 4
70 71 2
70 71 2
71 74 2
72 73 2
72 73 2
74 75 2
74 76 3
74 77 3
75 76 3
75 76 5
75 77 1
75 77 1
75 78 2
75 78 4
75 79 8
76 77 2
76 77 6
76 78 5
76 78 1
76 79 8
77 78 3
77 78 3
77 79 8
78 78 6
78 79 8
78 79 8
