48 100
1
1
1
1
1
1
1
1
1
1
1
1
1
1
1
1
1
1
1
1
1
1
1
1
1
1
1
1
1
1
1
1
1
1
1
1
1
1
1
1
2
1
1
1
1
1
1
4
0 1 3
0 2 5
1 2 2
1 2 2
1 3 3
2 3 5
3 4 2
3 5 4
4 5 2
4 5 2
4 6 3
5 6 5
6 8 3
6 7 3
7 8 2
7 8 6
7 9 2
8 9 4
9 10 3
9 11 5
10 11 2
10 11 2
10 12 3
11 12 5
12 13 3
12 14 5
13 16 4
13 14 2
13 15 2
14 17 3
14 18 3
15 16 6
15 16 2
15 19 3
16 19 3
17 18 6
17 22 3
17 21 2
17 23 3
18 24 2
18 25 4
19 20 3
21 26 2
21 22 5
21 22 3
21 23 1
21 23 1
22 26 5
22 23 6
22 23 2
23 26 3
24 25 6
24 27 2
24 28 5
25 29 2
25 30 4
26 29 3
26 30 5
27 32 3
27 28 3
27 31 5
28 33 3
28 34 5
28 47 8
29 30 2
29 30 2
31 32 2
31 32 2
31 35 5
32 35 3
33 34 6
33 34 2
33 36 3
33 47 8
34 36 3
34 47 8
35 37 4
35 38 2
36 40 4
36 40 2
36 39 6
37 41 4
37 38 2
37 38 2
38 41 2
39 40 2
39 40 4
39 42 3
39 43 5
40 40 2
41 44 5
41 45 3
42 43 6
42 43 2
42 46 3
43 46 3
44 45 2
44 45 2
44 46 5
45 46 3
