49 117
1
1
1
1
1
1
1
1
1
1
1
1
1
1
1
1
1
1
1
1
2
1
1
1
1
1
1
1
1
1
1
1
2
1
1
1
1
1
1
1
1
1
1
1
1
1
1
1
4
0 1 1
0 1 2
0 2 2
1 2 4
2 3 3
3 4 5
4 5 5
4 6 2
5 8 2
5 6 3
5 7 3
6 9 5
6 10 3
6 11 2
7 8 5
7 12 4
8 13 3
8 14 2
8 15 5
9 16 3
9 10 2
9 10 2
9 11 5
9 11 3
10 16 5
10 11 7
10 11 1
11 16 2
13 17 5
13 14 3
13 14 5
13 15 2
13 15 2
14 17 2
14 15 1
14 15 7
15 17 3
16 18 2
16 19 3
16 20 5
16 20 6
17 21 2
17 22 3
17 23 3
18 24 2
18 19 1
18 19 1
18 20 3
18 20 4
19 24 3
19 20 2
19 20 3
20 20 1
21 25 2
21 22 5
21 22 3
21 23 1
21 23 1
22 25 5
22 23 6
22 23 2
23 25 3
24 26 3
24 27 5
24 28 7
25 29 3
25 30 2
25 31 5
26 27 2
26 28 4
27 32 2
27 32 3
27 28 2
27 28 1
28 32 3
28 32 4
29 33 5
29 30 3
29 30 5
29 31 2
29 31 2
30 33 2
30 31 1
30 31 7
31 33 3
32 32 1
33 34 4
34 35 2
34 36 5
35 36 3
35 37 3
35 38 5
36 40 5
36 48 8
36 39 3
37 41 2
37 38 2
37 38 2
38 41 4
39 40 2
39 40 2
39 48 8
39 42 2
40 48 8
40 42 4
41 43 3
41 44 5
42 45 5
42 46 3
43 44 2
43 44 2
43 47 4
44 47 2
45 46 2
45 46 2
45 47 5
46 47 3
