32 61
1
1
1
1
1
1
1
1
1
1
1
1
1
1
1
1
1
1
1
1
1
1
1
1
1
1
1
1
1
1
1
4
0 1 3
0 2 6
1 2 3
1 3 5
1 4 2
2 5 2
2 6 2
3 4 3
4 8 4
4 7 2
5 6 4
5 31 8
6 9 4
6 10 6
7 8 2
7 12 2
7 11 4
8 13 3
8 14 6
9 16 4
9 10 2
9 15 2
10 17 2
10 18 3
10 19 3
11 12 2
13 20 4
13 21 2
13 14 3
14 22 2
14 15 3
15 16 2
15 22 5
17 19 1
17 19 1
17 18 5
17 18 3
17 23 2
18 19 6
18 19 2
18 23 5
19 23 3
20 21 2
23 24 3
23 25 2
23 26 5
24 25 5
24 25 3
24 26 2
24 26 2
24 27 5
25 26 7
25 26 1
25 27 2
26 27 3
27 28 2
27 29 4
28 29 2
28 29 2
28 30 4
29 30 2
