57 134
1
1
1
1
1
1
1
1
1
1
1
1
1
1
1
1
1
1
1
1
1
1
1
1
1
1
1
1
1
1
1
1
1
1
1
1
1
1
1
2
1
1
1
1
1
1
1
1
1
4
3
3
3
3
3
3
3
0 1 3
0 50 8
0 49 8
1 49 8
1 2 3
2 3 5
2 4 3
2 5 2
3 4 2
3 4 2
3 5 5
3 5 3
3 6 3
4 5 7
4 5 1
4 6 5
5 6 2
6 7 3
6 8 5
6 52 8
7 8 2
7 8 2
7 9 3
7 52 8
8 9 5
8 52 8
9 10 2
9 11 3
9 12 3
10 11 3
10 11 5
10 12 1
10 12 1
10 13 2
11 12 2
11 12 6
11 13 5
12 13 3
13 51 8
14 16 4
14 52 8
14 15 2
15 16 2
15 16 2
15 17 2
16 17 4
17 18 3
17 19 5
18 19 2
18 19 2
18 20 3
19 20 5
20 21 2
20 22 4
21 22 2
21 22 2
21 23 2
22 23 4
23 24 3
23 25 5
24 25 2
24 25 2
24 26 3
24 54 8
25 26 5
25 54 8
26 27 2
26 28 4
26 54 8
27 50 8
27 51 8
27 55 8
27 56 8
27 28 2
27 28 2
27 29 2
28 50 8
28 51 8
28 55 8
28 56 8
28 29 4
29 50 8
29 51 8
29 53 8
29 55 8
29 56 8
30 32 2
30 54 8
30 31 2
30 31 1
31 32 4
31 54 8
32 33 2
32 34 2
33 34 4
33 55 8
34 35 3
34 36 6
35 36 3
35 37 2
35 38 3
35 39 5
35 39 6
36 56 8
36 53 8
37 40 2
37 38 1
37 38 1
37 39 3
37 39 4
38 40 3
38 39 2
38 39 3
39 39 1
40 41 5
41 42 5
41 43 3
42 43 2
42 43 2
42 44 5
43 44 3
44 45 5
45 46 4
46 48 5
46 47 3
47 48 2
47 48 2
50 51 0
50 55 0
50 56 0
51 55 0
51 56 0
53 56 0
55 56 0
