40 90
1
1
1
1
1
1
1
1
1
1
1
1
1
1
1
1
1
1
2
1
1
1
1
1
1
1
1
1
1
1
1
1
1
4
3
3
3
3
3
3
0 1 3
0 2 5
0 34 8
1 2 2
1 3 4
1 4 6
2 4 2
2 5 3
3 4 2
3 6 2
3 7 4
4 5 5
5 8 2
5 9 4
6 37 8
6 38 8
6 39 8
6 10 2
6 7 2
6 7 2
7 37 8
7 38 8
7 39 8
7 10 4
8 9 2
8 11 3
8 12 5
9 14 3
9 13 2
10 36 8
10 37 8
10 38 8
10 39 8
11 12 2
11 12 2
11 15 3
12 15 5
13 16 2
13 18 5
13 18 6
13 14 5
13 17 3
14 35 8
14 33 8
15 19 3
15 20 3
16 17 1
16 17 1
16 18 3
16 18 4
16 21 2
17 18 2
17 18 3
17 21 3
18 18 1
19 20 6
19 20 2
19 22 2
20 22 4
21 24 3
21 23 5
22 24 3
22 23 5
23 24 2
23 24 2
25 26 3
25 35 8
25 37 8
26 27 3
27 36 8
27 28 5
27 29 3
28 36 8
28 29 2
28 29 2
28 30 5
29 36 8
29 30 3
30 32 3
30 31 3
31 32 6
31 34 8
31 38 8
32 39 8
33 35 0
34 38 0
35 37 0
37 38 0
37 39 0
38 39 0
