32 76
1
1
1
1
1
1
1
1
1
1
1
2
1
1
1
1
1
1
1
1
1
1
1
4
3
3
3
3
3
3
3
3
0 24 8
0 1 2
0 2 6
0 23 8
1 2 4
1 27 8
1 28 8
1 26 8
2 25 8
3 4 3
3 7 5
3 24 8
3 25 8
3 26 8
3 29 8
4 29 8
4 5 5
4 7 2
5 6 5
6 8 2
6 9 3
6 10 3
6 31 8
7 27 8
7 29 8
8 9 3
8 9 5
8 10 1
8 10 1
8 11 2
8 11 4
8 31 8
9 10 2
9 10 6
9 11 5
9 11 1
9 31 8
10 11 3
10 11 3
10 31 8
11 11 6
12 29 8
12 30 8
13 31 8
13 14 3
13 15 3
14 16 3
14 15 2
14 15 6
15 16 5
16 17 2
16 18 6
16 30 8
17 18 4
17 20 5
17 21 3
17 22 2
17 30 8
18 19 4
18 30 8
19 20 3
19 21 5
19 22 2
20 21 2
20 21 2
20 22 5
20 22 3
21 22 7
21 22 1
23 24 0
24 25 0
24 26 0
25 26 0
26 27 0
26 28 0
27 28 0
