34 74
1
1
1
1
1
1
1
1
1
1
1
1
1
1
1
1
1
1
1
1
1
1
1
1
1
1
4
3
3
3
3
3
3
3
0 1 2
0 2 3
0 27 8
1 2 5
1 3 3
1 4 5
2 28 8
3 32 8
3 4 2
3 4 2
3 5 3
3 33 8
3 31 8
4 32 8
4 5 5
4 33 8
4 31 8
5 32 8
5 33 8
5 6 3
5 7 3
5 30 8
5 31 8
6 8 3
6 30 8
6 7 2
6 7 6
7 8 5
7 30 8
8 9 1
8 10 3
8 11 5
9 10 4
9 11 1
9 11 6
10 11 2
10 12 3
10 13 5
12 13 2
12 13 2
12 14 3
13 14 5
14 29 8
15 16 1
15 16 2
15 17 2
15 26 8
15 29 8
15 30 8
16 17 4
16 26 8
16 29 8
16 30 8
17 18 3
17 29 8
18 19 5
19 32 8
20 25 6
20 27 8
20 28 8
20 21 3
20 33 8
21 25 3
21 22 5
22 23 5
23 24 3
24 25 3
26 30 0
27 33 0
27 28 0
28 33 0
31 32 0
31 33 0
32 33 0
