42 102
1
1
1
1
1
1
1
2
2
1
1
1
1
1
1
1
1
1
1
1
2
1
1
1
2
1
1
1
1
2
1
2
1
1
2
1
1
1
2
1
1
4
0 1 3
1 41 8
1 2 3
2 3 2
2 4 4
2 41 8
3 4 2
3 5 2
3 6 3
3 7 5
3 7 6
4 8 3
4 9 6
5 10 2
5 6 1
5 6 1
5 7 3
5 7 4
6 10 3
6 7 2
6 7 3
7 7 1
8 9 2
8 9 3
8 11 2
9 11 4
10 12 5
10 13 3
10 14 2
11 16 3
11 15 3
12 17 3
12 13 2
12 13 2
12 14 3
12 14 5
13 17 5
13 14 1
13 14 7
14 17 2
15 16 6
15 16 2
15 18 3
16 18 5
17 19 3
17 20 5
17 20 6
19 20 2
19 20 3
19 21 2
20 20 1
21 22 5
22 24 1
22 24 1
22 25 3
22 23 3
23 24 2
23 24 4
23 25 6
24 24 2
24 25 4
24 25 2
25 26 3
25 27 6
26 27 3
26 29 6
26 29 4
26 30 2
27 28 4
28 31 3
28 31 2
29 29 2
29 30 4
29 30 2
30 32 2
30 33 3
30 34 5
30 34 6
31 31 1
32 33 1
32 33 1
32 34 3
32 34 4
32 35 2
33 34 2
33 34 3
33 35 3
34 34 1
35 36 2
35 37 3
35 38 5
35 38 6
36 37 1
36 37 1
36 38 3
36 38 4
36 39 2
37 38 2
37 38 3
37 39 3
38 38 1
39 40 5
