41 93
1
2
1
1
1
1
1
1
1
1
1
1
1
1
1
1
2
1
1
1
1
1
1
1
1
1
1
1
1
1
1
1
1
1
1
1
1
1
1
2
4
0 1 3
0 2 6
1 2 2
1 2 3
1 3 2
2 3 4
3 4 3
3 5 3
4 40 8
4 5 6
4 5 2
4 6 3
5 40 8
5 6 5
6 8 5
6 40 8
6 7 3
7 8 2
7 8 2
7 9 3
8 9 5
9 10 2
9 11 4
10 11 2
10 12 4
10 13 2
11 16 5
11 16 6
11 14 2
11 15 3
12 17 6
12 18 4
12 13 2
14 16 3
14 16 4
14 19 2
14 15 1
14 15 1
15 16 2
15 16 3
15 19 3
16 16 1
17 18 2
18 20 5
18 21 4
18 22 2
19 24 5
19 25 3
19 26 2
20 27 4
20 21 1
20 21 2
20 22 3
21 27 2
21 22 2
22 23 5
23 29 3
23 30 3
24 25 2
24 25 2
24 26 5
24 26 3
24 31 3
25 26 7
25 26 1
25 31 5
26 31 2
27 28 3
29 33 1
29 34 2
29 35 4
29 36 5
29 30 6
30 33 4
30 37 5
31 32 5
32 38 5
33 34 3
33 35 5
33 36 6
33 37 1
34 35 2
34 36 3
34 39 3
34 39 5
35 36 1
35 36 2
35 37 3
35 38 2
36 37 1
36 38 4
37 38 5
39 39 2
