67 174
1
1
1
1
1
1
1
1
1
1
1
1
1
2
1
1
1
1
1
1
1
1
1
1
1
1
1
2
1
1
1
1
1
1
1
1
1
1
1
1
1
1
1
1
1
1
1
1
1
1
1
1
1
1
1
1
1
1
1
1
1
4
3
3
3
3
3
0 1 2
0 3 4
0 62 8
0 65 8
1 65 8
1 2 5
1 3 2
2 4 3
2 5 5
3 6 2
3 65 8
3 8 3
3 7 3
4 9 3
4 5 2
4 5 2
5 9 5
6 8 1
6 8 1
6 10 2
6 7 5
6 7 3
7 8 6
7 8 2
7 10 5
8 10 3
9 12 3
9 11 3
10 13 3
10 13 5
10 14 2
10 16 2
11 12 6
11 12 2
11 15 3
12 15 5
13 16 5
13 16 7
13 13 2
13 14 5
13 14 7
14 16 0
14 16 0
14 17 4
15 18 3
15 19 5
16 17 4
17 22 3
17 20 2
17 21 3
18 19 2
18 19 2
18 23 3
19 23 5
20 24 2
20 21 3
20 21 5
20 22 1
20 22 1
21 24 5
21 22 2
21 22 6
22 24 3
23 25 3
23 26 3
24 27 3
24 27 5
24 28 2
24 30 2
25 26 2
25 26 6
25 29 3
26 29 5
27 27 2
27 28 5
27 28 7
27 30 5
27 30 7
28 30 0
28 30 0
28 31 4
29 32 2
29 33 4
30 31 4
31 34 2
31 35 3
31 36 3
32 33 2
32 33 2
32 66 8
32 37 3
33 66 8
33 37 5
34 35 3
34 35 5
34 36 1
34 36 1
34 38 2
35 36 2
35 36 6
35 38 5
36 38 3
37 66 8
37 39 3
37 40 2
37 41 5
38 42 3
38 43 2
38 44 5
39 40 3
39 40 5
39 41 2
39 41 2
39 45 5
40 41 1
40 41 7
40 45 2
41 45 3
42 43 3
42 43 5
42 44 2
42 44 2
42 46 5
42 63 8
43 44 1
43 44 7
43 46 2
43 63 8
44 46 3
44 63 8
45 47 3
45 48 5
46 49 3
46 50 3
46 61 8
46 63 8
47 48 2
47 48 2
47 51 4
48 51 2
49 64 8
49 50 6
49 50 2
49 52 3
49 61 8
50 64 8
50 52 5
50 61 8
51 56 3
51 54 2
51 55 3
52 64 8
52 53 3
53 56 3
53 54 2
53 55 5
54 56 1
54 56 1
54 55 5
54 55 3
55 56 6
55 56 2
57 58 2
57 59 4
57 60 6
57 63 8
58 59 2
58 60 4
58 62 8
58 65 8
59 60 2
59 66 8
60 64 8
62 65 0
