74 651
1
1
1
1
1
1
1
1
1
1
1
1
1
2
1
1
1
1
2
1
1
1
1
1
1
1
1
1
1
1
1
2
1
1
1
1
1
4
3
3
3
3
3
3
3
3
3
3
3
3
3
3
3
3
3
3
3
3
3
3
3
3
3
3
3
3
3
3
3
3
3
3
3
3
0 1 2
0 2 4
0 38 8
1 2 6
1 2 2
1 3 3
1 71 8
2 3 3
2 71 8
3 4 3
3 5 3
3 71 8
4 5 6
4 5 2
4 6 2
4 7 3
5 6 4
5 7 5
6 7 1
6 7 1
6 8 2
6 9 3
6 10 4
6 11 5
6 12 6
6 42 8
7 8 3
7 9 4
7 10 5
7 11 6
7 12 7
7 42 8
8 9 1
8 9 1
8 10 2
8 11 3
8 12 4
8 13 1
8 13 3
8 14 4
8 15 5
8 16 6
8 42 8
8 44 8
9 44 8
9 10 1
9 11 2
9 12 3
9 13 2
9 13 4
9 14 5
9 15 6
9 16 7
9 42 8
10 43 8
10 42 8
10 11 1
10 12 2
10 15 4
10 16 2
10 17 1
11 12 2
11 12 1
11 17 1
11 18 1
11 18 5
11 41 8
11 42 8
12 17 1
12 18 3
12 18 3
12 41 8
12 42 8
13 44 8
13 44 8
13 13 2
13 14 3
13 14 1
13 15 4
13 15 2
13 16 5
13 16 3
14 44 8
14 15 1
14 16 2
14 19 3
14 20 5
15 43 8
15 44 8
15 16 2
15 16 1
15 17 5
16 43 8
16 44 8
16 17 3
17 43 8
17 41 8
17 18 2
17 18 4
18 18 6
18 41 8
18 41 8
19 20 2
19 20 2
19 21 3
20 21 5
21 22 3
21 23 5
22 24 3
22 23 2
22 23 2
23 24 5
24 25 3
24 26 3
25 73 8
25 26 2
25 26 6
25 27 2
26 27 4
26 73 8
27 73 8
27 28 2
27 29 3
27 30 3
28 29 3
28 29 5
28 30 1
28 30 1
28 31 2
28 31 4
29 30 2
29 30 6
29 31 5
29 31 1
30 31 3
30 31 3
31 31 6
32 33 2
32 34 5
32 37 8
32 38 8
32 39 8
32 40 8
33 34 3
33 71 8
34 35 3
34 36 5
35 36 2
35 41 8
35 42 8
35 43 8
35 44 8
35 45 8
35 46 8
35 47 8
35 48 8
35 49 8
35 50 8
35 51 8
35 52 8
35 53 8
35 54 8
35 55 8
35 56 8
35 57 8
35 58 8
35 59 8
35 60 8
35 61 8
35 62 8
35 63 8
35 64 8
35 65 8
35 66 8
35 67 8
35 68 8
35 69 8
35 70 8
35 73 8
36 72 8
37 40 0
37 38 0
37 39 0
38 40 0
38 39 0
39 40 0
41 42 0
41 43 0
41 44 0
41 45 0
41 46 0
41 47 0
41 48 0
41 49 0
41 50 0
41 51 0
41 52 0
41 53 0
41 54 0
41 55 0
41 56 0
41 57 0
41 58 0
41 59 0
41 60 0
41 61 0
41 62 0
41 63 0
41 64 0
41 65 0
41 66 0
41 67 0
41 68 0
41 69 0
41 70 0
41 73 0
42 43 0
42 44 0
42 45 0
42 46 0
42 47 0
42 48 0
42 49 0
42 50 0
42 51 0
42 52 0
42 53 0
42 54 0
42 55 0
42 56 0
42 57 0
42 58 0
42 59 0
42 60 0
42 61 0
42 62 0
42 63 0
42 64 0
42 65 0
42 66 0
42 67 0
42 68 0
42 69 0
42 70 0
42 73 0
43 44 0
43 45 0
43 46 0
43 47 0
43 48 0
43 49 0
43 50 0
43 51 0
43 52 0
43 53 0
43 54 0
43 55 0
43 56 0
43 57 0
43 58 0
43 59 0
43 60 0
43 61 0
43 62 0
43 63 0
43 64 0
43 65 0
43 66 0
43 67 0
43 68 0
43 69 0
43 70 0
43 73 0
44 45 0
44 46 0
44 47 0
44 48 0
44 49 0
44 50 0
44 51 0
44 52 0
44 53 0
44 54 0
44 55 0
44 56 0
44 57 0
44 58 0
44 59 0
44 60 0
44 61 0
44 62 0
44 63 0
44 64 0
44 65 0
44 66 0
44 67 0
44 68 0
44 69 0
44 70 0
44 73 0
45 46 0
45 47 0
45 48 0
45 49 0
45 50 0
45 51 0
45 52 0
45 53 0
45 54 0
45 55 0
45 56 0
45 57 0
45 58 0
45 59 0
45 60 0
45 61 0
45 62 0
45 63 0
45 64 0
45 65 0
45 66 0
45 67 0
45 68 0
45 69 0
45 70 0
45 73 0
46 47 0
46 48 0
46 49 0
46 50 0
46 51 0
46 52 0
46 53 0
46 54 0
46 55 0
46 56 0
46 57 0
46 58 0
46 59 0
46 60 0
46 61 0
46 62 0
46 63 0
46 64 0
46 65 0
46 66 0
46 67 0
46 68 0
46 69 0
46 70 0
46 73 0
47 48 0
47 49 0
47 50 0
47 51 0
47 52 0
47 53 0
47 54 0
47 55 0
47 56 0
47 57 0
47 58 0
47 59 0
47 60 0
47 61 0
47 62 0
47 63 0
47 64 0
47 65 0
47 66 0
47 67 0
47 68 0
47 69 0
47 70 0
47 73 0
48 49 0
48 50 0
48 51 0
48 52 0
48 53 0
48 54 0
48 55 0
48 56 0
48 57 0
48 58 0
48 59 0
48 60 0
48 61 0
48 62 0
48 63 0
48 64 0
48 65 0
48 66 0
48 67 0
48 68 0
48 69 0
48 70 0
48 73 0
49 50 0
49 51 0
49 52 0
49 53 0
49 54 0
49 55 0
49 56 0
49 57 0
49 58 0
49 59 0
49 60 0
49 61 0
49 62 0
49 63 0
49 64 0
49 65 0
49 66 0
49 67 0
49 68 0
49 69 0
49 70 0
49 73 0
50 51 0
50 52 0
50 53 0
50 54 0
50 55 0
50 56 0
50 57 0
50 58 0
50 59 0
50 60 0
50 61 0
50 62 0
50 63 0
50 64 0
50 65 0
50 66 0
50 67 0
50 68 0
50 69 0
50 70 0
50 73 0
51 52 0
51 53 0
51 54 0
51 55 0
51 56 0
51 57 0
51 58 0
51 59 0
51 60 0
51 61 0
51 62 0
51 63 0
51 64 0
51 65 0
51 66 0
51 67 0
51 68 0
51 69 0
51 70 0
51 73 0
52 53 0
52 54 0
52 55 0
52 56 0
52 57 0
52 58 0
52 59 0
52 60 0
52 61 0
52 62 0
52 63 0
52 64 0
52 65 0
52 66 0
52 67 0
52 68 0
52 69 0
52 70 0
52 73 0
53 54 0
53 55 0
53 56 0
53 57 0
53 58 0
53 59 0
53 60 0
53 61 0
53 62 0
53 63 0
53 64 0
53 65 0
53 66 0
53 67 0
53 68 0
53 69 0
53 70 0
53 73 0
54 55 0
54 56 0
54 57 0
54 58 0
54 59 0
54 60 0
54 61 0
54 62 0
54 63 0
54 64 0
54 65 0
54 66 0
54 67 0
54 68 0
54 69 0
54 70 0
54 73 0
55 56 0
55 57 0
55 58 0
55 59 0
55 60 0
55 61 0
55 62 0
55 63 0
55 64 0
55 65 0
55 66 0
55 67 0
55 68 0
55 69 0
55 70 0
55 73 0
56 57 0
56 58 0
56 59 0
56 60 0
56 61 0
56 62 0
56 63 0
56 64 0
56 65 0
56 66 0
56 67 0
56 68 0
56 69 0
56 70 0
56 73 0
57 58 0
57 59 0
57 60 0
57 61 0
57 62 0
57 63 0
57 64 0
57 65 0
57 66 0
57 67 0
57 68 0
57 69 0
57 70 0
57 73 0
58 59 0
58 60 0
58 61 0
58 62 0
58 63 0
58 64 0
58 65 0
58 66 0
58 67 0
58 68 0
58 69 0
58 70 0
58 73 0
59 60 0
59 61 0
59 62 0
59 63 0
59 64 0
59 65 0
59 66 0
59 67 0
59 68 0
59 69 0
59 70 0
59 73 0
60 61 0
60 62 0
60 63 0
60 64 0
60 65 0
60 66 0
60 67 0
60 68 0
60 69 0
60 70 0
60 73 0
61 62 0
61 63 0
61 64 0
61 65 0
61 66 0
61 67 0
61 68 0
61 69 0
61 70 0
61 73 0
62 63 0
62 64 0
62 65 0
62 66 0
62 67 0
62 68 0
62 69 0
62 70 0
62 73 0
63 64 0
63 65 0
63 66 0
63 67 0
63 68 0
63 69 0
63 70 0
63 73 0
64 65 0
64 66 0
64 67 0
64 68 0
64 69 0
64 70 0
64 73 0
65 66 0
65 67 0
65 68 0
65 69 0
65 70 0
65 73 0
66 67 0
66 68 0
66 69 0
66 70 0
66 73 0
67 68 0
67 69 0
67 70 0
67 73 0
68 69 0
68 70 0
68 73 0
69 70 0
69 73 0
70 73 0
