30 70
1
2
1
1
1
1
1
1
1
1
1
1
1
1
1
1
1
1
1
1
1
1
1
1
4
3
3
3
3
3
0 1 3
0 25 8
1 2 2
1 3 4
1 28 8
2 3 6
2 3 2
2 4 3
2 28 8
3 4 3
3 28 8
4 5 5
4 6 3
5 6 2
5 6 2
5 7 5
6 7 3
7 8 4
7 9 2
7 29 8
8 9 2
8 9 6
8 10 3
8 29 8
9 10 3
9 29 8
10 11 3
10 12 2
10 13 5
10 27 8
11 27 8
11 12 3
11 12 5
11 13 2
11 13 2
11 14 5
12 27 8
12 13 1
12 13 7
12 14 2
13 27 8
13 14 3
14 15 3
14 16 2
14 17 5
15 16 3
15 16 5
15 17 2
15 17 2
15 18 5
16 17 1
16 17 7
16 18 2
17 18 3
18 26 8
19 24 8
19 25 8
19 26 8
19 20 3
19 21 5
20 21 2
20 22 4
20 23 2
21 28 8
22 27 8
22 23 2
23 29 8
24 25 0
24 26 0
25 26 0
