42 105
1
1
1
1
1
1
2
1
1
1
1
1
1
1
1
1
1
1
1
1
1
1
1
1
1
1
1
1
1
1
2
1
1
1
1
1
1
1
1
1
1
4
0 1 2
0 2 4
0 3 6
1 2 2
1 3 4
1 4 6
1 5 2
2 3 2
4 10 2
4 5 4
4 6 3
4 6 5
4 7 2
5 8 3
5 9 5
6 10 5
6 10 7
6 6 2
6 7 5
6 7 7
7 10 0
7 10 0
7 11 4
8 9 2
8 9 2
8 12 3
9 12 5
10 11 4
11 13 2
11 14 3
11 15 3
12 16 3
12 17 3
13 18 2
13 14 5
13 14 3
13 15 1
13 15 1
14 18 5
14 15 6
14 15 2
15 18 3
16 17 2
16 17 6
16 19 2
17 19 4
18 22 5
18 21 3
19 20 3
20 24 2
20 25 5
20 23 3
21 41 8
21 26 3
21 22 2
21 22 2
22 41 8
22 26 5
23 24 5
23 24 3
23 25 2
23 25 2
23 27 5
24 25 7
24 25 1
24 27 2
25 27 3
26 41 8
26 28 2
26 29 3
26 30 5
26 30 6
27 31 3
27 32 3
28 33 2
28 29 1
28 29 1
28 30 3
28 30 4
29 33 3
29 30 2
29 30 3
30 30 1
31 32 2
31 32 6
31 34 4
32 34 2
33 36 2
33 35 4
34 39 5
34 37 3
34 38 2
35 40 3
35 36 2
35 36 2
36 40 5
37 40 5
37 38 3
37 38 5
37 39 2
37 39 2
38 40 2
38 39 1
38 39 7
39 40 3
