25 65
1
1
1
1
1
1
2
1
1
1
1
2
1
1
1
1
4
3
3
3
3
3
3
3
3
0 16 8
0 1 2
0 2 4
0 3 5
0 17 8
1 2 2
1 3 3
1 4 6
1 7 2
1 21 8
1 22 8
2 3 1
2 3 6
2 7 3
3 7 3
4 21 8
4 5 3
4 22 8
4 7 4
5 6 3
6 8 2
6 9 3
6 10 3
6 24 8
7 21 8
7 22 8
8 24 8
8 9 3
8 9 5
8 10 1
8 10 1
8 11 2
8 11 4
9 24 8
9 10 2
9 10 6
9 11 5
9 11 1
10 11 3
10 11 3
10 24 8
11 11 6
12 17 8
12 21 8
12 13 2
12 14 4
12 15 6
13 22 8
13 14 2
13 15 4
14 24 8
14 15 2
15 18 8
15 19 8
15 20 8
15 23 8
16 17 0
17 21 0
18 19 0
18 20 0
18 23 0
19 20 0
19 23 0
20 23 0
21 22 0
