41 112
1
1
1
1
1
1
1
1
1
1
1
1
1
1
1
1
2
1
1
1
1
2
1
1
1
1
1
1
1
1
1
2
1
1
1
1
1
1
1
1
4
0 40 8
0 1 2
0 1 1
0 2 2
1 40 8
1 2 4
2 3 2
2 4 4
3 4 2
3 5 6
3 6 3
3 7 2
4 8 5
4 9 3
4 10 2
5 11 2
5 6 3
5 7 4
6 12 2
6 7 2
6 7 1
7 12 4
8 9 2
8 9 2
8 10 5
8 10 3
8 13 3
9 10 7
9 10 1
9 13 5
10 13 2
11 16 5
11 16 6
11 14 2
11 15 3
12 17 2
12 18 6
13 19 2
13 20 3
13 21 5
13 21 6
14 16 3
14 16 4
14 22 2
14 15 1
14 15 1
15 16 2
15 16 3
15 22 3
16 16 1
17 24 3
17 18 4
17 23 6
18 25 2
18 26 3
18 27 3
19 28 2
19 20 1
19 20 1
19 21 3
19 21 4
20 28 3
20 21 2
20 21 3
21 21 1
22 30 3
22 31 5
22 31 6
22 29 2
23 32 4
23 33 2
23 34 5
23 24 3
25 35 2
25 27 1
25 27 1
25 26 5
25 26 3
26 27 6
26 27 2
26 35 5
27 35 3
28 36 5
28 37 3
28 38 2
29 31 3
29 31 4
29 30 1
29 30 1
29 39 2
30 31 2
30 31 3
30 39 3
31 31 1
32 33 2
32 33 1
32 34 1
32 34 2
32 39 3
33 34 3
33 34 3
33 39 2
34 39 5
35 36 3
35 37 5
35 38 2
36 37 2
36 37 2
36 38 5
36 38 3
37 38 7
37 38 1
