64 126
1
1
1
1
1
1
1
1
1
1
1
1
1
1
1
1
1
1
1
1
1
1
1
1
1
1
1
1
1
1
1
1
1
1
2
1
1
1
1
1
1
1
1
1
2
1
1
1
1
1
1
1
1
1
1
1
1
2
1
1
1
2
1
4
0 1 3
0 2 6
1 2 3
2 3 3
2 4 6
3 4 3
4 5 2
4 6 2
5 6 4
6 8 6
6 7 3
7 8 3
8 9 2
8 10 2
9 10 4
10 11 3
10 12 6
11 12 3
12 13 3
12 14 3
13 14 6
13 14 2
13 15 3
14 15 5
15 16 4
16 17 2
16 18 2
17 18 4
18 19 2
18 20 4
19 20 2
19 20 2
19 21 3
20 21 5
21 22 3
21 23 5
22 24 3
22 23 2
22 23 2
23 24 5
24 25 2
24 26 3
25 26 5
25 29 2
25 30 6
26 27 5
27 28 3
28 63 8
29 32 2
29 34 5
29 34 6
29 30 4
29 33 3
30 31 5
31 35 2
31 36 2
32 33 1
32 33 1
32 34 3
32 34 4
32 37 2
33 34 2
33 34 3
33 37 3
34 34 1
35 36 4
36 40 3
36 41 6
37 38 3
38 39 5
39 42 2
39 43 3
39 44 5
39 44 6
40 41 3
41 45 2
41 46 2
42 47 2
42 43 1
42 43 1
42 44 3
42 44 4
43 47 3
43 44 2
43 44 3
44 44 1
45 46 4
46 48 3
46 49 5
47 50 4
47 51 2
48 49 2
48 49 2
48 52 3
49 52 5
50 51 2
50 51 2
50 54 3
51 54 5
52 53 3
54 56 3
54 57 5
54 57 6
54 55 2
55 56 1
55 56 1
55 57 3
55 57 4
55 58 2
56 57 2
56 57 3
56 58 3
57 57 1
58 59 2
58 60 3
58 61 5
58 61 6
59 60 1
59 60 1
59 61 3
59 61 4
59 62 2
60 61 2
60 61 3
60 62 3
61 61 1
