33 73
1
1
1
1
1
2
1
1
1
1
1
1
1
1
1
1
1
1
1
1
1
1
1
1
1
1
2
1
1
1
1
1
4
0 1 2
0 2 4
0 3 6
1 2 2
1 2 2
1 3 4
1 4 3
2 3 2
2 4 5
3 5 2
3 5 4
3 6 2
3 32 8
4 8 2
4 7 4
5 32 8
5 32 8
5 5 6
5 6 4
5 6 2
6 32 8
6 9 3
6 10 5
7 8 2
7 8 2
7 11 3
8 11 5
9 10 2
9 10 2
9 12 3
10 12 5
11 13 4
11 14 2
12 16 5
12 15 3
13 17 3
13 14 2
13 14 2
14 17 5
15 16 2
15 16 2
15 18 3
16 18 5
17 19 5
17 20 3
17 21 2
18 23 5
18 22 3
19 24 3
19 20 2
19 20 2
19 21 5
19 21 3
20 24 5
20 21 7
20 21 1
21 24 2
22 25 3
22 23 2
22 23 2
23 25 5
25 26 3
25 27 6
26 27 3
26 27 2
26 28 2
27 28 4
28 29 3
28 30 3
29 30 6
29 30 2
29 31 3
30 31 5
