42 83
1
1
1
1
1
1
1
1
1
1
1
1
1
1
1
1
1
1
1
1
2
1
1
1
1
1
1
1
1
1
1
1
1
1
1
1
1
1
1
1
1
4
0 1 4
0 2 2
0 41 8
1 2 2
1 2 2
1 3 3
2 3 5
3 4 3
3 5 6
4 5 3
4 6 6
4 7 2
5 8 2
5 9 4
6 10 6
6 11 3
6 7 4
7 12 5
7 13 3
7 14 2
8 9 2
8 9 2
8 15 3
9 15 5
10 11 3
12 16 3
12 13 2
12 13 2
12 14 3
12 14 5
13 16 5
13 14 1
13 14 7
14 16 2
15 18 3
15 17 3
16 19 2
16 20 4
16 20 6
17 18 2
17 18 6
17 21 3
18 21 5
19 20 2
19 20 4
20 20 2
21 22 3
21 23 5
22 24 3
22 23 2
22 23 2
23 24 5
24 25 1
24 26 3
24 27 5
25 26 4
25 27 6
25 27 1
26 27 2
26 28 2
26 29 3
28 29 5
29 30 3
29 31 3
30 32 2
30 31 6
30 31 2
31 32 4
32 33 2
32 34 4
33 34 2
33 35 2
33 36 6
34 36 2
34 37 4
35 36 4
36 37 2
37 38 2
37 39 4
38 40 2
38 39 2
38 39 2
39 40 4
