49 114
1
1
1
1
1
1
1
1
1
1
1
2
1
1
1
1
1
1
1
1
1
1
1
1
1
1
1
2
1
1
1
1
1
1
1
1
1
1
1
1
1
1
1
1
1
1
1
1
4
0 48 8
0 1 5
0 2 3
0 3 2
1 2 2
1 2 2
1 3 3
1 3 5
1 4 3
2 3 1
2 3 7
2 4 5
3 4 2
4 5 5
4 6 3
4 7 2
5 8 3
5 6 2
5 6 2
5 7 5
5 7 3
6 8 5
6 7 7
6 7 1
7 8 2
8 9 2
8 10 3
8 11 5
8 11 6
9 10 1
9 10 1
9 11 3
9 11 4
9 12 2
10 11 2
10 11 3
10 12 3
11 11 1
12 13 3
12 14 6
13 16 2
13 14 3
13 15 6
14 17 3
14 18 3
15 16 4
15 19 5
15 20 3
16 21 5
16 22 3
16 23 2
17 24 3
17 18 6
17 18 2
18 24 5
19 25 5
19 20 2
19 20 2
20 25 3
21 26 3
21 22 2
21 22 2
21 23 3
21 23 5
22 26 5
22 23 1
22 23 7
23 26 2
24 27 3
24 28 6
25 29 3
25 30 5
26 32 3
26 33 2
26 31 5
27 34 2
27 28 3
27 28 2
28 34 4
29 35 3
29 30 6
29 30 2
30 35 3
31 32 2
31 32 2
31 33 5
31 33 3
31 36 3
32 33 7
32 33 1
32 36 5
33 36 2
35 38 3
35 37 5
37 38 2
37 38 2
37 39 5
38 39 3
39 40 3
39 41 5
40 41 2
40 41 2
40 42 2
41 42 4
42 43 3
42 44 5
43 44 6
43 44 2
43 45 3
44 45 3
45 46 4
45 47 2
46 47 1
46 47 2
