33 67
1
1
1
1
1
1
1
1
1
1
1
1
1
1
1
1
1
1
1
1
1
1
1
1
1
1
1
1
1
1
1
1
4
0 1 2
0 2 3
1 2 5
2 3 2
2 4 2
3 4 4
4 5 2
4 6 4
5 6 2
5 6 2
5 7 3
6 7 5
7 8 3
7 9 5
8 9 2
8 10 3
8 11 5
8 12 2
9 11 3
9 12 2
9 13 5
10 11 2
10 12 5
10 14 2
10 15 4
11 12 7
11 12 1
11 13 2
12 13 3
13 16 2
13 17 3
14 18 3
14 15 2
14 15 6
15 18 3
16 17 5
16 19 3
16 20 2
16 21 5
17 22 2
17 23 4
19 24 5
19 20 3
19 20 5
19 21 2
19 21 2
20 24 2
20 21 1
20 21 7
21 24 3
22 25 2
22 23 2
22 23 2
23 25 4
24 32 8
25 26 3
25 27 5
26 27 2
26 27 2
26 28 3
27 28 5
28 29 3
28 30 3
29 30 2
29 30 6
29 31 3
30 31 5
