29 69
1
1
1
1
1
1
1
1
1
1
1
1
1
1
1
1
1
1
1
1
1
1
1
1
1
2
1
1
4
0 1 3
0 2 4
0 3 6
0 28 8
1 2 2
1 2 1
1 3 3
1 3 3
1 4 2
2 3 1
2 3 2
2 4 4
3 4 5
4 5 3
4 6 5
5 8 4
5 6 2
5 7 2
6 9 3
6 10 3
7 8 2
7 11 5
7 12 3
7 13 2
9 10 6
9 14 3
9 15 3
11 16 3
11 12 2
11 12 2
11 13 3
11 13 5
12 16 5
12 13 1
12 13 7
13 16 2
14 15 6
14 17 1
14 18 2
14 19 4
14 20 5
15 17 4
15 21 5
16 22 3
16 23 4
16 24 6
17 18 3
17 19 5
17 20 6
17 21 1
18 25 3
18 25 5
18 19 2
18 20 3
19 20 2
19 20 1
19 21 3
19 26 2
20 21 1
20 26 4
21 26 5
22 24 3
22 24 3
22 23 2
22 23 1
23 24 1
23 24 2
25 25 2
26 27 5
