87 204
1
1
1
1
1
1
1
2
1
1
1
1
1
1
1
1
1
1
1
1
1
1
2
1
1
1
1
1
1
1
1
1
1
1
1
1
1
1
1
1
1
1
1
1
1
1
1
1
1
1
1
1
1
1
1
1
2
1
1
1
1
1
1
1
1
1
1
1
1
1
1
1
1
2
1
1
1
1
1
2
1
1
2
1
1
1
4
0 1 2
0 2 4
1 2 2
1 3 2
1 4 5
2 5 2
2 6 5
3 4 3
4 8 6
4 7 3
5 9 5
5 11 2
5 10 3
5 6 3
6 12 2
6 13 3
7 8 2
7 8 3
7 14 2
8 14 4
9 10 2
9 10 2
9 11 5
9 11 3
9 15 3
10 11 7
10 11 1
10 15 5
11 15 2
12 86 8
12 13 5
13 16 3
13 17 6
14 18 3
14 19 3
15 20 2
15 21 3
15 22 5
15 22 6
16 17 3
17 24 6
17 23 3
18 25 3
18 19 2
18 19 6
19 25 5
20 26 2
20 21 1
20 21 1
20 22 3
20 22 4
21 26 3
21 22 2
21 22 3
22 22 1
23 24 3
24 27 3
24 28 3
25 29 2
25 30 4
26 32 4
26 33 3
26 31 6
27 34 3
27 28 2
27 28 6
28 34 5
29 35 3
29 30 2
29 30 2
30 35 5
31 32 7
31 32 2
31 33 5
31 33 3
32 33 2
32 33 1
34 36 5
34 37 2
35 40 2
35 39 3
36 41 4
36 42 2
36 37 3
37 38 5
38 43 6
38 44 4
38 45 3
39 40 5
39 46 2
39 47 6
40 48 3
40 49 2
40 50 5
41 42 2
41 42 6
41 51 3
42 51 3
43 52 2
43 44 2
43 44 7
43 45 3
43 45 5
43 53 3
44 52 5
44 45 1
44 45 2
44 53 4
45 52 3
45 53 2
46 56 5
46 56 6
46 47 4
46 54 2
46 55 3
47 57 3
47 58 5
48 49 5
48 49 3
48 50 2
48 50 2
48 59 5
49 50 7
49 50 1
49 59 2
50 59 3
51 60 6
51 61 3
52 53 6
52 53 1
54 56 3
54 56 4
54 62 2
54 55 1
54 55 1
55 56 2
55 56 3
55 62 3
56 56 1
57 58 2
57 58 2
57 63 3
58 63 5
59 64 2
59 65 3
59 66 3
60 67 4
60 68 2
60 61 3
62 70 2
62 69 4
63 72 3
63 71 2
64 65 5
64 65 3
64 66 1
64 66 1
64 73 2
64 73 4
65 73 5
65 73 1
65 66 6
65 66 2
66 73 3
66 73 3
67 68 1
67 68 2
69 74 3
69 70 2
69 70 2
70 74 5
71 72 5
71 75 3
71 76 5
73 73 6
74 79 5
74 79 6
74 78 3
74 77 2
75 80 3
75 76 2
75 76 2
76 80 5
77 81 2
77 78 1
77 78 1
77 79 3
77 79 4
78 81 3
78 79 2
78 79 3
79 79 1
80 82 2
80 82 4
81 83 6
81 84 4
81 85 3
82 82 6
83 84 7
83 84 2
83 85 5
83 85 3
84 85 2
84 85 1
