41 86
1
1
1
1
1
1
1
1
1
1
1
1
1
1
1
1
1
1
1
1
1
1
1
1
2
1
1
1
1
1
1
1
1
1
1
1
1
1
1
2
4
0 1 2
0 2 5
1 2 3
2 3 3
2 4 6
3 4 3
3 5 5
3 6 3
3 7 2
4 8 3
4 9 3
5 10 3
5 6 2
5 6 2
5 7 3
5 7 5
6 10 5
6 7 1
6 7 7
7 10 2
8 11 3
8 12 3
8 9 6
9 13 3
9 14 5
10 16 2
10 15 3
11 17 3
11 12 6
11 12 2
12 17 5
13 18 3
13 19 5
13 14 2
14 20 3
14 22 3
15 24 5
15 24 6
15 16 5
15 23 2
16 25 3
16 18 3
17 27 5
17 26 3
18 25 6
18 19 2
19 28 3
19 29 6
20 22 6
20 21 3
21 32 7
21 30 3
21 31 5
22 40 8
23 24 3
23 24 4
24 24 1
25 33 3
25 27 5
26 27 2
27 33 2
28 29 3
29 35 3
29 34 2
30 32 4
30 36 5
30 37 3
30 38 2
30 31 2
31 32 2
31 32 1
31 39 2
31 39 3
32 39 3
32 39 4
34 35 5
34 36 3
34 38 2
34 37 5
36 38 3
36 38 5
36 37 2
36 37 2
37 38 1
37 38 7
39 39 1
