49 120
1
1
1
1
1
1
1
1
2
1
1
1
2
1
1
1
1
1
1
1
1
1
1
1
1
1
1
1
1
1
1
1
1
1
1
1
1
1
1
1
1
1
1
1
1
1
1
1
4
0 48 8
0 1 3
0 2 6
1 2 3
1 3 5
1 4 3
1 5 2
1 48 8
2 6 2
2 7 3
2 8 5
2 8 6
2 48 8
3 9 3
3 4 2
3 4 2
3 5 5
3 5 3
4 9 5
4 5 7
4 5 1
5 9 2
6 8 3
6 8 4
6 10 2
6 7 1
6 7 1
7 8 2
7 8 3
7 10 3
8 8 1
9 11 2
9 12 4
9 12 6
10 13 6
10 14 2
11 16 3
11 17 2
11 12 2
11 12 4
11 15 5
12 12 2
13 19 5
13 18 2
13 14 4
14 20 3
14 21 6
15 16 2
15 16 2
15 17 3
15 17 5
15 22 3
16 17 1
16 17 7
16 22 5
17 22 2
18 24 3
18 19 3
18 23 5
20 25 3
20 26 3
20 21 3
21 28 5
21 27 3
22 29 2
22 30 5
23 24 2
23 24 2
23 30 5
24 30 3
25 32 2
25 26 6
25 31 2
26 34 3
26 33 3
27 35 4
27 28 2
27 28 2
28 35 2
29 30 3
29 36 6
29 37 4
29 38 3
31 32 4
33 34 2
33 34 6
35 40 3
35 41 3
35 39 2
36 42 3
36 37 7
36 37 2
36 38 5
36 38 3
37 42 4
37 38 2
37 38 1
38 42 2
39 40 3
39 40 5
39 41 1
39 41 1
39 43 2
40 41 2
40 41 6
40 43 5
41 43 3
42 44 3
43 45 3
43 46 2
43 47 5
44 45 5
44 46 2
44 47 3
45 46 5
45 46 3
45 47 2
45 47 2
46 47 7
46 47 1
