39 81
1
1
1
1
1
1
1
1
1
1
1
1
1
1
1
1
1
1
1
1
1
1
1
1
1
1
1
1
1
1
1
1
1
1
1
1
2
1
4
0 1 2
0 2 4
0 3 5
1 2 2
1 3 3
1 4 6
1 5 2
2 3 6
2 3 1
2 5 3
3 5 3
4 5 4
4 6 6
4 7 4
6 8 3
6 9 2
6 10 5
6 7 2
7 12 2
7 11 5
8 9 5
8 9 3
8 10 2
8 10 2
8 14 5
9 10 7
9 10 1
9 14 2
10 14 3
11 16 4
11 17 2
11 12 3
12 13 3
13 18 5
13 19 2
14 15 3
15 20 3
15 23 2
16 17 2
16 17 2
16 25 4
17 25 2
18 25 4
18 19 3
18 22 2
19 26 3
19 27 3
20 23 5
20 21 3
21 22 3
22 25 6
23 24 4
23 38 8
24 28 5
24 29 2
24 38 8
26 27 6
26 27 2
26 30 3
27 30 5
28 32 5
28 33 3
28 29 3
29 34 2
29 35 3
29 36 5
29 36 6
30 31 5
31 34 2
31 35 3
32 33 2
32 33 2
32 37 5
33 37 3
34 35 1
34 35 1
34 36 3
34 36 4
35 36 2
35 36 3
36 36 1
