29 69
1
1
1
1
1
1
1
1
1
1
1
1
1
2
1
1
1
1
1
1
1
1
1
1
4
3
3
3
3
0 24 8
0 1 2
0 2 6
0 28 8
0 25 8
1 2 4
1 3 5
1 4 3
1 5 2
1 28 8
2 26 8
2 28 8
3 4 2
3 4 2
3 5 5
3 5 3
3 6 3
4 5 7
4 5 1
4 6 5
5 6 2
6 7 3
6 8 4
6 9 6
7 8 1
7 8 2
7 9 3
7 9 3
8 9 2
8 9 1
10 11 2
10 12 3
10 13 5
10 13 6
10 25 8
10 26 8
10 28 8
11 12 1
11 12 1
11 13 3
11 13 4
11 14 2
12 13 2
12 13 3
12 14 3
13 13 1
14 16 3
14 15 5
15 16 2
15 16 2
15 17 5
16 17 3
17 18 3
17 19 5
18 19 2
18 19 6
18 20 3
19 20 3
20 21 5
20 22 3
21 22 2
21 22 2
21 23 5
22 23 3
23 27 8
24 25 0
25 26 0
25 28 0
26 28 0
