27 70
1
1
1
1
1
1
1
2
1
1
1
1
1
1
1
1
1
1
1
1
1
1
1
1
1
2
4
0 1 3
0 2 6
0 26 8
1 2 3
1 5 2
1 6 3
1 7 5
1 7 6
1 26 8
2 26 8
2 3 3
3 4 5
4 8 4
4 9 2
5 10 2
5 6 1
5 6 1
5 7 3
5 7 4
6 10 3
6 7 2
6 7 3
7 7 1
8 9 6
8 9 2
8 11 3
9 11 3
10 12 6
10 13 4
10 14 3
11 16 3
11 15 5
12 13 2
12 13 7
12 14 3
12 14 5
13 14 1
13 14 2
15 16 2
15 16 2
15 17 5
16 17 3
17 18 3
17 19 2
17 20 5
18 19 3
18 19 5
18 20 2
18 20 2
18 21 5
19 20 1
19 20 7
19 21 2
20 21 3
21 22 2
21 23 3
21 24 3
22 24 1
22 24 1
22 25 2
22 25 4
22 23 5
22 23 3
23 24 6
23 24 2
23 25 5
23 25 1
24 25 3
24 25 3
25 25 6
