53 133
1
1
1
1
1
1
1
1
1
1
1
1
1
2
1
1
1
1
1
1
1
2
1
1
1
1
1
1
1
1
1
1
1
1
1
1
1
1
4
3
3
3
3
3
3
3
3
3
3
3
3
3
3
0 1 3
0 2 6
0 38 8
0 39 8
1 41 8
1 2 3
1 49 8
2 50 8
2 3 4
2 4 6
3 50 8
3 4 2
3 5 2
3 6 5
4 50 8
4 42 8
5 43 8
5 6 3
6 8 5
6 7 2
7 8 3
7 52 8
7 51 8
7 44 8
8 9 4
8 10 6
9 10 2
9 11 2
9 12 3
9 13 5
9 13 6
10 45 8
11 12 1
11 12 1
11 13 3
11 13 4
11 14 2
12 13 2
12 13 3
12 14 3
13 13 1
14 16 3
14 17 2
14 15 5
15 16 2
15 16 2
15 17 5
15 17 3
15 18 3
16 17 7
16 17 1
16 18 5
17 18 2
18 19 2
18 20 3
18 21 5
18 21 6
19 20 1
19 20 1
19 21 3
19 21 4
19 22 2
20 21 2
20 21 3
20 22 3
21 21 1
22 24 3
22 23 5
23 24 6
23 24 2
23 25 4
24 25 2
25 26 5
26 27 5
26 28 4
26 29 2
27 28 6
27 28 1
27 29 5
27 29 3
28 29 1
28 29 2
30 32 6
30 49 8
30 31 2
31 32 4
31 40 8
32 33 2
32 35 4
33 34 4
33 35 2
34 36 4
34 37 6
35 39 8
35 41 8
35 42 8
35 43 8
35 44 8
35 50 8
36 37 2
36 46 8
36 47 8
36 48 8
36 52 8
37 51 8
37 45 8
38 39 0
39 41 0
39 42 0
39 43 0
39 44 0
39 50 0
41 42 0
41 43 0
41 44 0
41 49 0
41 50 0
42 43 0
42 44 0
42 50 0
43 44 0
43 50 0
44 50 0
44 51 0
44 52 0
45 51 0
46 48 0
46 52 0
46 47 0
47 48 0
47 52 0
48 52 0
51 52 0
