31 124
1
1
1
1
1
1
1
1
1
1
1
1
1
1
1
1
1
1
2
1
1
1
1
4
3
3
3
3
3
3
3
0 24 8
0 1 5
1 2 5
2 3 2
2 4 3
2 5 3
2 30 8
3 4 5
3 5 1
3 5 1
3 6 3
3 7 2
3 8 3
3 9 4
3 28 8
3 30 8
4 5 6
4 8 2
4 10 4
4 11 3
4 12 2
4 13 5
4 27 8
4 30 8
5 6 4
5 7 3
5 8 2
5 9 5
5 28 8
5 30 8
6 7 2
6 7 1
6 8 6
6 9 1
6 11 1
6 14 4
6 15 2
6 28 8
7 8 5
7 9 2
7 11 3
7 14 2
7 15 4
7 28 8
8 9 7
8 10 2
8 11 1
8 12 4
8 13 3
8 27 8
8 28 8
9 10 1
9 12 2
9 13 3
9 14 2
9 15 1
9 16 4
9 26 8
9 28 8
10 11 1
10 12 1
10 12 6
10 13 2
10 13 1
10 14 3
10 15 2
10 16 5
10 26 8
10 27 8
11 12 5
11 13 2
11 14 5
11 15 1
11 27 8
12 13 1
12 13 7
12 14 4
12 15 3
12 16 6
12 26 8
12 27 8
13 14 5
13 15 4
13 16 7
13 26 8
13 27 8
14 15 6
14 15 1
14 16 2
14 26 8
15 16 3
15 26 8
16 17 2
16 18 3
16 18 4
16 26 8
17 25 8
17 18 5
17 18 6
17 29 8
17 23 8
18 18 1
19 20 2
19 21 4
19 22 6
19 29 8
20 24 8
20 21 2
20 22 4
21 22 2
21 26 8
21 27 8
21 28 8
21 30 8
22 25 8
23 25 0
23 29 0
25 29 0
26 27 0
26 28 0
26 30 0
27 28 0
27 30 0
28 30 0
