26 68
1
1
1
1
1
1
1
1
1
1
1
1
2
1
1
1
1
1
1
1
2
1
1
1
1
4
0 1 2
0 2 4
1 2 2
1 2 2
1 3 3
2 3 5
3 4 3
3 5 5
3 6 7
4 5 2
4 5 2
4 6 4
4 7 3
5 6 2
5 7 5
6 8 3
6 9 4
7 10 2
7 11 3
7 12 5
7 12 6
8 9 2
8 9 1
8 25 8
9 25 8
10 11 1
10 11 1
10 12 3
10 12 4
10 13 2
11 12 2
11 12 3
11 13 3
12 12 1
13 16 2
13 14 5
13 15 3
14 16 3
14 16 5
14 17 3
14 15 2
14 15 2
15 16 1
15 16 7
15 17 5
16 17 2
17 18 2
17 19 3
17 20 5
17 20 6
18 19 1
18 19 1
18 20 3
18 20 4
18 21 2
19 20 2
19 20 3
19 21 3
20 20 1
21 24 3
21 22 6
21 23 4
22 24 3
22 24 5
22 23 2
22 23 7
23 24 1
23 24 2
