67 143
1
1
1
1
2
1
1
1
1
1
1
1
1
1
1
1
1
1
1
1
1
1
1
1
1
1
1
1
1
1
1
1
2
1
1
1
1
1
1
1
1
1
1
1
1
2
1
1
1
1
1
1
1
1
2
1
1
1
1
1
1
1
1
1
1
1
4
0 1 2
0 2 4
0 66 8
1 2 2
2 3 2
2 4 5
2 4 6
3 4 3
3 4 4
3 5 2
3 6 4
4 4 1
5 8 2
5 6 2
5 7 6
7 8 4
7 9 5
7 10 3
8 11 3
8 12 5
9 10 2
11 12 2
11 12 2
11 13 3
12 13 5
13 14 2
13 15 4
14 16 3
14 15 2
14 15 2
15 16 5
16 17 3
17 18 5
18 19 4
18 20 2
19 20 2
19 20 2
19 21 3
20 21 5
21 22 6
22 24 3
22 25 3
22 23 2
23 24 5
23 24 3
23 25 1
23 25 1
23 26 2
24 25 6
24 25 2
24 26 5
25 26 3
26 27 3
26 28 2
26 29 5
27 28 3
27 28 5
27 29 2
27 29 2
27 30 5
28 29 1
28 29 7
28 30 2
29 30 3
30 32 3
30 31 2
31 32 5
31 32 2
31 33 4
32 33 6
33 34 3
33 35 2
33 36 5
34 35 3
34 35 5
34 36 2
34 36 2
34 37 5
35 36 1
35 36 7
35 37 2
36 37 3
37 38 2
37 39 3
37 40 3
38 40 1
38 40 1
38 41 2
38 39 3
38 39 5
39 40 2
39 40 6
39 41 5
40 41 3
41 42 2
41 43 2
42 43 4
43 44 5
44 45 3
44 46 6
45 46 3
45 46 2
45 47 2
46 47 4
47 48 3
47 49 3
48 49 2
48 49 6
48 50 3
49 50 5
50 51 3
50 52 3
51 52 6
51 52 2
51 53 3
52 53 5
53 54 3
53 55 6
54 56 2
54 55 2
54 55 3
55 56 4
56 57 3
56 58 3
57 58 2
57 58 6
57 59 3
58 59 5
59 60 3
59 61 3
60 61 2
60 61 6
60 62 3
61 62 5
62 64 4
62 65 5
62 63 2
63 64 2
63 64 1
63 65 3
63 65 5
64 65 1
64 65 6
