44 87
1
1
1
1
1
1
1
1
1
1
1
1
1
1
1
1
1
1
1
1
1
1
1
1
1
1
1
1
1
1
1
1
1
1
1
1
1
1
1
1
1
1
1
4
0 1 4
0 2 6
1 2 2
1 3 2
1 4 4
1 5 6
2 5 2
2 6 4
3 8 5
3 4 2
3 5 4
3 7 2
4 10 5
4 5 2
4 9 3
5 6 2
6 11 2
6 12 3
7 8 3
8 13 2
8 14 4
9 10 2
9 13 2
9 14 4
10 16 6
10 15 4
11 17 3
11 18 5
11 12 5
12 19 3
12 20 5
13 14 2
13 14 2
15 16 2
15 21 3
15 22 5
16 24 2
16 25 4
17 26 3
17 27 6
17 18 2
18 19 2
18 28 4
19 28 2
19 20 2
20 28 2
20 29 3
21 22 2
22 23 5
23 32 5
23 30 4
23 31 2
24 25 2
24 25 2
24 33 2
25 33 4
26 27 3
27 34 2
28 29 5
29 43 8
30 32 1
30 35 4
30 36 3
30 31 1
30 31 2
31 32 3
31 35 3
31 36 2
32 35 1
32 36 3
32 37 5
33 38 3
33 39 5
35 36 2
35 36 1
35 37 4
36 37 2
37 40 3
37 41 5
38 42 3
38 39 2
38 39 2
39 42 5
40 41 6
40 41 2
40 42 3
41 42 3
