50 144
1
2
1
1
1
1
1
1
1
1
1
1
2
1
1
1
1
1
1
1
1
1
1
2
1
1
1
1
1
1
1
1
2
1
1
1
2
1
1
1
1
1
1
1
1
1
2
1
1
4
0 1 3
0 2 6
1 2 2
1 2 3
1 3 2
2 3 4
3 4 3
3 5 3
4 5 2
4 5 6
4 6 3
5 6 5
6 8 5
6 7 3
7 8 2
7 9 3
7 10 6
8 20 2
8 12 3
8 12 5
8 13 2
9 16 2
9 10 3
9 15 3
9 14 5
10 11 4
11 17 2
11 19 3
11 18 4
12 20 5
12 20 7
12 12 2
12 13 5
12 13 7
13 20 0
13 20 0
13 21 4
14 16 5
14 16 3
14 22 3
14 15 2
14 15 2
15 16 7
15 16 1
15 22 5
16 22 2
17 19 5
17 19 3
17 18 2
17 18 1
17 23 2
17 23 3
18 19 7
18 19 2
18 23 3
18 23 4
19 23 5
19 23 6
20 21 4
21 24 2
21 25 3
21 26 3
22 27 5
22 28 3
22 29 2
23 23 1
24 25 5
24 25 3
24 26 1
24 26 1
24 30 2
25 26 6
25 26 2
25 30 5
26 30 3
27 28 2
27 28 2
27 29 5
27 29 3
27 31 3
28 29 7
28 29 1
28 31 5
29 31 2
30 32 3
30 32 5
30 33 2
30 37 2
31 34 2
31 35 3
31 36 5
31 36 6
32 32 2
32 33 5
32 33 7
32 37 5
32 37 7
33 38 4
33 37 0
33 37 0
34 39 2
34 35 1
34 35 1
34 36 3
34 36 4
35 39 3
35 36 2
35 36 3
36 36 1
37 38 4
38 40 2
38 41 3
38 42 3
39 43 5
39 44 3
39 45 2
40 41 3
40 41 5
40 42 1
40 42 1
40 46 2
40 46 4
40 49 8
41 49 8
41 42 2
41 42 6
41 46 5
41 46 1
42 46 3
42 46 3
42 49 8
43 47 3
43 44 2
43 44 2
43 45 3
43 45 5
44 47 5
44 45 1
44 45 7
45 47 2
46 46 6
46 49 8
46 49 8
47 48 5
