35 61
1
1
1
1
1
1
2
1
1
1
1
1
1
1
1
1
1
1
1
1
1
1
1
1
1
1
1
1
1
1
1
1
1
1
4
0 1 3
1 2 2
1 3 4
2 34 8
2 3 2
2 3 2
2 4 3
3 4 5
3 34 8
4 34 8
4 5 2
4 6 5
4 6 6
5 8 3
5 6 3
5 6 4
5 7 6
6 6 1
7 8 3
8 9 5
9 10 5
10 11 2
10 12 4
11 12 2
11 12 2
11 13 3
12 13 5
13 14 3
13 15 5
14 16 3
14 15 2
14 15 2
15 16 5
16 17 2
16 18 2
17 18 4
18 19 2
18 21 2
18 25 4
19 25 6
19 20 5
19 21 4
20 28 3
20 29 3
21 25 2
21 22 3
22 23 5
23 24 5
24 31 4
24 30 2
25 26 3
26 27 3
27 32 3
27 29 5
28 32 2
28 29 6
29 32 2
30 33 3
30 31 2
30 31 2
31 33 5
