31 69
1
1
1
1
1
1
1
1
1
1
1
1
1
1
1
1
1
1
1
1
1
1
1
1
1
2
1
1
1
1
4
0 1 3
0 2 5
0 30 8
1 2 2
1 3 5
1 4 3
1 5 2
2 8 4
2 9 6
2 6 2
3 10 3
3 4 2
3 4 2
3 5 3
3 5 5
4 10 5
4 5 1
4 5 7
5 10 2
6 8 2
6 9 4
6 7 3
7 11 4
7 12 2
8 9 2
8 13 2
8 14 5
8 15 6
9 16 3
9 17 3
11 18 3
11 12 2
11 12 2
12 18 5
13 19 5
13 20 3
13 14 3
13 15 4
14 21 2
14 15 2
14 15 1
15 21 4
16 17 2
16 17 6
16 22 3
17 22 5
18 19 5
18 20 3
19 20 2
19 20 2
21 24 2
21 25 3
22 23 3
23 26 5
23 27 3
23 28 2
24 25 2
24 25 5
24 29 4
25 29 6
26 27 2
26 27 2
26 28 5
26 28 3
26 29 3
27 28 7
27 28 1
27 29 5
28 29 2
