58 125
1
1
1
1
1
1
1
1
1
1
1
1
1
1
1
1
1
2
1
1
1
1
1
1
1
1
1
1
1
1
1
1
1
1
1
1
1
1
1
1
1
1
1
1
1
1
2
1
1
1
1
1
1
1
1
1
1
4
0 1 5
0 2 3
0 3 2
0 57 8
1 2 2
1 2 2
1 3 5
1 3 3
1 4 3
2 3 7
2 3 1
2 4 5
3 4 2
4 5 2
4 6 5
5 8 6
5 12 3
5 6 3
6 7 3
8 9 5
8 12 3
9 10 4
10 11 5
11 13 3
11 14 5
12 16 3
12 17 5
12 17 6
12 15 2
13 18 3
13 20 6
13 14 2
14 22 5
14 21 3
15 16 1
15 16 1
15 17 3
15 17 4
15 23 2
16 17 2
16 17 3
16 23 3
17 17 1
18 19 5
18 20 3
19 24 2
19 25 4
20 26 3
20 27 5
21 28 4
21 22 2
21 22 2
22 28 2
23 29 5
23 30 3
23 31 2
24 32 3
24 25 2
24 25 2
25 32 5
26 34 3
26 27 2
26 27 2
27 34 5
28 35 3
28 36 5
29 37 3
29 30 2
29 30 2
29 31 5
29 31 3
30 37 5
30 31 7
30 31 1
31 37 2
32 33 5
33 38 3
33 39 6
34 41 2
34 42 2
35 43 4
35 36 2
35 36 2
36 43 2
37 44 2
37 45 3
37 46 5
37 46 6
38 39 3
39 40 3
40 48 3
40 47 5
41 42 4
42 49 3
42 50 5
43 51 3
43 52 2
43 53 5
44 54 2
44 46 3
44 46 4
44 45 1
44 45 1
45 54 3
45 46 2
45 46 3
46 46 1
47 48 2
47 48 2
47 55 5
48 55 3
49 56 3
49 50 2
49 50 2
50 56 5
51 52 3
51 52 5
51 53 2
51 53 2
51 54 5
52 53 1
52 53 7
52 54 2
53 54 3
55 56 3
