38 77
1
1
1
1
1
1
1
1
1
1
1
1
1
1
1
1
1
1
1
1
1
1
1
1
1
1
1
1
1
2
1
1
1
1
1
1
2
4
0 1 3
0 37 8
1 2 2
1 3 4
1 37 8
2 3 2
2 4 5
2 5 2
3 6 4
3 7 6
4 10 4
4 12 2
4 5 3
5 14 2
5 15 4
6 16 3
6 9 2
6 7 2
7 8 4
8 9 3
9 16 5
10 12 2
10 11 3
12 13 3
13 14 5
14 15 2
15 17 2
15 19 4
16 22 6
16 20 2
16 21 5
17 18 4
17 19 2
19 20 2
19 23 2
20 21 3
20 22 4
20 23 4
21 22 2
21 22 1
23 24 3
23 25 5
24 25 2
24 25 2
24 26 3
25 26 5
26 27 5
27 28 3
28 29 3
28 29 5
28 30 2
28 31 2
29 29 2
29 30 5
29 30 7
29 31 5
29 31 7
30 32 4
30 31 0
30 31 0
31 32 4
32 33 2
32 34 3
32 35 3
33 34 3
33 34 5
33 35 1
33 35 1
33 36 2
33 36 4
34 35 2
34 35 6
34 36 5
34 36 1
35 36 3
35 36 3
36 36 6
