58 112
1
1
1
1
1
1
1
1
1
1
1
1
1
1
1
1
1
1
1
1
1
1
1
1
1
1
1
1
1
1
1
1
1
1
1
1
1
1
1
1
2
1
1
1
1
1
1
1
1
1
1
1
1
2
1
1
1
4
0 1 3
0 2 3
1 57 8
1 2 6
1 2 2
1 3 3
2 3 5
2 57 8
3 8 5
3 4 2
3 57 8
4 8 3
4 5 3
5 6 5
6 7 3
8 9 2
8 10 4
9 10 2
9 11 3
9 12 5
10 14 2
10 15 4
11 16 4
11 12 2
11 17 2
12 13 4
13 18 3
13 19 5
14 20 4
14 15 2
14 15 6
15 20 2
16 17 2
16 21 6
16 22 3
17 24 5
17 25 3
17 26 2
18 27 3
18 19 2
18 19 6
19 27 3
20 28 3
20 29 5
21 30 2
21 22 3
21 31 2
22 23 5
24 26 3
24 26 5
24 34 3
24 25 2
24 25 2
25 26 1
25 26 7
25 34 5
26 34 2
27 28 3
27 29 5
28 29 2
28 29 2
30 35 5
30 36 3
30 31 4
31 32 2
32 33 3
33 37 5
33 38 3
33 39 2
34 41 6
34 40 3
35 42 5
35 36 2
35 36 2
36 42 3
37 43 3
37 38 2
37 38 2
37 39 3
37 39 5
38 43 5
38 39 1
38 39 7
39 43 2
40 41 2
40 41 3
40 44 2
41 44 4
42 45 2
42 46 2
43 48 6
43 47 3
44 50 3
44 49 3
45 51 4
45 52 2
45 46 4
47 48 3
48 53 3
48 54 6
49 50 2
49 50 6
49 55 3
50 55 5
51 56 3
51 52 2
51 52 6
52 56 3
53 56 2
53 54 3
53 54 2
54 56 4
