72 147
1
1
1
1
1
1
1
1
1
1
1
1
1
1
2
1
1
1
1
1
1
1
1
1
1
1
1
1
1
1
1
1
1
1
1
1
1
1
1
1
1
1
1
1
1
1
1
1
1
1
1
1
1
1
1
1
1
1
4
3
3
3
3
3
3
3
3
3
3
3
3
3
0 1 2
0 2 3
0 59 8
1 2 5
1 4 3
1 5 6
2 3 3
3 6 3
3 7 3
4 8 5
4 9 3
4 5 3
5 60 8
6 10 2
6 7 6
6 7 2
7 10 4
8 9 2
8 9 6
8 12 4
9 12 2
10 11 2
11 14 3
11 15 6
12 13 3
13 16 5
13 17 3
14 18 2
14 15 2
14 15 3
15 18 4
16 17 2
16 17 2
16 19 5
17 19 3
18 20 2
18 22 3
19 30 2
19 24 2
19 23 4
20 21 3
20 22 5
21 65 8
21 66 8
21 67 8
21 69 8
21 70 8
22 58 8
22 63 8
23 24 2
23 61 8
23 30 6
24 25 4
24 30 4
25 26 3
26 27 3
27 28 3
28 29 3
29 64 8
29 68 8
29 71 8
30 62 8
31 32 2
31 65 8
31 37 5
31 63 8
32 33 3
32 37 3
33 34 5
34 35 3
35 36 3
36 38 6
36 39 3
37 41 3
37 42 5
37 43 2
38 70 8
38 39 3
39 40 5
40 44 4
40 45 2
41 42 2
41 42 1
41 43 5
41 43 3
41 46 3
42 43 7
42 43 2
42 46 4
43 46 6
44 45 2
44 45 2
44 47 4
44 59 8
44 60 8
44 61 8
44 62 8
45 47 2
45 59 8
45 60 8
45 61 8
45 62 8
46 67 8
47 48 3
47 59 8
47 60 8
47 61 8
47 62 8
48 49 3
49 50 5
50 51 3
51 64 8
51 52 2
51 53 4
52 64 8
52 53 2
52 53 6
52 54 3
53 64 8
53 54 3
54 57 6
54 55 4
55 56 4
55 57 2
56 71 8
57 68 8
58 63 0
59 60 0
59 61 0
59 62 0
60 61 0
60 62 0
61 62 0
63 65 0
64 68 0
64 71 0
65 66 0
65 67 0
65 69 0
65 70 0
66 67 0
66 69 0
66 70 0
67 69 0
67 70 0
68 71 0
69 70 0
