26 71
1
1
1
1
1
1
1
1
1
1
2
1
1
1
2
1
1
1
1
1
1
2
4
3
3
3
0 1 3
0 2 3
0 23 8
1 2 2
1 2 6
1 3 3
2 3 5
3 4 3
3 5 5
4 25 8
4 5 2
4 5 2
4 6 3
5 25 8
5 6 5
6 7 2
6 8 3
6 9 3
6 25 8
7 8 5
7 8 3
7 9 1
7 9 1
7 10 2
7 10 4
7 22 8
8 9 6
8 9 2
8 10 5
8 10 1
8 22 8
9 10 3
9 10 3
9 22 8
10 10 6
10 22 8
10 22 8
11 25 8
11 12 5
11 23 8
12 13 3
13 16 2
13 14 3
13 14 5
13 15 2
14 16 5
14 16 7
14 14 2
14 15 5
14 15 7
15 16 0
15 16 0
15 17 4
16 17 4
17 18 2
17 19 3
17 20 3
18 19 5
18 19 3
18 20 1
18 20 1
18 21 2
18 21 4
19 20 6
19 20 2
19 21 5
19 21 1
20 21 3
20 21 3
21 21 6
23 25 0
