35 84
1
1
1
1
1
2
1
1
1
1
1
1
1
1
1
1
1
1
2
1
1
1
1
1
1
4
3
3
3
3
3
3
3
3
3
0 1 3
0 2 2
0 26 8
1 2 5
1 3 2
1 4 3
1 5 5
1 5 6
2 6 3
2 7 6
3 8 2
3 4 1
3 4 1
3 5 3
3 5 4
4 8 3
4 5 2
4 5 3
5 5 1
6 27 8
6 7 3
7 9 3
7 10 3
7 25 8
8 11 5
8 12 3
9 25 8
9 10 6
9 10 2
9 13 3
10 25 8
10 13 5
11 12 6
11 12 2
11 14 4
12 14 2
13 16 6
13 15 3
14 17 6
14 18 5
14 18 3
14 33 8
15 16 3
15 31 8
16 19 2
16 20 2
17 33 8
17 18 1
17 18 3
17 28 8
18 18 2
18 33 8
18 33 8
19 20 4
19 29 8
20 32 8
20 34 8
21 33 8
21 28 8
21 30 8
21 22 3
22 24 2
22 23 2
23 32 8
23 24 4
23 26 8
23 27 8
23 29 8
23 31 8
24 34 8
26 32 0
26 27 0
26 29 0
26 31 0
27 32 0
27 29 0
27 31 0
28 30 0
28 33 0
29 32 0
29 31 0
30 33 0
31 32 0
32 34 0
