32 63
1
1
1
1
1
1
1
1
1
1
1
1
1
1
1
1
1
1
1
1
1
1
1
1
1
1
1
4
3
3
3
3
0 1 3
0 2 5
0 28 8
0 30 8
1 2 2
1 2 2
1 3 3
1 30 8
2 3 5
2 30 8
3 4 2
3 5 4
4 5 2
4 5 2
4 6 2
5 6 4
6 8 5
6 7 3
7 8 2
7 8 2
7 9 3
8 9 5
9 10 2
9 11 4
10 11 2
10 11 2
10 12 3
11 12 5
12 13 5
13 14 3
13 15 5
14 16 3
14 15 2
14 15 2
15 16 5
16 17 2
16 18 4
16 27 8
17 27 8
17 18 2
17 18 2
17 19 2
18 19 4
18 27 8
19 29 8
19 31 8
20 28 8
20 21 5
20 30 8
21 22 5
22 23 3
23 24 2
23 25 4
24 25 2
24 25 2
24 26 2
24 29 8
25 26 4
25 29 8
26 29 8
26 31 8
28 30 0
29 31 0
