38 66
1
1
1
1
1
1
1
2
1
1
1
1
1
1
1
1
1
1
1
1
1
1
1
1
1
1
1
1
1
1
1
1
1
1
1
1
1
4
0 1 3
0 4 3
1 2 3
1 4 6
2 3 3
3 5 2
3 6 3
3 7 5
3 7 6
4 8 3
4 9 3
5 10 2
5 6 1
5 6 1
5 7 3
5 7 4
6 10 3
6 7 2
6 7 3
7 7 1
8 9 6
8 9 2
8 11 3
8 37 8
9 11 5
9 37 8
10 16 2
10 14 5
10 15 3
11 12 3
11 37 8
12 13 5
13 17 4
13 18 6
14 16 5
14 16 3
14 19 3
14 15 2
14 15 2
15 16 7
15 16 1
15 19 5
16 19 2
17 18 2
17 29 4
17 23 2
18 32 2
18 33 3
19 20 5
20 21 4
21 22 5
22 34 5
22 28 2
23 24 5
23 29 2
24 25 5
25 26 4
26 27 3
27 28 3
28 34 3
29 30 5
30 31 5
32 33 5
33 35 2
33 36 4
35 36 2
