70 161
1
1
1
1
1
1
1
1
1
1
1
1
2
1
1
1
1
1
1
1
1
1
1
1
1
1
1
1
1
1
1
1
1
1
1
1
1
1
1
1
1
1
1
1
1
1
1
1
1
1
1
1
1
1
1
1
1
1
1
1
1
1
1
1
1
1
1
1
1
4
0 1 3
0 2 5
1 2 2
1 2 2
1 3 3
1 4 4
2 3 5
2 4 6
3 4 2
3 4 1
3 5 2
4 5 4
5 6 2
5 7 4
6 8 2
6 7 2
7 9 2
7 10 3
7 11 5
8 12 2
8 12 4
8 13 2
9 10 2
9 10 1
9 11 3
9 11 3
10 11 1
10 11 2
12 12 6
12 13 4
12 13 2
13 14 2
13 15 3
14 16 2
14 17 4
14 15 5
16 17 1
16 17 6
16 18 4
16 19 2
17 18 3
17 19 3
18 19 6
18 20 3
18 21 4
18 22 2
19 23 3
19 24 2
19 25 2
20 26 4
20 21 6
20 21 1
20 22 5
21 26 2
21 22 6
22 25 2
22 27 2
22 28 3
23 24 1
23 24 2
23 25 5
24 25 4
25 27 4
25 28 5
26 29 2
26 30 4
27 28 2
27 28 1
27 31 2
28 31 4
29 32 4
29 33 2
29 30 1
29 30 6
30 32 3
30 33 3
31 35 4
31 34 2
32 33 6
32 36 4
32 37 2
33 34 2
33 35 3
33 38 2
34 35 2
34 35 1
34 38 4
35 38 5
36 40 4
36 37 6
36 39 2
37 38 2
37 39 2
38 39 4
39 40 6
40 41 3
40 42 5
41 42 2
41 42 2
41 43 4
42 43 6
43 44 3
43 45 5
44 45 2
44 45 2
44 46 3
44 47 4
45 46 5
45 47 6
46 48 2
46 47 2
46 47 1
47 48 4
48 49 2
48 50 4
49 50 2
49 51 6
50 51 2
50 52 5
50 53 6
51 52 3
51 53 4
52 53 1
52 53 2
52 54 2
53 54 4
54 56 4
54 55 2
55 56 2
55 57 6
56 57 2
56 58 5
56 59 6
57 58 3
57 59 4
58 59 2
58 59 1
58 60 2
59 60 4
60 61 2
60 62 4
60 69 8
61 69 8
61 62 2
61 63 6
62 64 3
62 65 5
62 69 8
63 66 1
63 67 3
63 68 5
64 65 1
64 65 2
64 66 4
64 68 5
65 66 5
65 68 6
66 67 4
66 68 6
66 68 1
67 68 2
