34 75
1
1
1
1
1
1
1
1
2
1
1
1
1
1
1
2
1
1
1
1
1
1
1
1
1
1
1
2
1
1
1
1
1
4
0 1 3
0 2 5
1 2 2
1 2 2
1 3 3
2 3 5
3 4 3
3 5 3
4 5 2
4 5 6
4 6 3
5 6 5
6 8 3
6 7 2
7 8 5
7 8 2
7 9 4
8 9 6
9 10 3
9 11 2
9 12 5
10 11 5
10 11 3
10 12 2
10 12 2
10 13 5
11 12 7
11 12 1
11 13 2
12 13 3
13 14 2
13 15 3
14 16 4
14 15 5
14 15 2
15 16 6
16 17 3
16 18 2
16 19 5
17 18 5
17 18 3
17 19 2
17 19 2
17 20 5
18 19 7
18 19 1
18 20 2
19 20 3
20 21 3
20 22 3
21 22 2
21 22 6
21 23 3
22 23 5
23 24 3
23 25 5
24 25 2
24 25 2
24 26 3
25 26 5
26 27 3
26 28 6
27 28 3
27 28 2
27 29 2
28 29 4
29 30 3
29 31 3
30 32 3
30 33 8
30 31 6
30 31 2
31 32 5
31 33 8
32 33 8
