26 62
1
1
1
1
2
1
1
1
1
1
1
1
1
1
1
1
1
1
2
1
1
1
1
1
1
4
0 1 3
0 2 3
1 2 6
1 2 2
1 3 3
2 3 5
3 4 3
3 5 6
4 5 3
4 5 2
4 6 2
5 6 4
6 7 3
7 8 4
8 9 2
8 10 3
8 11 3
9 10 3
9 10 5
9 11 1
9 11 1
9 12 2
10 11 2
10 11 6
10 12 5
11 12 3
12 13 3
12 14 2
12 15 5
13 16 5
13 14 3
13 14 5
13 15 2
13 15 2
14 16 2
14 15 1
14 15 7
15 16 3
16 17 2
16 18 2
16 18 4
17 18 4
17 18 6
17 19 3
17 20 2
17 21 5
18 18 2
19 20 3
19 20 5
19 21 2
19 21 2
19 22 5
20 21 1
20 21 7
20 22 2
21 22 3
22 23 3
22 24 5
22 25 8
23 24 2
23 25 8
24 25 8
