45 86
1
1
1
1
1
1
1
1
2
1
1
1
1
1
2
1
1
1
1
1
1
1
1
1
1
1
1
1
1
1
1
1
1
1
1
1
1
1
1
4
3
3
3
3
3
0 40 8
0 1 2
0 2 6
1 2 4
1 3 5
1 4 2
2 5 2
2 6 6
2 39 8
3 8 5
3 8 3
3 4 3
4 9 3
4 5 2
5 9 5
5 6 4
5 39 8
6 39 8
6 7 3
7 9 6
7 10 4
8 8 2
9 10 2
10 44 8
10 41 8
11 42 8
11 12 2
11 13 3
12 13 5
12 14 2
12 14 4
13 16 5
13 15 2
14 14 6
15 16 3
15 43 8
16 17 3
18 40 8
18 41 8
18 19 2
18 20 4
18 21 6
19 20 6
19 20 2
19 21 4
19 22 3
20 21 2
20 22 3
21 24 3
21 23 2
22 25 3
22 26 6
23 24 5
23 26 5
23 27 2
24 42 8
24 43 8
24 44 8
25 26 3
25 28 5
25 31 3
26 27 3
27 33 2
27 34 4
28 29 3
28 31 2
29 30 5
30 35 3
30 36 3
31 32 4
32 37 2
32 38 6
33 34 2
33 34 2
33 38 4
34 38 2
35 36 2
35 36 6
35 37 3
36 37 5
37 38 4
40 41 0
41 44 0
42 43 0
42 44 0
43 44 0
