89 184
1
1
1
1
1
1
1
1
1
1
1
1
1
1
2
1
1
1
1
1
1
1
1
1
1
1
1
1
1
1
2
1
1
1
1
1
1
1
1
1
1
1
1
1
1
1
1
1
1
1
1
1
1
1
1
1
1
1
1
1
1
1
1
1
2
1
1
1
1
1
1
1
1
1
1
1
1
1
1
1
4
3
3
3
3
3
3
3
3
0 1 2
0 2 5
0 81 8
1 2 3
1 3 4
1 5 2
2 6 4
2 7 6
3 4 4
3 5 2
4 8 2
4 9 4
5 11 5
5 10 2
6 80 8
6 12 4
6 7 2
6 7 2
7 80 8
7 12 6
8 9 2
8 13 2
8 14 5
8 14 6
9 10 3
9 15 3
10 11 3
10 15 6
11 16 3
11 17 3
12 16 3
12 80 8
12 18 6
13 83 8
13 84 8
13 85 8
13 14 3
13 14 4
14 14 1
15 19 2
15 20 4
16 17 6
16 18 3
17 82 8
18 21 3
18 86 8
18 87 8
19 20 2
19 20 2
19 21 4
20 21 6
21 86 8
21 87 8
22 24 5
22 84 8
22 23 2
23 24 3
23 25 3
23 26 6
24 26 3
24 27 6
25 26 3
25 28 2
25 30 5
25 30 6
26 27 3
27 32 2
27 31 3
28 29 4
28 30 3
28 30 4
29 33 2
29 34 2
30 30 1
31 32 5
31 35 2
31 36 4
32 83 8
33 34 4
33 35 2
34 38 6
34 37 3
35 36 2
36 40 6
36 39 4
37 41 3
37 42 5
37 38 3
38 43 2
38 39 4
39 40 2
39 43 2
40 44 2
40 46 3
41 42 2
41 42 2
41 47 5
42 47 3
43 48 6
43 47 3
44 45 3
44 46 5
45 48 5
45 49 3
45 50 1
46 88 8
46 85 8
47 48 3
48 49 2
48 50 4
49 50 1
49 50 2
51 52 4
51 53 2
51 86 8
52 56 2
52 53 2
52 54 6
52 55 4
53 56 2
53 57 4
54 56 4
54 58 4
54 59 2
54 55 2
55 56 2
55 59 6
55 60 4
56 57 2
57 61 2
57 62 4
58 59 2
58 60 6
58 63 3
59 60 2
60 63 3
61 64 6
61 64 4
61 62 2
62 66 2
62 65 5
63 67 5
64 64 2
65 66 3
65 68 3
66 69 4
66 70 2
67 72 4
67 73 2
67 71 5
68 74 6
68 75 2
69 76 5
69 70 2
69 70 2
70 76 3
71 72 1
71 73 3
71 74 3
71 77 5
71 78 7
72 73 2
72 73 1
72 77 3
72 78 4
73 77 2
73 78 3
74 75 4
74 77 2
74 78 4
75 76 4
75 79 2
76 79 2
77 78 1
77 78 2
79 88 8
81 82 0
81 87 0
82 87 0
83 84 0
83 85 0
84 85 0
85 88 0
86 87 0
