45 76
1
1
1
1
1
1
1
1
1
1
1
1
1
1
1
1
1
1
1
1
1
1
1
1
1
1
1
1
1
1
1
1
1
1
1
1
2
1
1
1
1
1
1
1
4
0 1 2
0 2 4
1 2 2
2 3 3
2 4 3
3 4 6
3 4 2
3 5 2
4 5 4
5 6 3
5 7 3
6 8 3
6 7 2
6 7 6
7 8 5
8 9 3
8 10 5
9 10 2
9 11 2
9 12 4
11 12 2
12 13 2
12 14 4
13 20 5
13 19 3
13 14 2
14 44 8
14 15 3
15 16 3
15 44 8
16 17 3
17 18 3
18 21 4
18 22 2
19 24 5
19 25 6
19 20 2
19 23 2
20 24 5
20 25 3
21 27 2
21 26 5
21 22 2
22 30 5
22 29 3
23 24 3
23 25 4
24 25 1
24 25 2
26 27 3
27 28 4
29 32 6
29 30 2
29 31 3
30 32 2
30 33 6
31 32 3
32 33 4
33 34 2
33 35 4
34 35 2
34 36 3
34 37 6
36 37 3
36 37 2
36 38 2
37 38 4
38 40 3
38 39 3
39 40 2
39 40 6
39 41 3
40 41 5
41 42 3
41 43 5
42 43 2
