33 78
1
1
1
1
1
1
1
1
2
1
1
1
1
1
1
2
1
1
1
1
1
1
1
1
1
1
1
4
3
3
3
3
3
0 1 3
0 2 4
0 3 6
0 28 8
1 2 7
1 2 1
1 3 3
1 4 3
1 5 5
2 3 2
2 4 4
2 5 2
3 27 8
3 29 8
4 5 2
4 5 2
4 6 3
5 6 5
6 8 4
6 8 6
6 7 2
7 8 2
7 8 4
7 9 5
7 10 3
7 11 2
8 8 2
9 10 2
9 10 2
9 11 3
9 11 5
9 12 3
10 11 1
10 11 7
10 12 5
11 12 2
12 32 8
12 13 2
12 15 4
12 15 6
13 32 8
13 14 3
13 15 2
13 15 4
14 16 5
14 17 3
15 32 8
15 32 8
15 15 2
16 17 2
16 17 6
16 18 4
16 31 8
17 18 2
17 31 8
18 30 8
18 31 8
19 28 8
19 20 5
19 30 8
19 31 8
20 21 3
21 22 4
22 23 3
23 24 3
23 25 3
23 29 8
24 25 6
24 25 2
24 26 3
24 29 8
25 26 5
25 29 8
26 32 8
27 29 0
28 30 0
28 31 0
30 31 0
