37 79
1
1
1
2
1
1
1
1
1
1
1
1
1
1
1
1
1
2
1
1
1
1
1
1
1
1
1
1
1
1
4
3
3
3
3
3
3
0 1 2
0 2 3
0 3 5
0 3 6
0 30 8
0 31 8
1 2 1
1 2 1
1 3 3
1 3 4
1 4 2
2 3 2
2 3 3
2 4 3
3 3 1
4 5 4
4 6 2
5 6 2
5 6 2
5 7 3
6 7 5
7 8 2
7 9 4
8 9 6
8 9 2
8 10 3
9 10 3
10 11 2
10 12 4
11 12 6
11 12 2
11 13 3
12 13 3
13 14 3
13 15 5
14 32 8
14 15 2
15 16 2
15 17 5
15 17 6
16 17 3
16 17 4
16 33 8
17 17 1
18 32 8
18 33 8
18 19 2
18 20 6
18 35 8
19 36 8
19 20 4
20 21 5
21 22 3
21 23 3
22 24 3
22 23 6
22 23 2
23 24 5
24 25 2
25 26 3
25 27 2
25 28 5
26 27 5
26 27 3
26 28 2
26 28 2
26 29 5
27 28 7
27 28 1
27 29 2
28 29 3
29 34 8
29 31 8
30 31 0
31 34 0
32 33 0
32 35 0
33 35 0
35 36 0
