27 68
1
1
1
1
1
1
1
1
1
1
1
1
1
1
1
1
1
1
1
4
3
3
3
3
3
3
3
0 1 5
0 2 3
0 3 2
0 20 8
1 2 2
1 2 2
1 3 5
1 3 3
1 4 3
1 26 8
2 26 8
2 3 7
2 3 1
2 4 5
3 4 2
3 26 8
4 26 8
4 5 5
5 6 3
5 7 5
6 8 3
6 7 2
6 7 2
7 8 5
8 9 3
8 10 3
9 10 2
9 10 6
9 11 3
10 11 5
11 12 2
11 13 4
12 16 6
12 13 2
12 14 3
12 15 4
13 16 2
13 17 3
14 16 3
14 22 8
14 15 1
15 16 2
16 17 5
17 21 8
18 19 8
18 20 8
18 21 8
18 22 8
18 23 8
18 24 8
18 25 8
18 26 8
19 21 0
20 22 0
20 23 0
20 24 0
20 25 0
20 26 0
22 23 0
22 24 0
22 25 0
22 26 0
23 24 0
23 25 0
23 26 0
24 25 0
24 26 0
25 26 0
