37 92
1
1
1
1
1
1
1
1
1
2
1
1
1
2
1
1
1
1
1
1
1
1
1
1
1
1
1
1
1
1
4
3
3
3
3
3
3
0 1 2
0 2 5
0 31 8
1 2 3
1 3 5
1 4 3
1 5 2
2 30 8
2 32 8
3 4 2
3 4 2
3 5 3
3 5 5
3 6 3
4 5 1
4 5 7
4 6 5
5 6 2
6 7 2
6 8 3
6 9 5
6 9 6
7 8 1
7 8 1
7 9 3
7 9 4
7 10 2
8 9 2
8 9 3
8 10 3
9 9 1
10 11 2
10 12 3
10 13 5
10 13 6
11 12 1
11 12 1
11 13 3
11 13 4
11 14 2
12 13 2
12 13 3
12 14 3
13 13 1
14 15 4
15 16 3
15 17 6
16 17 3
16 33 8
17 18 3
17 19 3
18 19 2
18 19 6
18 20 2
19 20 4
20 21 3
20 22 5
21 22 2
21 22 2
21 23 3
22 23 5
23 24 2
23 25 4
23 36 8
24 25 2
24 25 2
24 26 3
24 36 8
25 26 5
25 36 8
26 27 2
26 28 3
27 35 8
27 28 5
28 34 8
29 32 8
29 33 8
29 34 8
29 35 8
29 36 8
29 31 8
30 32 0
31 33 0
31 34 0
31 35 0
31 36 0
33 34 0
33 35 0
33 36 0
34 35 0
34 36 0
35 36 0
