38 149
1
1
1
2
1
1
1
1
1
1
1
1
1
1
1
1
1
1
1
1
1
1
1
1
1
1
1
4
3
3
3
3
3
3
3
3
3
3
0 1 2
0 2 3
0 3 5
0 3 6
0 28 8
1 2 1
1 2 7
1 3 3
1 3 4
1 4 2
1 5 3
1 6 4
1 7 5
1 8 6
1 29 8
2 3 2
2 3 3
2 4 5
2 5 4
2 6 3
2 7 2
2 8 1
2 29 8
3 3 1
4 5 1
4 5 6
4 6 2
4 7 3
4 8 4
4 9 2
4 10 4
4 11 5
4 29 8
5 6 1
5 7 2
5 8 3
5 9 4
5 10 2
5 11 1
5 29 8
6 7 1
6 8 2
6 9 2
6 10 1
6 12 4
6 13 5
6 14 6
6 15 7
6 29 8
6 31 8
7 8 1
7 8 6
7 11 1
7 14 4
7 15 2
7 29 8
7 30 8
8 11 5
8 14 2
8 15 4
8 29 8
8 30 8
9 10 1
9 10 2
9 11 3
9 12 2
9 13 3
9 14 4
9 15 5
9 31 8
10 11 1
10 12 3
10 13 4
10 14 5
10 15 6
10 31 8
11 14 3
11 15 1
11 30 8
12 35 8
12 13 1
12 13 1
12 14 2
12 15 3
12 16 2
12 31 8
13 35 8
13 14 1
13 15 2
13 16 3
13 31 8
14 15 1
14 15 2
14 30 8
14 31 8
15 30 8
15 31 8
16 17 5
16 35 8
17 18 3
17 19 6
18 32 8
18 19 3
19 20 3
19 21 3
20 21 6
20 21 2
20 22 2
21 22 4
22 24 3
22 23 2
23 24 5
23 34 8
24 33 8
25 35 8
25 36 8
25 37 8
25 27 8
25 28 8
25 29 8
25 30 8
25 31 8
26 32 8
26 33 8
26 34 8
26 36 8
26 37 8
27 36 0
28 35 0
28 37 0
28 29 0
28 30 0
28 31 0
29 35 0
29 37 0
29 30 0
29 31 0
30 35 0
30 37 0
30 31 0
31 35 0
31 37 0
32 33 0
32 34 0
32 37 0
33 34 0
33 37 0
34 37 0
35 37 0
