40 80
1
1
1
1
1
1
1
1
1
1
1
1
1
1
1
1
1
1
1
1
1
1
1
1
1
1
1
1
1
4
3
3
3
3
3
3
3
3
3
3
0 1 2
0 2 3
0 30 8
1 2 5
1 3 3
1 4 5
1 37 8
1 29 8
2 31 8
3 37 8
3 4 2
3 4 2
3 5 3
3 29 8
4 37 8
4 5 5
4 29 8
5 6 3
6 7 3
7 8 2
7 9 4
8 9 2
8 10 2
8 11 5
8 12 6
9 11 5
9 12 3
10 32 8
10 11 3
10 12 4
11 12 1
11 12 2
13 35 8
13 14 5
14 15 6
15 16 3
15 17 5
16 17 2
16 17 2
16 18 3
17 18 5
18 19 3
18 20 3
19 20 2
19 20 6
19 21 3
19 39 8
20 21 5
20 39 8
21 22 5
21 39 8
22 24 3
22 23 3
23 24 6
23 24 2
23 25 3
24 25 5
25 26 5
26 36 8
27 35 8
27 37 8
27 30 8
27 31 8
28 32 8
28 33 8
28 34 8
28 36 8
28 38 8
28 39 8
29 37 0
30 37 0
30 31 0
31 37 0
32 33 0
32 34 0
32 38 0
33 34 0
33 38 0
34 38 0
36 39 0
