97 258
1
1
1
1
1
1
1
1
1
1
1
2
1
1
1
1
1
1
1
1
1
1
2
1
1
1
1
1
1
1
1
1
1
2
1
1
1
1
1
1
1
1
1
1
1
1
1
1
1
1
1
1
1
1
1
1
1
1
1
1
1
1
1
1
1
1
1
1
2
1
1
1
1
1
2
1
1
1
1
1
2
1
1
1
2
1
4
3
3
3
3
3
3
3
3
3
3
0 1 5
0 2 3
0 3 2
0 87 8
0 91 8
0 92 8
1 2 2
1 2 2
1 3 5
1 3 3
1 4 3
2 3 7
2 3 1
2 4 5
3 4 2
4 5 5
4 6 3
4 7 2
5 8 3
5 6 2
5 6 2
5 7 5
5 7 3
6 8 5
6 7 7
6 7 1
7 8 2
8 9 2
8 10 3
8 11 5
8 11 6
9 10 1
9 10 1
9 11 3
9 11 4
9 12 2
9 93 8
10 11 2
10 11 3
10 12 3
10 93 8
11 11 1
12 13 5
12 14 3
12 15 2
12 93 8
13 16 3
13 14 2
13 14 2
13 15 3
13 15 5
14 16 5
14 15 1
14 15 7
15 16 2
16 17 2
16 18 4
17 18 2
17 18 2
17 19 4
18 19 2
19 20 2
19 21 4
20 88 8
20 21 2
21 22 3
21 23 6
22 24 2
22 23 2
22 23 3
23 24 4
24 25 3
24 26 3
25 26 2
25 26 6
25 27 3
26 27 5
27 28 2
27 29 4
28 29 2
28 30 3
28 31 3
29 96 8
29 89 8
29 94 8
29 95 8
30 32 3
30 31 6
30 31 2
31 32 5
32 33 3
32 34 6
33 34 2
33 34 3
33 35 2
34 35 4
35 36 3
35 37 3
36 37 2
36 37 6
36 38 2
37 38 4
38 90 8
39 40 3
39 41 5
39 91 8
40 41 2
40 92 8
41 42 2
41 43 4
42 43 2
42 43 2
42 44 3
43 44 5
44 45 3
44 46 5
45 46 2
45 46 2
45 47 3
46 47 5
47 48 2
47 49 4
48 49 2
48 49 2
48 50 3
49 50 5
50 51 3
50 52 5
51 88 8
51 52 2
51 93 8
51 87 8
52 53 3
52 54 5
53 54 2
53 54 2
53 55 3
54 55 5
55 56 3
55 57 3
56 57 6
56 57 2
56 58 2
56 86 8
57 58 4
57 86 8
58 59 3
58 60 5
58 86 8
59 60 2
59 60 2
59 61 3
60 61 5
61 64 2
61 65 3
61 66 4
61 67 2
61 94 8
61 62 1
61 63 1
62 64 3
62 65 4
62 66 5
62 67 1
62 67 1
62 68 2
62 68 4
62 94 8
62 63 2
63 64 2
63 64 1
63 65 5
63 65 2
63 66 3
63 67 3
63 69 3
63 94 8
64 65 7
64 65 1
64 66 2
64 67 4
64 69 5
64 94 8
65 66 1
65 67 5
65 69 2
65 94 8
66 67 6
66 70 2
66 71 4
66 94 8
67 68 3
67 68 3
67 94 8
68 68 6
69 72 2
69 73 3
69 74 5
69 74 6
70 75 3
70 71 2
70 71 2
71 75 5
72 73 1
72 73 1
72 74 3
72 74 4
72 77 2
73 74 2
73 74 3
73 77 3
74 74 1
75 76 3
76 95 8
77 80 5
77 80 6
77 78 2
77 79 3
78 80 3
78 80 4
78 81 2
78 89 8
78 79 1
78 79 1
79 80 2
79 80 3
79 81 3
79 89 8
80 80 1
81 82 2
81 83 3
81 84 5
81 84 6
81 89 8
82 83 1
82 83 1
82 84 3
82 84 4
82 85 2
83 84 2
83 84 3
83 85 3
84 84 1
85 96 8
85 90 8
87 88 0
87 91 0
87 92 0
87 93 0
88 93 0
89 96 0
89 94 0
89 95 0
90 96 0
91 92 0
94 96 0
94 95 0
95 96 0
