42 95
1
1
1
1
1
1
1
1
1
1
1
1
1
1
1
1
1
1
1
1
1
1
1
1
1
1
1
1
1
1
1
1
2
4
3
3
3
3
3
3
3
3
0 1 2
0 2 4
0 34 8
1 2 2
1 2 2
1 3 3
2 3 5
3 4 3
3 5 5
4 5 2
4 5 2
4 6 3
5 6 5
6 8 6
6 33 8
6 7 3
7 33 8
7 35 8
7 8 3
7 41 8
7 40 8
8 9 3
8 10 5
8 33 8
9 10 2
9 10 2
9 11 3
10 11 5
11 12 3
11 13 3
12 13 6
12 13 2
12 14 3
13 14 5
14 17 6
14 15 4
15 16 3
15 17 2
16 37 8
17 36 8
18 34 8
18 36 8
18 38 8
18 40 8
18 19 2
18 20 4
19 35 8
19 20 6
19 20 2
19 21 3
20 35 8
20 21 3
21 35 8
21 22 5
22 24 6
22 23 3
23 24 3
23 41 8
24 25 2
24 26 4
24 37 8
25 37 8
25 26 2
25 27 1
25 28 2
25 29 4
25 30 5
26 27 4
26 37 8
26 31 5
27 28 3
27 29 5
27 30 6
27 31 1
28 32 3
28 32 5
28 29 2
28 30 3
29 39 8
29 30 1
29 30 2
29 31 3
30 39 8
30 31 1
31 39 8
32 32 2
34 40 0
34 36 0
34 38 0
35 40 0
35 41 0
36 40 0
36 38 0
38 40 0
40 41 0
