33 62
1
1
1
1
1
1
1
1
1
1
1
1
1
1
1
1
1
1
1
1
1
1
1
1
1
1
1
1
1
1
1
1
4
0 32 8
0 1 2
0 2 4
1 2 2
1 3 5
1 4 3
3 4 2
3 5 6
3 7 3
4 8 2
4 9 5
5 6 4
5 7 3
6 10 2
6 11 3
6 12 3
7 8 4
7 13 2
8 9 3
8 13 2
9 14 3
9 15 3
10 16 2
10 11 3
10 11 5
10 12 1
10 12 1
11 16 5
11 12 2
11 12 6
12 16 3
14 17 3
14 15 6
14 15 2
15 17 5
16 19 3
16 18 3
17 20 3
17 21 3
18 19 6
20 21 2
20 21 6
20 22 3
21 22 5
22 24 5
22 23 3
23 24 2
23 24 2
23 25 3
24 25 5
25 26 3
25 27 3
26 27 6
26 27 2
26 28 2
27 28 4
28 29 3
28 30 5
29 30 2
29 30 2
29 31 3
30 31 5
