33 61
1
1
1
1
1
1
1
1
1
1
1
1
1
1
1
1
1
1
1
1
1
1
1
1
1
1
1
1
1
1
1
1
4
0 1 2
0 1 1
0 2 2
1 2 4
2 3 5
3 4 2
3 5 4
4 32 8
4 5 2
4 5 2
4 6 3
5 32 8
5 6 5
6 32 8
6 7 3
7 8 3
7 9 5
8 9 2
8 9 2
8 10 3
9 10 5
10 11 3
10 12 3
11 12 2
11 12 6
11 13 3
12 13 5
13 14 3
13 15 5
14 16 3
14 15 2
14 15 2
15 16 5
16 17 2
16 18 4
17 18 2
17 18 2
17 19 3
18 19 5
19 20 3
19 21 5
20 21 2
20 21 2
20 22 3
21 22 5
22 24 5
22 23 3
23 24 2
23 24 2
23 25 3
24 25 5
25 26 2
25 27 2
26 27 4
27 28 3
27 29 5
28 29 2
28 29 2
28 30 3
29 30 5
30 31 5
