54 69
0 36 3
0 52 1
1 50 1
1 40 1
2 6 3
2 22 1
3 14 1
3 10 3
4 31 1
4 16 1
5 38 3
5 33 1
6 44 1
7 8 1
7 32 1
7 21 1
8 33 1
9 45 2
9 39 1
9 49 1
10 50 3
11 23 3
11 34 1
12 42 1
12 15 1
12 44 1
13 22 3
13 16 1
13 26 3
14 38 3
14 48 1
14 53 1
15 25 3
16 31 1
17 45 1
17 37 3
18 51 1
18 23 3
19 41 1
19 36 2
20 23 3
20 34 1
21 29 3
23 41 3
23 28 1
24 52 4
25 47 3
25 40 1
25 43 3
26 44 1
27 39 1
27 37 3
28 41 3
28 36 3
29 37 1
30 46 1
30 36 3
32 39 1
33 53 1
34 51 1
35 42 1
35 43 1
37 39 3
37 49 3
38 40 1
42 47 1
46 52 1
48 53 1
51 52 1
