55 68
0 41 3
0 13 3
0 2 3
0 22 1
1 31 1
1 35 1
1 50 1
2 43 1
3 38 1
3 5 1
4 19 1
4 6 1
5 15 3
6 9 1
7 40 3
7 23 3
7 50 1
8 16 3
8 47 1
8 52 3
9 23 1
9 19 1
10 43 1
11 37 1
11 22 3
12 20 3
12 48 1
14 46 1
14 24 3
14 36 3
15 38 3
15 32 3
15 27 1
16 44 1
17 40 3
17 50 1
18 28 1
18 46 1
18 26 2
19 33 2
20 34 1
20 48 3
20 27 3
21 34 1
21 36 1
23 31 3
24 53 1
24 25 3
25 47 1
25 53 3
26 54 1
27 32 3
27 42 3
28 44 1
29 43 4
30 42 1
30 34 1
30 32 1
33 40 1
35 39 1
36 54 3
37 43 1
39 52 1
44 49 1
45 51 1
45 48 3
46 49 1
48 51 3
