67 82
0 23 3
0 66 1
1 15 1
1 56 3
2 41 1
2 25 1
2 9 1
3 24 1
3 5 1
4 45 1
4 21 1
5 13 3
6 57 1
6 32 1
6 31 1
7 13 1
7 14 2
8 10 4
9 43 3
10 53 1
10 42 3
10 22 3
11 39 3
11 36 1
12 59 3
13 20 3
14 63 3
14 46 3
14 61 3
15 56 3
16 40 1
16 30 3
17 52 1
17 37 3
18 51 3
18 21 1
19 56 1
19 51 1
20 27 3
20 35 1
21 60 1
22 44 1
23 38 3
24 25 3
25 43 3
26 59 1
26 62 3
27 62 1
28 33 1
28 37 3
29 38 3
29 37 3
29 58 1
30 48 1
31 48 1
32 56 3
33 52 1
34 42 3
34 47 3
34 49 3
35 63 1
36 39 3
37 52 3
37 44 1
38 54 1
39 57 1
40 65 3
41 60 3
42 44 1
43 60 3
45 56 3
45 51 3
46 61 1
47 53 1
48 57 2
49 53 1
50 54 3
50 64 1
54 55 3
55 58 1
64 65 1
64 66 1
