54 68
0 16 3
0 45 1
1 26 1
1 35 3
2 33 1
2 17 3
3 52 1
3 29 3
4 10 3
4 32 1
5 16 1
5 37 1
5 21 3
5 22 1
6 21 1
6 12 1
6 14 1
7 51 1
7 36 1
7 13 1
8 25 3
8 46 1
9 45 1
9 12 3
10 41 3
10 19 1
11 24 1
11 29 1
11 39 1
12 37 3
13 40 3
14 37 3
15 41 1
15 31 2
15 31 1
16 34 3
16 38 3
17 27 3
17 44 1
18 42 3
18 20 1
19 42 1
20 42 3
21 22 3
21 28 4
23 33 1
23 24 3
25 26 3
25 48 1
25 39 3
27 33 1
29 52 3
30 44 1
30 42 3
31 32 1
34 38 1
35 46 1
36 40 3
40 47 3
40 45 1
43 48 1
43 53 3
46 49 1
47 51 1
47 50 3
48 50 1
49 53 3
51 53 1
