64 84
0 30 3
0 11 1
1 35 3
1 15 3
1 63 3
1 3 1
2 47 3
2 6 1
3 15 3
4 13 3
4 38 1
5 15 1
5 42 1
6 53 3
6 56 3
6 61 3
6 17 3
6 47 3
6 27 3
7 61 1
7 8 1
7 21 1
8 41 1
9 29 1
9 11 1
10 58 1
10 29 1
11 23 1
12 30 1
12 28 1
12 47 1
13 25 3
13 36 1
14 46 1
14 52 1
14 22 1
15 62 3
16 48 3
16 20 1
17 26 1
18 60 1
18 31 1
18 51 1
19 60 1
19 45 1
20 49 1
20 54 1
21 31 1
22 36 3
23 40 3
24 52 1
24 49 3
24 36 3
25 36 3
25 55 1
26 41 1
26 53 1
27 45 1
28 45 1
29 50 1
30 50 3
31 51 2
32 57 1
32 63 1
32 59 1
33 62 1
33 43 1
33 37 1
34 54 4
35 58 1
37 42 3
38 57 1
38 39 1
39 62 3
40 47 3
40 44 1
41 56 1
43 48 1
43 55 1
44 47 3
46 52 1
46 55 1
48 54 3
58 59 1
