52 65
0 5 1
0 10 1
1 2 3
1 44 3
1 13 1
2 24 1
3 46 1
3 14 1
3 40 2
4 48 1
4 11 1
4 47 1
5 34 3
6 20 1
6 46 1
6 19 1
7 50 3
7 51 1
8 15 1
8 42 4
8 28 3
9 29 3
9 18 1
10 29 1
10 43 1
11 18 3
12 44 3
12 13 1
13 34 1
14 47 3
15 28 3
15 51 3
16 49 1
16 24 1
17 30 3
17 25 3
18 48 3
18 47 3
19 46 1
20 21 3
21 32 1
22 36 1
22 28 1
23 31 1
23 34 3
24 31 1
25 41 1
26 38 1
26 37 1
26 30 1
27 38 3
27 35 1
32 41 1
33 36 3
33 37 1
34 49 3
34 44 3
35 45 2
36 39 1
36 50 1
37 39 3
37 41 1
38 45 3
40 47 3
43 44 3
