61 80
0 20 1
0 23 1
1 9 1
1 7 1
2 18 1
2 22 3
3 19 1
3 19 2
4 33 1
4 31 3
5 14 1
5 50 1
6 43 1
6 49 1
6 45 1
7 18 2
8 52 1
8 18 1
8 35 1
9 21 1
9 56 1
10 58 1
10 50 1
10 50 2
11 26 1
11 35 1
11 51 1
12 60 3
12 51 2
13 33 1
13 60 1
14 57 1
14 54 1
14 27 4
15 31 3
15 36 1
15 32 3
16 48 1
16 38 1
17 31 3
17 55 1
18 29 3
18 22 3
19 56 1
20 36 1
20 42 1
21 41 2
21 41 1
22 43 3
22 52 3
22 29 1
23 32 3
24 30 1
24 34 3
24 39 3
24 46 3
25 48 3
25 53 3
25 41 1
26 49 1
26 45 1
28 57 1
28 46 1
28 42 1
30 55 3
31 32 1
33 44 2
34 57 1
37 44 1
37 55 3
38 53 2
39 59 1
40 58 1
40 58 1
40 40 2
40 42 2
45 49 1
47 54 1
47 54 1
47 59 1
