66 80
0 19 3
0 43 1
0 7 3
1 17 1
1 14 3
1 9 3
2 28 1
2 11 3
3 37 1
3 16 1
4 19 1
4 47 1
5 57 1
5 33 1
6 48 3
6 45 1
6 65 3
7 47 1
8 12 1
8 64 1
9 63 1
9 17 3
9 37 3
10 53 1
10 56 3
11 28 3
11 65 1
12 32 3
12 20 3
13 46 1
13 15 3
13 33 3
14 16 1
15 31 1
16 41 1
17 63 3
17 36 3
17 55 3
18 51 1
18 38 2
20 57 2
21 61 3
21 59 1
21 54 3
21 24 3
22 34 3
22 44 1
23 62 3
23 38 3
23 41 1
24 58 2
25 30 1
25 26 3
26 42 1
27 61 1
27 42 1
29 49 1
29 43 1
29 53 1
30 41 1
31 52 1
32 57 1
33 39 3
34 44 3
34 50 1
35 55 4
36 55 1
39 46 1
40 49 3
42 58 1
44 60 3
45 65 3
47 56 1
48 53 1
50 60 1
51 62 1
52 60 3
54 58 1
59 61 3
59 64 3
