69 85
0 56 3
0 67 3
0 58 1
1 7 3
1 16 3
1 35 1
2 25 3
2 21 2
3 56 3
3 42 1
4 47 3
4 41 1
4 51 3
5 19 1
5 40 1
5 68 1
6 37 3
6 47 3
6 41 1
7 11 1
8 60 3
8 38 1
9 18 3
9 25 1
10 65 4
11 16 1
12 38 3
12 35 1
13 33 3
13 35 1
14 39 2
14 26 1
15 66 3
15 58 1
17 44 3
17 62 1
18 65 1
18 25 3
19 55 1
20 31 3
20 59 1
21 65 1
21 34 1
22 40 1
22 30 3
23 60 1
23 43 3
24 32 3
24 46 1
26 60 3
27 61 1
27 29 1
28 49 1
28 46 1
29 51 1
30 68 3
30 66 3
30 36 1
31 54 1
32 66 3
32 49 3
32 36 1
33 38 1
34 44 3
36 58 1
37 47 1
38 43 1
39 60 3
39 61 3
41 53 1
42 55 3
44 62 3
44 59 1
45 64 3
45 48 3
45 59 1
46 66 1
47 50 3
48 63 1
50 53 1
52 57 1
52 54 3
54 57 3
56 67 1
63 64 1
