58 70
0 6 1
0 29 3
0 15 3
0 3 3
0 50 3
0 26 3
1 20 3
1 39 1
2 33 1
2 5 1
2 22 1
3 54 1
3 28 4
4 7 1
4 23 1
5 34 3
6 50 3
7 37 3
7 44 3
7 12 3
8 49 1
8 9 1
8 27 1
9 19 2
9 19 1
10 51 1
10 47 3
11 27 3
11 43 3
11 30 1
11 17 3
12 52 1
13 54 1
13 42 1
14 45 3
14 46 1
15 42 1
16 45 3
16 31 2
17 39 1
18 57 1
18 24 1
21 49 3
22 47 1
23 45 1
24 54 1
24 53 2
25 50 1
25 42 1
25 26 1
27 30 3
31 40 1
32 41 1
32 33 3
33 41 3
34 51 1
35 40 1
35 46 3
36 37 1
36 52 1
38 55 1
38 56 3
38 57 3
39 43 1
40 48 1
44 52 1
45 46 3
47 48 3
53 56 1
55 57 3
