66 83
0 50 1
0 56 3
1 64 1
1 15 1
2 42 1
2 43 1
3 45 3
3 18 1
4 21 1
4 41 1
4 38 1
5 45 3
5 18 1
6 52 3
6 55 1
7 40 1
7 10 3
8 28 3
8 41 1
9 34 3
9 36 1
10 37 3
10 45 1
10 51 3
11 56 3
12 42 1
12 60 1
12 60 1
13 57 3
14 27 1
14 22 1
14 64 1
15 20 2
16 16 2
16 39 1
16 59 1
17 63 1
17 52 1
17 56 1
18 25 1
19 28 3
19 41 1
19 29 3
20 35 1
20 44 1
21 47 1
22 27 2
22 27 1
23 49 3
23 43 3
24 26 1
24 65 2
25 61 1
26 35 1
26 65 1
28 29 1
29 33 4
30 43 3
31 54 1
31 36 1
32 34 3
32 38 1
34 54 3
34 46 1
35 65 1
36 38 1
37 48 1
39 57 3
40 48 1
40 50 1
42 53 1
44 45 3
46 47 3
47 53 3
48 51 1
49 60 1
50 50 2
55 58 3
55 63 3
57 58 1
58 62 3
59 62 1
61 64 1
