57 68
0 4 3
0 38 1
1 4 3
1 5 1
1 45 3
2 28 1
2 17 3
2 11 3
2 15 3
3 38 1
3 36 1
4 45 1
5 52 1
5 27 1
5 26 3
5 47 3
6 28 1
6 12 1
6 50 1
7 29 3
7 19 3
7 48 2
8 35 1
8 50 3
9 34 1
9 54 3
10 40 3
10 46 1
10 23 3
10 32 3
11 16 1
12 26 1
12 47 1
13 53 1
13 43 1
14 40 1
14 37 1
14 32 1
15 35 3
15 55 2
16 16 2
16 55 1
18 44 3
18 43 1
19 29 1
20 28 1
20 22 1
21 49 3
22 30 3
23 37 1
24 41 1
24 41 2
25 56 1
25 48 1
25 43 1
27 30 1
30 42 3
31 43 4
33 56 1
33 49 3
34 41 1
34 42 1
36 39 3
38 54 1
39 46 3
44 51 1
45 52 3
51 53 3
