53 66
0 37 1
0 36 3
1 29 3
1 8 1
2 19 3
2 4 1
3 21 1
3 7 1
3 51 1
4 28 1
5 51 3
5 45 1
6 25 1
6 31 1
6 34 1
7 26 3
8 42 3
8 15 1
8 52 1
9 42 3
9 48 1
10 51 3
10 45 1
11 15 1
11 32 1
11 47 1
12 42 2
12 20 3
13 44 3
13 38 1
14 16 3
14 23 1
15 32 1
16 19 1
16 33 3
17 42 3
17 52 1
18 49 4
19 28 3
20 32 1
21 35 3
22 50 1
22 44 1
23 46 1
23 33 1
24 48 2
24 28 3
25 50 3
26 37 1
27 43 3
27 41 3
27 49 1
29 30 1
29 49 3
30 43 1
30 41 1
31 40 1
32 39 2
34 44 3
35 51 3
35 45 1
36 46 1
38 44 3
39 42 3
40 50 3
42 47 3
