57 73
0 6 3
0 53 1
1 14 1
1 13 3
2 8 1
2 36 1
2 19 1
3 28 1
3 22 1
4 23 1
4 39 3
5 49 3
5 13 2
6 43 3
6 53 3
6 11 3
6 47 1
7 46 3
7 34 3
7 42 1
8 29 3
8 38 3
9 52 1
9 29 1
9 38 1
10 17 1
10 32 1
10 32 1
11 55 1
12 23 1
12 49 1
14 45 1
14 32 1
15 55 1
15 56 1
16 19 3
16 26 1
17 49 3
18 39 1
18 42 3
19 50 3
20 48 1
20 30 1
20 44 1
21 35 3
21 44 1
22 54 3
22 33 3
23 27 1
24 25 4
24 34 2
24 46 2
26 48 1
26 50 1
27 39 3
28 54 3
30 35 3
31 40 1
31 56 1
31 51 1
33 54 1
35 45 1
36 38 3
37 55 1
37 41 1
39 42 3
40 52 3
41 47 3
42 49 3
43 53 1
47 53 3
51 52 3
53 56 1
