68 89
0 5 1
0 40 1
1 42 3
1 33 1
2 16 1
2 4 3
3 36 3
3 41 1
3 32 3
4 22 3
4 6 1
4 10 3
5 41 1
5 60 1
6 50 3
7 59 3
7 63 3
7 9 3
7 26 1
7 14 3
8 65 4
9 63 1
10 11 3
10 42 3
10 22 1
11 46 1
12 27 1
12 44 3
12 54 3
13 34 1
13 65 3
13 57 3
14 35 3
14 39 3
14 24 1
15 40 1
15 21 3
15 66 3
16 48 1
16 65 1
17 19 1
17 21 1
17 66 1
18 56 1
18 30 3
19 39 1
19 52 1
20 62 1
20 51 1
21 45 3
21 53 3
23 31 1
23 33 1
23 55 1
24 30 1
24 59 1
25 62 1
25 56 1
25 31 1
26 35 1
26 52 1
27 47 1
28 30 3
28 33 1
29 61 1
29 46 1
30 58 3
30 51 3
30 64 3
31 55 1
32 36 1
34 65 3
36 49 3
37 61 1
37 62 1
38 61 1
38 50 3
40 43 1
42 48 1
42 67 3
43 60 1
44 54 1
45 53 1
46 67 1
47 50 1
48 48 2
49 60 1
55 64 1
56 58 1
