55 69
0 48 3
0 3 1
1 50 3
1 40 2
1 23 3
2 45 3
2 52 1
3 10 1
3 54 1
4 38 1
4 30 1
5 51 1
5 32 3
6 28 1
6 36 1
6 35 1
7 11 1
7 14 1
8 36 1
8 45 3
9 43 3
9 16 1
10 54 1
11 25 1
11 14 1
12 33 1
12 49 1
13 51 1
13 16 1
14 29 4
15 31 3
15 53 1
16 39 1
17 33 1
17 45 3
18 25 1
18 39 3
19 36 3
19 45 1
20 46 1
20 21 1
20 44 1
21 26 3
22 47 1
22 41 3
23 31 3
23 27 1
24 49 1
24 46 3
25 38 1
26 49 1
26 46 3
27 50 1
27 53 1
28 33 1
30 48 1
31 40 1
32 34 1
34 43 1
35 52 1
36 45 3
36 37 1
37 45 3
39 43 3
41 47 3
41 54 1
42 45 3
42 52 1
44 53 1
