59 74
0 14 3
0 29 3
0 36 3
0 35 3
1 46 1
1 18 1
1 40 1
2 21 1
2 55 3
3 37 3
3 24 1
3 51 3
4 54 1
4 52 1
4 55 1
5 7 1
5 47 1
5 38 1
6 6 2
6 30 1
6 31 1
7 45 1
8 22 3
8 57 1
8 25 3
9 12 1
9 55 3
10 37 3
10 24 1
11 37 1
11 45 1
12 53 1
12 49 1
13 43 1
13 26 1
13 26 1
14 36 1
15 38 1
15 39 3
16 37 3
16 24 1
17 50 3
17 52 1
17 32 3
17 41 3
18 58 3
19 33 3
19 20 1
20 43 1
21 43 1
21 49 1
22 42 3
22 25 1
23 46 3
23 54 3
23 48 1
25 34 3
26 42 1
27 44 1
27 29 1
27 35 1
28 36 4
30 39 1
31 58 3
32 40 2
33 44 1
34 35 1
35 57 1
38 47 1
41 50 1
45 51 1
48 54 3
53 55 3
56 58 3
