49 67
0 31 1
0 32 1
1 2 3
1 23 1
2 29 3
2 9 1
2 6 3
2 8 3
2 44 3
2 17 3
2 35 3
3 26 1
3 47 1
3 47 1
4 40 1
4 20 1
4 29 1
5 25 1
5 11 1
5 34 1
6 41 3
6 10 1
7 27 4
8 10 1
9 19 1
10 23 1
11 45 1
11 45 1
12 14 1
12 19 3
13 33 1
13 31 1
13 46 1
14 22 1
14 38 1
15 48 1
15 37 1
15 32 1
16 30 1
16 32 1
17 24 1
18 20 1
18 21 1
18 46 1
19 41 3
20 33 2
21 46 1
21 31 1
22 38 1
23 24 1
24 30 1
25 27 1
26 36 1
26 34 1
27 39 3
28 37 1
28 48 1
30 35 1
34 39 3
36 42 1
37 48 1
38 39 1
38 42 3
38 45 3
39 43 3
40 44 1
43 47 1
