59 74
0 46 1
0 34 1
1 49 1
1 43 3
2 53 1
2 54 3
2 47 3
3 15 1
3 54 3
4 25 1
4 26 1
4 31 1
5 51 1
5 58 1
5 8 1
6 33 3
7 38 3
7 23 3
7 44 1
8 48 3
9 48 1
9 28 1
9 19 1
10 15 3
10 32 1
11 23 3
11 42 1
12 13 1
12 52 1
12 12 2
13 36 3
14 53 3
14 35 1
15 48 1
15 48 1
16 17 3
17 49 1
17 27 4
18 39 1
18 55 1
19 55 1
20 39 1
20 54 3
21 23 1
21 50 1
21 51 1
22 31 1
22 29 1
23 30 3
24 52 1
24 37 3
25 39 1
26 53 3
28 46 3
29 35 1
30 42 1
31 40 1
32 54 1
32 58 1
33 42 1
34 56 1
34 58 1
35 41 1
36 57 3
37 57 1
38 51 1
40 53 3
41 53 3
42 44 1
43 45 3
45 49 1
47 55 1
50 56 1
53 54 3
