65 79
0 5 1
0 42 3
1 31 3
1 18 3
1 15 1
1 37 3
2 45 1
2 64 1
3 44 3
3 20 1
3 11 3
3 23 3
4 59 3
4 40 3
4 53 3
4 27 3
5 55 1
6 45 3
6 62 1
7 12 3
7 10 3
7 42 1
8 57 1
8 17 3
9 26 1
9 34 1
10 12 1
11 58 1
12 42 3
13 48 1
13 40 3
14 60 3
14 55 3
14 38 1
15 32 3
16 52 1
16 33 3
17 20 3
17 23 1
19 40 1
19 53 1
20 23 3
21 57 3
21 50 1
21 56 3
22 39 1
22 25 3
22 32 3
24 29 4
25 39 3
25 32 1
26 64 3
27 46 1
28 43 3
28 64 3
28 47 1
29 52 1
29 51 3
30 60 3
30 56 3
31 37 1
33 48 1
33 53 3
33 63 3
34 59 3
35 41 1
35 50 3
35 49 3
36 62 3
38 49 1
39 54 3
41 60 1
43 61 3
44 58 1
46 59 1
47 61 1
50 56 3
51 54 1
52 63 1
