53 68
0 26 3
0 47 1
1 36 1
1 42 1
2 35 1
2 33 3
3 6 1
3 48 1
4 41 1
4 48 3
5 25 1
5 44 1
6 34 1
6 20 1
7 26 3
8 22 1
8 19 1
9 32 3
9 44 1
10 35 1
10 33 3
11 30 1
11 43 3
12 32 3
12 25 1
13 29 3
13 32 3
13 31 1
14 15 3
14 27 1
15 45 3
15 18 1
16 40 1
16 37 1
16 46 1
17 46 1
17 18 2
18 19 1
19 46 1
20 34 2
21 32 3
21 42 1
22 33 3
23 42 4
24 30 1
24 43 3
25 51 1
26 34 1
27 49 1
28 40 1
28 40 2
29 50 1
29 32 1
29 41 1
30 49 1
31 36 2
31 44 1
32 51 3
33 52 3
33 38 1
35 39 1
37 39 1
38 46 3
39 52 1
41 50 1
43 47 1
45 49 1
47 47 2
