58 73
0 32 3
0 41 3
1 32 3
1 57 1
2 48 1
2 49 3
3 38 1
3 26 3
4 46 3
4 9 1
5 15 3
5 30 1
6 29 3
6 14 3
6 26 1
6 40 3
7 11 1
7 45 3
8 37 1
8 22 3
9 46 3
10 17 3
10 55 1
11 31 1
11 39 1
12 28 1
12 22 1
13 57 1
13 42 1
14 27 1
14 39 3
14 31 3
15 25 1
16 54 3
16 45 1
17 36 3
17 19 1
17 47 3
18 50 1
18 28 3
19 47 3
20 50 1
20 28 3
21 33 4
21 29 1
21 26 3
22 37 3
23 48 1
23 49 3
24 32 3
24 57 1
25 30 3
26 38 3
27 40 1
28 49 3
32 41 1
32 42 3
34 43 3
34 52 1
35 55 1
35 45 3
36 55 1
37 43 3
37 44 3
43 51 1
43 52 3
44 51 1
45 56 3
45 53 3
46 48 1
47 54 1
49 50 1
53 56 1
