32 66
1
1
1
2
1
1
1
1
1
1
1
1
1
2
1
1
1
1
1
1
1
1
1
1
1
2
1
1
1
1
1
4
0 1 2
0 2 5
0 31 8
1 2 3
1 3 5
1 4 2
2 4 6
2 5 2
3 8 3
3 4 3
3 6 2
3 7 4
4 5 4
5 9 2
5 10 4
6 8 5
6 11 3
6 12 5
6 7 2
7 8 1
7 8 7
7 13 3
7 13 3
8 13 2
8 13 4
9 10 2
9 14 4
9 15 6
10 16 5
10 15 2
11 17 3
11 18 5
11 12 2
12 19 3
12 20 2
13 13 6
14 15 2
15 16 3
16 21 5
17 18 2
17 22 4
17 23 6
18 24 2
18 19 2
19 24 4
19 20 5
21 25 2
21 25 3
21 26 6
22 27 3
22 28 4
22 29 6
22 23 2
23 24 2
25 25 1
25 26 4
25 26 3
27 30 2
27 28 1
27 28 2
27 29 3
27 29 3
28 30 4
28 29 2
28 29 1
29 30 5
