62 124
1
1
1
1
1
1
1
1
1
1
1
1
1
1
1
1
1
1
1
1
1
1
1
1
1
1
1
1
1
1
1
1
1
1
1
1
1
1
1
1
1
1
1
1
1
1
1
1
1
1
1
1
1
1
1
1
1
1
1
1
1
4
0 1 2
0 61 8
1 2 3
2 3 3
3 4 5
4 5 2
4 6 3
5 8 4
5 6 5
5 7 2
6 9 3
6 10 2
7 8 2
7 11 5
7 12 3
8 13 3
8 14 5
8 15 6
9 16 3
9 17 2
9 10 5
9 18 3
10 19 3
11 20 5
11 12 2
11 12 2
12 20 3
13 14 2
13 15 3
13 21 3
13 22 5
13 23 6
14 19 5
14 15 2
14 15 1
15 19 3
16 17 3
16 17 5
16 18 1
16 18 6
17 18 2
17 18 1
21 24 4
21 22 2
21 23 3
22 23 1
22 23 2
24 25 2
24 26 4
25 26 2
25 27 3
25 28 5
25 29 6
26 28 5
26 29 3
27 28 2
27 29 3
27 30 4
28 29 2
28 29 1
30 32 4
30 31 2
31 32 2
31 33 3
31 34 5
31 35 6
32 34 5
32 35 3
33 34 2
33 35 3
33 36 3
33 37 5
33 38 6
34 35 1
34 35 2
36 40 6
36 37 2
36 38 3
36 39 4
37 38 2
37 38 1
39 40 2
39 41 4
39 42 6
40 43 2
41 42 2
41 44 3
41 45 5
41 46 6
42 43 2
42 47 3
43 47 5
44 48 4
44 45 2
44 46 3
45 46 1
45 46 2
45 47 5
46 47 3
48 49 2
48 50 4
49 50 2
49 51 3
49 52 5
49 53 6
50 52 5
50 53 3
51 52 2
51 53 3
51 54 3
51 55 5
52 53 1
52 53 2
54 56 3
54 57 5
54 55 2
55 58 3
56 57 2
56 59 4
56 60 6
57 58 2
57 60 3
58 60 5
59 60 2
