107 254
1
1
1
1
1
1
1
1
1
1
1
1
1
1
1
1
1
1
1
1
1
1
1
1
1
1
1
1
1
1
1
1
1
1
1
1
1
1
1
1
1
1
1
1
1
1
1
1
1
1
1
1
1
1
1
1
1
1
1
1
1
1
1
1
1
1
1
1
1
1
1
1
1
1
1
1
1
1
1
1
1
1
1
1
1
1
1
1
1
1
1
1
1
1
1
1
1
1
1
1
1
1
1
1
1
2
4
0 1 2
0 2 4
1 2 2
1 3 3
1 4 5
2 4 2
2 5 5
3 8 6
3 4 2
3 6 3
3 7 5
4 5 3
5 8 3
5 7 5
6 8 3
6 9 4
6 7 2
7 8 1
7 8 2
9 10 2
9 11 4
10 11 2
10 12 3
10 13 5
10 14 6
11 13 5
11 14 3
12 17 5
12 13 2
12 14 3
12 15 3
13 14 2
13 14 1
15 16 5
15 17 2
17 18 3
18 19 2
18 20 4
19 20 6
19 21 3
19 22 2
20 24 4
20 23 2
21 25 3
21 26 5
21 22 5
22 27 4
22 23 2
23 24 6
23 27 2
24 28 2
24 27 2
25 26 2
25 30 6
25 29 4
26 30 2
26 31 2
27 28 4
28 32 3
28 33 3
29 34 2
29 35 4
29 30 2
30 31 4
31 36 3
31 37 5
32 33 6
32 38 2
32 39 4
33 40 4
33 38 2
34 41 3
34 42 5
34 43 6
34 35 2
35 42 5
35 43 3
36 45 2
36 44 5
36 37 2
37 46 3
37 47 5
38 40 2
38 39 6
39 48 3
39 49 2
40 49 2
40 45 4
41 42 2
41 43 3
41 50 3
41 51 5
41 52 6
42 43 2
42 43 1
44 53 4
44 46 2
44 45 3
45 49 2
46 53 6
46 47 2
47 54 4
47 53 2
48 56 4
48 49 5
48 55 2
50 51 2
50 52 3
50 57 3
50 58 5
50 59 6
51 52 1
51 52 2
53 54 2
54 61 2
54 60 4
55 64 2
55 56 6
55 62 3
55 63 4
56 65 3
56 66 2
56 67 3
57 68 3
57 69 5
57 70 6
57 58 2
57 59 3
58 59 2
58 59 1
60 72 3
60 61 6
60 71 3
61 72 2
61 73 5
61 71 3
62 64 5
62 74 6
62 63 1
63 64 6
63 73 3
63 74 1
63 75 2
64 66 2
64 76 3
64 77 3
65 66 5
65 67 1
65 67 6
65 76 3
65 78 4
65 79 2
66 67 1
66 76 1
66 77 5
67 76 2
67 78 3
67 79 3
68 69 2
68 70 3
68 80 3
68 81 5
68 82 6
69 70 2
69 70 1
71 72 1
71 72 6
71 73 2
72 73 3
73 74 2
73 75 5
74 75 3
75 77 2
75 78 3
75 83 5
76 77 6
76 78 1
76 79 5
77 78 1
77 83 3
78 79 6
78 83 2
79 84 3
79 85 2
79 86 3
80 81 2
80 82 3
80 87 3
80 88 5
80 89 6
81 82 2
81 82 1
83 86 2
83 90 3
83 91 5
84 85 1
84 85 2
84 86 6
84 90 1
84 92 4
84 93 5
85 86 5
85 90 3
85 92 2
85 93 3
86 90 1
86 91 3
87 96 6
87 88 2
87 89 3
87 94 3
87 95 5
88 89 2
88 89 1
90 91 2
90 92 5
90 93 6
91 97 2
91 98 4
92 97 3
92 99 2
92 100 3
92 93 1
92 93 1
93 97 2
93 99 3
93 100 4
94 96 3
94 95 2
94 101 4
95 96 2
95 96 1
97 98 2
97 99 5
97 100 6
98 104 5
98 102 3
98 103 2
99 100 1
99 100 1
99 102 2
99 103 4
100 102 3
100 103 3
102 104 2
102 103 1
102 103 6
103 104 3
104 105 4
104 105 2
104 106 8
105 105 2
105 106 8
105 106 8
