46 100
1
2
1
1
1
1
1
1
1
1
1
1
1
1
1
1
1
1
1
1
1
1
1
1
1
1
1
1
1
1
1
1
1
1
1
1
1
1
1
1
1
1
1
1
1
4
0 1 4
1 2 2
1 3 2
1 4 3
2 3 4
2 4 1
2 4 1
2 5 2
2 6 3
3 8 6
3 4 5
3 7 4
4 5 3
4 6 2
5 9 3
5 10 2
5 6 5
6 8 3
6 11 2
7 8 2
7 12 2
7 13 4
8 11 5
9 10 5
9 14 3
9 15 2
10 16 2
10 11 3
11 16 5
12 17 4
12 13 2
12 13 6
13 17 2
14 18 3
14 19 2
14 20 3
14 15 5
15 21 2
15 22 4
15 23 5
15 24 2
16 21 3
17 25 2
17 26 4
18 27 2
18 19 5
18 19 3
18 20 6
18 20 1
19 27 5
19 20 1
19 20 2
20 27 3
21 24 4
21 23 3
21 22 2
22 24 6
22 24 4
22 23 1
22 23 2
23 24 7
23 24 2
25 26 2
25 28 3
25 29 5
25 30 6
26 29 5
26 30 3
27 32 5
27 31 3
28 33 3
28 34 5
28 29 2
28 30 3
29 30 1
29 30 2
31 32 2
31 35 4
32 35 2
32 36 4
33 34 2
33 37 3
33 38 5
33 39 6
34 40 3
35 36 2
36 45 8
37 41 3
37 39 3
37 38 2
38 40 5
38 39 2
38 39 1
39 40 3
41 42 2
41 43 4
42 43 2
42 43 6
42 44 4
43 44 2
