37 61
1
1
1
2
1
1
1
1
1
1
1
1
1
1
1
1
1
1
1
1
1
1
1
1
1
1
1
1
1
1
1
1
2
4
3
3
3
0 1 5
0 34 8
0 33 8
1 2 3
1 3 6
2 10 5
2 3 3
2 4 2
3 11 4
3 10 2
4 10 3
4 5 3
5 6 3
6 7 3
7 8 4
8 9 5
9 20 6
9 12 2
10 11 2
11 21 4
11 22 6
12 20 4
12 13 5
13 14 5
14 15 5
15 16 5
16 17 4
17 18 3
18 19 5
19 36 8
20 35 8
21 24 5
21 22 2
21 22 2
21 23 3
22 24 7
22 23 5
23 24 2
23 25 3
23 26 2
24 27 3
25 26 5
25 28 4
25 29 2
26 27 2
26 30 2
27 30 4
28 32 3
28 32 4
28 29 6
28 31 2
29 30 3
29 31 2
30 31 5
31 32 5
31 32 6
32 32 1
33 34 0
34 35 0
34 36 0
35 36 0
